0 1
1 1
2 1
3 2
4 1
5 1
6 1
7 1
8 1
9 1
10 3
11 1
12 1
13 2
14 1
15 2
16 3
17 1
18 1
19 2
20 1
21 1
22 1
23 1
24 1
25 1
26 1
27 1
28 1
29 1
30 1
31 1
32 3
33 1
34 2
35 1
36 1
37 1
38 1
39 1
40 1
41 3
42 1
43 1
44 1
45 1
46 1
47 1
48 1
49 1
50 1
51 1
52 1
53 1
54 1
55 1
56 4
57 1
58 2
59 1
60 1
61 1
62 1
63 1
64 1
65 1
66 1
67 2
68 1
69 1
70 1
71 4
72 1
73 1
74 1
75 2
76 1
77 1
78 2
79 1
80 1
81 1
82 2
83 1
84 1
85 1
86 1
87 1
88 1
89 1
90 2
91 1
92 1
93 1
94 1
95 1
96 1
97 1
98 3
99 1
100 1
101 1
102 2
103 1
104 1
105 2
106 1
107 2
108 1
109 1
110 1
111 1
112 1
113 1
114 1
115 1
116 1
117 1
118 1
119 1
120 1
121 1
122 1
123 1
124 1
125 1
126 1
127 1
128 2
129 2
130 1
131 1
132 1
133 2
134 2
135 1
136 2
137 1
138 1
139 1
140 1
141 1
142 1
143 1
144 1
145 1
146 1
147 1
148 1
149 1
150 2
151 1
152 1
153 1
154 2
155 1
156 1
157 2
158 2
159 1
160 2
161 1
162 1
163 1
164 1
165 2
166 1
167 2
168 1
169 4
170 1
171 1
172 1
173 1
174 2
175 1
176 1
177 1
178 1
179 1
180 1
181 1
182 1
183 2
184 1
185 1
186 1
187 1
188 1
189 1
190 1
191 1
192 1
193 1
194 1
195 2
196 2
197 3
198 1
199 1
200 1
201 1
202 1
203 1
204 1
205 1
206 1
207 1
208 1
209 1
210 2
211 6
212 2
213 1
214 1
215 1
216 1
217 4
218 1
219 3
220 1
221 1
222 1
223 1
224 4
225 1
226 2
227 1
228 1
229 1
230 1
231 1
232 1
233 2
234 1
235 1
236 3
237 1
238 1
239 1
240 1
241 1
242 1
243 1
244 1
245 1
246 3
247 1
248 1
249 1
250 1
251 2
252 1
253 1
254 1
255 1
256 1
257 1
258 1
259 1
260 1
261 1
262 4
263 1
264 1
265 1
266 1
267 1
268 1
269 1
270 1
271 3
272 3
273 1
274 1
275 1
276 1
277 2
278 1
279 4
280 1
281 1
282 1
283 2
284 1
285 1
286 1
287 16
288 1
289 2
290 1
291 2
292 3
293 1
294 1
295 1
296 1
297 1
298 3
299 2
300 2
301 1
302 1
303 1
304 1
305 1
306 2
307 1
308 1
309 1
310 1
311 1
312 1
313 1
314 1
315 1
316 1
317 1
318 1
319 1
320 1
321 1
322 2
323 1
324 1
325 1
326 1
327 1
328 1
329 1
330 1
331 1
332 3
333 1
334 2
335 3
336 1
337 1
338 1
339 1
340 1
341 1
342 1
343 1
344 1
345 2
346 1
347 2
348 1
349 1
350 1
351 1
352 1
353 1
354 1
355 1
356 1
357 1
