0 1205
1 31
2 1
3 1
4 3
5 1
6 1
7 1
8 2
9 17
10 1
11 1
12 1
13 1
14 1
15 1
16 1
17 1
18 1
19 1
20 1
21 4
22 3
23 1
24 6
25 1
26 2
27 3
28 1
29 1
30 2
31 1
32 2
33 1
34 3
35 1
36 1
37 1
38 2
39 1
40 1
41 1
42 1
43 1
44 2
45 1
46 3
47 2
48 1
49 2
50 1
51 1
52 9
53 3
54 1
55 1
56 1
57 1
58 1
59 2
60 1
61 1
62 6
63 1
64 1
65 1
66 12
67 1
68 1
69 2
70 1
71 1
72 1
73 1
74 4
75 3
76 1
77 1
78 1
79 1
80 4
81 1
82 2
83 1
84 2
85 1
86 1
87 1
88 1
89 1
90 1
91 29
92 1
93 1
94 1
95 1
96 2
97 5
98 1
99 1
100 1
101 1
102 3
103 3
104 1
105 1
106 6
107 3
108 1
109 3
110 5
111 2
112 1
113 1
114 4
115 1
116 2
117 9
118 1
119 1
120 1
121 3
122 1
123 1
124 2
125 1
126 2
127 1
128 1
129 1
130 1
131 1
132 2
133 1
134 7
135 15
136 2
137 1
138 3
139 2
140 6
141 1
142 2
143 1
144 1
145 1
146 1
147 1
148 1
149 2
150 1
151 3
152 1
153 1
154 2
155 1
156 1
157 1
158 4
159 1
160 1
161 2
162 1
163 1
164 1
165 1
166 1
167 1
168 1
169 1
170 1
171 1
172 1
173 4
174 1
175 1
176 2
177 8
178 7
179 1
180 1
181 2
182 1
183 1
184 3
185 3
186 1
187 1
188 3
189 1
190 1
191 1
192 1
193 3
194 1
195 2
196 1
197 2
198 1
199 1
200 3
201 5
202 1
203 2
204 1
205 1
206 1
207 1
208 2
209 33
210 1
211 2
212 1
213 3
214 2
215 1
216 1
217 1
218 2
219 1
220 2
221 3
222 1
223 2
224 1
225 47
226 3
227 1
228 4
229 2
230 1
231 2
232 3
233 1
234 2
235 1
236 2
237 3
238 1
239 1
240 1
241 1
242 2
243 2
244 1
245 1
246 1
247 4
248 2
249 1
250 1
251 1
252 1
253 1
254 1
255 1
256 1
257 1
258 1
259 1
260 1
261 1
262 1
263 2
264 1
265 2
266 2
267 27
268 6
269 1
270 4
271 2
272 1
273 1
274 9
275 1
276 6
277 1
278 14
279 1
280 1
281 3
282 1
283 1
284 1
285 1
286 2
287 4
288 1
289 1
290 1
291 1
292 6
293 1
294 3
295 2
296 1
297 3
298 4
299 1
300 1
301 1
302 1
303 1
304 1
305 1
306 2
307 1
308 1
309 9
310 1
311 1
312 11
313 1
314 1
315 1
316 1
317 4
318 1
319 1
320 2
321 1
322 1
323 2
324 1
325 3
326 1
327 1
328 1
329 6
330 1
331 1
332 1
333 3
334 1
335 1
336 1
337 1
338 1
339 11
340 1
341 1
342 2
343 1
344 1
345 1
346 1
347 1
348 1
349 1
350 1
351 1
352 1
353 1
354 1
355 1
356 11
357 1
358 1
359 1
360 4
361 1
362 2
363 1
364 1
365 2
366 1
367 1
368 1
369 1
370 1
371 1
372 1
373 5
374 1
375 1
376 1
377 1
378 1
379 2
380 1
381 1
382 1
383 5
384 1
385 2
386 1
387 1
388 1
389 1
390 1
391 1
392 7
393 2
394 1
395 1
396 1
397 1
398 1
399 3
400 1
401 1
402 1
403 1
404 2
405 1
406 4
407 2
408 1
409 1
410 1
411 1
412 4
413 1
414 1
415 2
416 17
417 2
418 1
419 1
420 1
421 12
422 1
423 1
424 1
425 1
426 1
427 1
428 4
429 1
430 1
431 1
432 2
433 1
434 3
435 1
436 1
437 2
438 1
439 1
440 1
441 1
442 1
443 2
444 2
445 1
446 1
447 1
448 1
449 2
450 1
451 1
452 1
453 2
454 6
455 1
456 1
457 1
458 1
459 2
460 1
461 1
462 1
463 1
464 1
465 1
466 1
467 2
468 1
469 1
470 1
471 1
472 2
473 1
474 3
475 1
476 1
477 1
478 1
479 1
480 1
481 1
482 1
483 1
484 1
485 1
486 1
487 2
488 1
489 7
490 4
491 1
492 1
493 1
494 1
495 1
496 2
497 1
498 1
499 1
500 2
501 2
502 1
503 1
504 1
505 1
506 6
507 1
508 13
509 1
510 2
511 1
512 1
513 3
514 1
515 1
516 1
517 1
518 1
519 1
520 1
521 1
522 1
523 1
524 75
525 1
526 1
527 1
528 1
529 1
530 3
531 1
532 2
533 3
534 2
535 1
536 1
537 3
538 7
539 1
540 2
541 1
542 2
543 1
544 1
545 1
546 1
547 1
548 1
549 1
550 1
551 9
552 1
553 1
554 2
555 1
556 2
557 1
558 12
559 2
560 6
561 1
562 3
563 1
564 1
565 7
566 7
567 2
568 2
569 2
570 3
571 3
572 1
573 5
574 1
575 1
576 1
577 1
578 1
579 1
580 1
581 1
582 6
583 3
584 1
585 1
586 1
587 28
588 1
589 2
590 1
591 1
592 3
593 2
594 1
595 2
596 2
597 1
598 1
599 1
600 1
601 1
602 2
603 1
604 301
605 1
606 1
607 8
608 1
609 1
610 1
611 1
612 7
613 1
614 1
615 1
616 1
617 2
618 1
619 1
620 1
621 2
622 12
623 1
624 1
625 1
626 1
627 1
628 1
629 1
630 1
631 1
632 1
633 1
634 1
635 2
636 6
637 2
638 1
639 2
640 1
641 1
642 1
643 4
644 2
645 1
646 1
647 1
648 1
649 1
650 1
651 4
652 1
653 1
654 2
655 1
656 1
657 1
658 1
659 1
660 96
661 1
662 2
663 1
664 2
665 2
666 1
667 2
668 2
669 4
670 1
671 3
672 1
673 1
674 5
675 2
676 2
677 1
678 1
679 1
680 1
681 2
682 1
683 1
684 1
685 3
686 1
687 37
688 1
689 20
690 1
691 1
692 1
693 1
694 1
695 5
696 3
697 10
698 1
699 1
700 1
701 1
702 1
703 1
704 1
705 1
706 1
707 2
708 2
709 1
710 1
711 1
712 1
713 1
714 1
715 2
716 1
717 1
718 2
719 2
720 1
721 4
722 1
723 3
724 1
725 1
726 1
727 1
728 1
729 1
730 1
731 1
732 1
733 2
734 1
735 18
736 1
737 1
738 3
739 3
740 9
741 2
742 1
743 1
744 6
745 1
746 1
747 1
748 1
749 1
750 1
751 1
752 1
753 3
754 1
755 5
756 1
757 1
758 2
759 1
760 1
761 1
762 3
763 1
764 1
765 1
766 1
767 1
768 1
769 1
770 1
771 1
772 1
773 1
774 1
775 1
776 5
777 1
778 1
779 11
780 1
781 1
782 1
783 1
784 1
785 1
786 1
787 1
788 1
789 1
790 1
791 2
792 1
793 1
794 1
795 5
796 1
797 2
798 2
799 1
800 2
801 2
802 4
803 1
804 1
805 4
806 5
807 1
808 1
809 1
810 1
811 2
812 1
813 2
814 1
815 4
816 1
817 1
818 1
819 7
820 2
821 2
822 2
823 1
824 2
825 2
826 1
827 1
828 1
829 21
830 13
831 1
832 1
833 1
834 2
835 1
836 1
837 2
838 4
839 2
840 1
841 1
842 1
843 6
844 1
845 1
846 1
847 1
848 6
849 1
850 1
851 1
852 1
853 1
854 1
855 2
856 1
857 1
858 2
859 3
860 8
861 9
862 1
863 4
864 2
865 3
866 1
867 9
868 1
869 1
870 1
871 8
872 3
873 8
874 2
875 1
876 1
877 1
878 1
879 1
880 1
881 1
882 1
883 1
884 1
885 3
886 1
887 1
888 1
889 1
890 1
891 1
892 4
893 1
894 3
895 1
896 1
897 1
898 1
899 1
900 1
901 1
902 1
903 1
904 1
905 1
906 1
907 1
908 1
909 19
910 2
911 1
912 1
913 1
914 1
915 1
916 1
917 1
918 1
919 11
920 1
921 1
922 2
923 1
924 1
925 1
926 2
927 2
928 1
929 1
930 1
931 2
932 23
933 3
934 1
935 29
936 1
937 1
938 1
939 1
940 1
941 1
942 1
943 1
944 2
945 2
946 1
947 1
948 1
949 3
950 2
951 1
952 1
953 1
954 1
955 1
956 1
957 1
958 1
959 2
960 1
961 1
962 1
963 1
964 1
965 1
966 3
967 1
968 1
969 1
970 1
971 1
972 1
973 1
974 3
975 1
976 10
977 1
978 1
979 1
980 1
981 7
982 1
983 2
984 1
985 4
986 5
987 1
988 1
989 1
990 2
991 1
992 5
993 1
994 1
995 1
996 2
997 1
998 3
999 7
1000 1
1001 1
1002 3
1003 26
1004 12
1005 1
1006 1
1007 2
1008 1
1009 1
1010 1
1011 4
1012 1
1013 1
1014 3
1015 1
1016 2
1017 5
1018 1
1019 2
1020 2
1021 1
1022 1
1023 1
1024 2
1025 1
1026 3
1027 2
1028 1
1029 1
1030 1
1031 1
1032 1
1033 1
1034 1
1035 6
1036 4
1037 7
1038 1
1039 1
1040 6
1041 1
1042 2
1043 2
1044 1
1045 3
1046 1
1047 1
1048 2
1049 1
1050 1
1051 2
1052 1
1053 1
1054 1
1055 1
1056 1
1057 2
1058 1
1059 4
1060 4
1061 1
1062 1
1063 1
1064 1
1065 1
1066 1
1067 1
1068 1
1069 1
1070 1
1071 2
1072 1
1073 2
1074 1
1075 1
1076 1
1077 1
1078 1
1079 1
1080 1
1081 2
1082 1
1083 1
1084 1
1085 1
1086 1
1087 1
1088 1
1089 2
1090 3
1091 1
1092 1
1093 1
1094 1
1095 1
1096 1
1097 1
1098 1
1099 1
1100 9
1101 1
1102 1
1103 2
1104 1
1105 1
1106 1
1107 1
1108 3
1109 2
1110 1
1111 7
1112 1
1113 3
1114 5
1115 1
1116 2
1117 5
1118 51
1119 2
1120 4
1121 3
1122 1
1123 1
1124 3
1125 1
1126 1
1127 1
1128 1
1129 1
1130 1
1131 8
1132 1
1133 1
1134 1
1135 1
1136 1
1137 1
1138 1
1139 11
1140 1
1141 4
1142 2
1143 1
1144 4
1145 1
1146 1
1147 1
1148 1
1149 1
1150 2
1151 1
1152 2
1153 1
1154 2
1155 3
1156 1
1157 1
1158 1
1159 1
1160 2
1161 1
1162 1
1163 1
1164 1
1165 1
1166 1
1167 1
1168 1
1169 1
1170 1
1171 1
1172 1
1173 1
1174 2
1175 1
1176 1
1177 1
1178 6
1179 1
1180 5
1181 1
1182 1
1183 1
1184 7
1185 1
1186 1
1187 1
1188 1
1189 2
1190 1
1191 1
1192 2
1193 1
1194 1
1195 1
1196 1
1197 13
1198 1
1199 1
1200 1
1201 1
1202 1
1203 1
1204 2
1205 1
1206 1
1207 1
1208 1
1209 3
1210 1
1211 1
1212 1
1213 1
1214 1
1215 1
1216 1
1217 2
1218 1
1219 3
1220 1
1221 2
1222 1
1223 1
1224 2
1225 2
1226 3
1227 2
1228 2
1229 1
1230 1
1231 3
1232 1
1233 4
1234 1
1235 1
1236 1
1237 2
1238 1
1239 5
1240 1
1241 1
1242 6
1243 1
1244 1
1245 1
1246 1
1247 1
1248 1
1249 1
1250 7
1251 4
1252 1
1253 1
1254 2
1255 1
1256 1
1257 1
1258 1
1259 1
1260 37
1261 1
1262 1
1263 1
1264 2
1265 1
1266 1
1267 1
1268 2
1269 1
1270 4
1271 31
1272 5
1273 2
1274 1
1275 1
1276 1
1277 1
1278 3
1279 260
1280 2
1281 1
1282 1
1283 1
1284 7
1285 1
1286 9
1287 1
1288 3
1289 1
1290 3
1291 1
1292 2
1293 1
1294 3
1295 5
1296 1
1297 1
1298 1
1299 2
1300 1
1301 1
1302 1
1303 2
1304 3
1305 2
1306 2
1307 1
1308 1
1309 1
1310 1
1311 1
1312 1
1313 1
1314 6
1315 22
1316 5
1317 3
1318 3
1319 1
1320 1
1321 2
1322 2
1323 1
1324 1
1325 1
1326 3
1327 1
1328 1
1329 1
1330 3
1331 5
1332 1
1333 2
1334 1
1335 2
1336 2
1337 1
1338 1
1339 1
1340 1
1341 1
1342 1
1343 1
1344 1
1345 1
1346 1
1347 2
1348 1
1349 2
1350 1
1351 2
1352 10
1353 3
1354 1
1355 1
1356 1
1357 3
1358 2
1359 2
1360 1
1361 1
1362 2
1363 1
1364 1
1365 6
1366 5
1367 1
1368 1
1369 1
1370 2
1371 4
1372 1
1373 1
1374 1
1375 1
1376 4
1377 1
1378 13
1379 4
1380 27
1381 1
1382 1
1383 1
1384 1
1385 2
1386 2
1387 1
1388 1
1389 3
1390 1
1391 1
1392 1
1393 2
1394 1
1395 1
1396 1
1397 1
1398 1
1399 2
1400 1
1401 2
1402 1
1403 4
1404 10
1405 1
1406 1
1407 3
1408 1
1409 1
1410 2
1411 6
1412 3
1413 1
1414 12
1415 1
1416 1
1417 2
1418 3
1419 1
1420 1
1421 3
1422 1
1423 1
1424 1
1425 1
1426 2
1427 1
1428 1
1429 1
1430 1
1431 1
1432 2
1433 3
1434 1
1435 1
1436 1
1437 1
1438 1
1439 1
1440 3
1441 1
1442 1
1443 2
1444 2
1445 1
1446 1
1447 1
1448 1
1449 3
1450 1
1451 1
1452 1
1453 12
1454 1
1455 1
1456 5
1457 1
1458 2
1459 1
1460 1
1461 4
1462 1
1463 5
1464 3
1465 2
1466 1
1467 1
1468 1
1469 1
1470 1
1471 1
1472 2
1473 3
1474 1
1475 1
1476 2
1477 1
1478 1
1479 2
1480 4
1481 3
1482 1
1483 1
1484 1
1485 1
1486 7
1487 1
1488 1
1489 1
1490 2
1491 2
1492 5
1493 1
1494 3
1495 1
1496 1
1497 2
1498 1
1499 1
1500 1
1501 1
1502 1
1503 1
1504 1
1505 1
1506 1
1507 1
1508 1
1509 1
1510 4
1511 1
1512 1
1513 23
1514 1
1515 5
1516 1
1517 1
1518 3
1519 1
1520 2
1521 3
1522 2
1523 1
1524 1
1525 1
1526 1
1527 1
1528 2
1529 1
1530 1
1531 1
1532 1
1533 10
1534 1
1535 1
1536 1
1537 2
1538 2
1539 1
1540 5
1541 1
1542 2
1543 1
1544 1
1545 2
1546 1
1547 14
1548 1
1549 1
1550 4
1551 3
1552 2
1553 4
1554 1
1555 1
1556 2
1557 1
1558 1
1559 1
1560 1
1561 2
1562 4
1563 1
1564 1
1565 5
1566 2
1567 1
1568 1
1569 1
1570 1
1571 2
1572 1
1573 1
1574 1
1575 2
1576 2
1577 1
1578 11
1579 2
1580 3
1581 1
1582 1
1583 1
1584 5
1585 4
1586 1
1587 2
1588 1
1589 1
1590 2
1591 1
1592 1
1593 1
1594 1
1595 1
1596 1
1597 1
1598 1
1599 1
1600 1
1601 1
1602 1
1603 1
1604 3
1605 1
1606 2
1607 2
1608 1
1609 4
1610 1
1611 1
1612 1
1613 2
1614 1
1615 2
1616 1
1617 3
1618 1
1619 1
1620 1
1621 1
1622 2
1623 1
1624 1
1625 1
1626 11
1627 3
1628 1
1629 1
1630 1
1631 1
1632 4
1633 1
1634 1
1635 18
1636 1
1637 1
1638 1
1639 28
1640 1
1641 2
1642 1
1643 1
1644 1
1645 3
1646 7
1647 1
1648 1
1649 1
1650 1
1651 2
1652 1
1653 2
1654 1
1655 1
1656 2
1657 1
1658 1
1659 1
1660 1
1661 1
1662 1
1663 1
1664 1
1665 1
1666 1
1667 6
1668 1
1669 1
1670 2
1671 3
1672 1
1673 1
1674 1
1675 1
1676 1
1677 1
1678 3
1679 10
1680 1
1681 1
1682 1
1683 1
1684 1
1685 2
1686 1
1687 4
1688 2
1689 1
1690 1
1691 1
1692 4
1693 2
1694 1
1695 1
1696 1
1697 1
1698 1
1699 1
1700 1
1701 1
1702 3
1703 1
1704 1
1705 5
1706 1
1707 1
1708 1
1709 1
1710 1
1711 10
1712 6
1713 1
1714 1
1715 1
1716 1
1717 2
1718 1
1719 1
1720 5
1721 1
1722 1
1723 1
1724 1
1725 1
1726 2
1727 1
1728 1
1729 1
1730 1
1731 1
1732 1
1733 1
1734 1
1735 1
1736 1
1737 1
1738 2
1739 1
1740 1
1741 1
1742 1
1743 1
1744 1
1745 1
1746 1
1747 5
1748 1
1749 2
1750 1
1751 4
1752 1
1753 1
1754 2
1755 1
1756 1
1757 1
1758 1
1759 1
1760 11
1761 2
1762 1
1763 2
1764 1
1765 1
1766 1
1767 1
1768 28
1769 2
1770 2
1771 1
1772 1
1773 1
1774 1
1775 1
1776 1
1777 4
1778 1
1779 1
1780 1
1781 1
1782 4
1783 1
1784 1
1785 1
1786 2
1787 3
1788 3
1789 1
1790 2
1791 5
1792 1
1793 1
1794 1
1795 4
1796 2
1797 8
1798 4
1799 3
1800 3
1801 6
1802 4
1803 1
1804 1
1805 1
1806 2
1807 1
1808 8
1809 1
1810 1
1811 1
1812 2
1813 1
1814 2
1815 1
1816 1
1817 1
1818 1
1819 1
1820 1
1821 2
1822 1
1823 1
1824 1
1825 1
1826 1
1827 1
1828 1
1829 1
1830 1
1831 4
1832 1
1833 1
1834 1
1835 1
1836 2
1837 1
1838 1
1839 1
1840 1
1841 1
1842 4
1843 18
1844 2
1845 1
1846 1
1847 1
1848 1
1849 2
1850 7
1851 1
1852 1
1853 1
1854 1
1855 3
1856 2
1857 1
1858 1
1859 1
1860 1
1861 1
1862 2
1863 1
1864 1
1865 1
1866 1
1867 1
1868 1
1869 1
1870 1
1871 1
1872 1
1873 3
1874 1
1875 1
1876 1
1877 1
1878 2
1879 1
1880 5
1881 1
1882 1
1883 12
1884 2
1885 1
1886 1
1887 23
1888 1
1889 5
1890 1
1891 1
1892 2
1893 2
1894 2
1895 1
1896 1
1897 1
1898 2
1899 1
1900 6
1901 33
1902 2
1903 1
1904 1
1905 1
1906 1
1907 13
1908 1
1909 1
1910 2
1911 1
1912 1
1913 1
1914 1
1915 4
1916 2
1917 1
1918 1
1919 1
1920 1
1921 1
1922 2
1923 1
1924 1
1925 1
1926 13
1927 2
1928 1
1929 5
1930 1
1931 1
1932 1
1933 2
1934 1
1935 1
1936 2
1937 1
1938 1
1939 1
1940 1
1941 2
1942 3
1943 1
1944 1
1945 1
1946 1
1947 1
1948 3
1949 1
1950 1
1951 1
1952 1
1953 1
1954 1
1955 1
1956 1
1957 21
1958 1
1959 1
1960 1
1961 1
1962 1
1963 1
1964 2
1965 1
1966 1
1967 1
1968 32
1969 6
1970 4
1971 1
1972 1
1973 5
1974 2
1975 1
1976 1
1977 3
1978 1
1979 26
1980 7
1981 3
1982 3
1983 2
1984 2
1985 1
1986 15
1987 1
1988 6
1989 1
1990 8
1991 33
1992 1
1993 1
1994 1
1995 2
1996 1
1997 2
1998 8
1999 1
2000 1
2001 2
2002 1
2003 1
2004 1
2005 1
2006 1
2007 1
2008 1
2009 1
2010 1
2011 2
2012 3
2013 1
2014 1
2015 1
2016 2
2017 2
2018 1
2019 1
2020 8
2021 1
2022 1
2023 1
2024 1
2025 1
2026 1
2027 1
2028 1
2029 1
2030 2
2031 1
2032 1
2033 2
2034 3
2035 1
2036 1
2037 1
2038 1
2039 3
2040 3
2041 1
2042 5
2043 2
2044 1
2045 1
2046 2
2047 1
2048 460
2049 1
2050 1
2051 1
2052 1
2053 6
2054 1
2055 4
2056 3
2057 2
2058 1
2059 1
2060 1
2061 1
2062 1
2063 2
2064 2
2065 1
2066 1
2067 1
2068 1
2069 1
2070 4
2071 1
2072 7
2073 1
2074 1
2075 3
2076 1
2077 1
2078 1
2079 1
2080 1
2081 1
2082 1
2083 4
2084 1
2085 1
2086 2
2087 1
2088 1
2089 1
2090 1
2091 1
2092 2
2093 1
2094 1
2095 1
2096 2
2097 1
2098 2
2099 2
2100 5
2101 1
2102 1
2103 1
2104 2
2105 1
2106 4
2107 1
2108 1
2109 1
2110 7
2111 1
2112 1
2113 1
2114 2
2115 1
2116 1
2117 7
2118 1
2119 1
2120 1
2121 2
2122 1
2123 1
2124 1
2125 1
2126 4
2127 1
2128 4
2129 1
2130 3
2131 1
2132 1
2133 1
2134 1
2135 1
2136 1
2137 1
2138 1
2139 2
2140 1
2141 2
2142 2
2143 1
2144 2
2145 2
2146 1
2147 18
2148 1
2149 2
2150 1
2151 2
2152 12
2153 2
2154 2
2155 1
2156 1
2157 1
2158 1
2159 1
2160 1
2161 1
2162 1
2163 1
2164 1
2165 1
2166 2
2167 1
2168 2
2169 1
2170 1
2171 1
2172 1
2173 1
2174 1
2175 1
2176 1
2177 1
2178 2
2179 1
2180 1
2181 1
2182 1
2183 1
2184 3
2185 3
2186 1
2187 4
2188 1
2189 1
2190 1
2191 1
2192 2
2193 1
2194 1
2195 2
2196 1
2197 1
2198 2
2199 1
2200 1
2201 1
2202 1
2203 10
2204 10
2205 1
2206 1
2207 1
2208 1
2209 1
2210 1
2211 1
2212 1
2213 1
2214 1
2215 1
2216 3
2217 1
2218 1
2219 1
2220 1
2221 1
2222 2
2223 2
2224 1
2225 1
2226 1
2227 1
2228 1
2229 1
2230 2
2231 1
2232 1
2233 1
2234 1
2235 1
2236 6
2237 1
2238 1
2239 1
2240 1
2241 1
2242 1
2243 1
2244 2
2245 1
2246 1
2247 1
2248 3
2249 3
2250 2
2251 1
2252 1
2253 1
2254 1
2255 2
2256 1
2257 1
2258 1
2259 1
2260 2
2261 1
2262 1
2263 1
2264 1
2265 1
2266 1
2267 2
2268 1
2269 1
2270 1
2271 1
2272 1
2273 1
2274 1
2275 3
2276 1
2277 1
2278 1
2279 1
2280 1
2281 1
2282 1
2283 1
2284 1
2285 1
2286 2
2287 4
2288 1
2289 1
2290 1
2291 1
2292 1
2293 1
2294 1
2295 1
2296 16
2297 1
2298 3
2299 1
2300 1
2301 1
2302 1
2303 1
2304 1
2305 3
2306 1
2307 2
2308 3
2309 1
2310 1
2311 1
2312 1
2313 1
2314 1
2315 1
2316 2
2317 1
2318 1
2319 1
2320 1
2321 7
2322 1
2323 1
2324 1
2325 1
2326 1
2327 1
2328 1
2329 2
2330 2
2331 2
2332 3
2333 1
2334 1
2335 3
2336 1
2337 203
2338 5
2339 1
2340 1
2341 1
2342 1
2343 1
2344 1
2345 1
2346 1
2347 1
2348 1
2349 1
2350 3
2351 29
2352 1
2353 1
2354 2
2355 2
2356 2
2357 1
2358 1
2359 1
2360 4
2361 1
2362 1
2363 2
2364 1
2365 3
2366 1
2367 1
2368 1
2369 1
2370 1
2371 1
2372 1
2373 1
2374 1
2375 1
2376 63
2377 5
2378 34
2379 1
2380 1
2381 2
2382 1
2383 1
2384 1
2385 1
2386 1
2387 1
2388 2
2389 2
2390 2
2391 3
2392 2
2393 1
2394 1
2395 1
2396 1
2397 1
2398 1
2399 1
2400 1
2401 3
2402 1
2403 1
2404 1
2405 4
2406 1
2407 1
2408 1
2409 1
2410 1
2411 1
2412 2
2413 1
2414 3
2415 1
2416 1
2417 1
2418 2
2419 1
2420 1
2421 6
2422 1
2423 1
2424 1
2425 6
2426 1
2427 1
2428 1
2429 1
2430 1
2431 1
2432 1
2433 1
2434 1
2435 1
2436 18
2437 1
2438 1
2439 1
2440 1
2441 2
2442 1
2443 1
2444 2
2445 12
2446 1
2447 1
2448 1
2449 1
2450 1
2451 2
2452 1
2453 1
2454 4
2455 1
2456 3
2457 3
2458 1
2459 1
2460 1
2461 1
2462 1
2463 1
2464 1
2465 1
2466 3
2467 1
2468 1
2469 2
2470 5
2471 2
2472 1
2473 2
2474 1
2475 1
2476 1
2477 1
2478 1
2479 1
2480 3
2481 5
2482 17
2483 1
2484 1
2485 1
2486 1
2487 1
2488 1
2489 2
2490 1
2491 1
2492 6
2493 1
2494 1
2495 1
2496 1
2497 19
2498 2
2499 1
2500 1
2501 2
2502 1
2503 2
2504 1
2505 1
2506 7
2507 1
2508 1
2509 6
2510 1
2511 50
2512 1
2513 2
2514 1
2515 1
2516 1
2517 6
2518 1
2519 1
2520 4
2521 1
2522 1
2523 1
2524 1
2525 1
2526 1
2527 1
2528 1
2529 4
2530 1
2531 1
2532 2
2533 2
2534 2
2535 1
2536 2
2537 1
2538 1
2539 1
2540 1
2541 1
2542 1
2543 2
2544 1
2545 1
2546 1
2547 1
2548 2
2549 1
2550 1
2551 2
2552 1
2553 1
2554 1
2555 1
2556 1
2557 2
2558 2
2559 2
2560 1
2561 1
2562 1
2563 2
2564 2
2565 1
2566 4
2567 1
2568 2
2569 1
2570 1
2571 1
2572 1
2573 1
2574 4
2575 1
2576 1
2577 1
2578 1
2579 1
2580 1
2581 1
2582 1
2583 38
2584 1
2585 1
2586 1
2587 1
2588 1
2589 1
2590 1
2591 1
2592 2
2593 1
2594 1
2595 1
2596 1
2597 2
2598 1
2599 1
2600 1
2601 1
2602 1
2603 1
2604 1
2605 1
2606 1
2607 1
2608 1
2609 1
2610 1
2611 1
2612 1
2613 1
2614 2
2615 7
2616 1
2617 1
2618 1
2619 1
2620 1
2621 7
2622 2
2623 2
2624 1
2625 1
2626 2
2627 1
2628 3
2629 2
2630 1
2631 1
2632 2
2633 2
2634 2
2635 1
2636 1
2637 18
2638 1
2639 1
2640 1
2641 5
2642 1
2643 1
2644 1
2645 3
2646 1
2647 3
2648 1
2649 1
2650 1
2651 1
2652 1
2653 13
2654 1
2655 2
2656 1
2657 5
2658 1
2659 2
2660 1
2661 1
2662 1
2663 5
2664 8
2665 1
2666 1
2667 1
2668 5
2669 2
2670 2
2671 1
2672 1
2673 6
2674 2
2675 1
2676 2
2677 1
2678 1
2679 2
2680 1
2681 1
2682 1
2683 1
2684 40
2685 1
2686 5
2687 1
2688 1
2689 2
2690 4
2691 1
2692 1
2693 1
2694 1
2695 1
2696 1
2697 1
2698 1
2699 1
2700 1
2701 1
2702 1
2703 1
2704 1
2705 1
2706 1
2707 2
2708 1
2709 2
2710 1
2711 1
2712 1
2713 1
2714 1
2715 5
2716 1
2717 6
2718 1
2719 1
2720 6
2721 1
2722 1
2723 1
2724 1
2725 1
2726 2
2727 1
2728 1
2729 2
2730 1
2731 1
2732 5
2733 3
2734 2
2735 1
2736 1
2737 1
2738 1
2739 8
2740 1
2741 1
2742 1
2743 7
2744 1
2745 4
2746 1
2747 40
2748 3
2749 2
2750 1
2751 1
2752 1
2753 1
2754 1
2755 1
2756 10
2757 1
2758 1
2759 52
2760 34
2761 13
2762 1
2763 1
2764 7
2765 1
2766 1
2767 1
2768 3
2769 1
2770 3
2771 4
2772 3
2773 1
2774 1
2775 16
2776 2
2777 1
2778 1
2779 2
2780 1
2781 1
2782 1
2783 1
2784 4
2785 1
2786 1
2787 1
2788 1
2789 3
2790 3
2791 1
2792 1
2793 2
2794 1
2795 1
2796 2
2797 1
2798 1
2799 1
2800 1
2801 4
2802 1
2803 1
2804 5
2805 1
2806 2
2807 1
2808 1
2809 1
2810 1
2811 4
2812 1
2813 3
2814 3
2815 1
2816 1
2817 1
2818 1
2819 1
2820 1
2821 1
2822 12
2823 1
2824 1
2825 6
2826 1
2827 1
2828 284
2829 1
2830 1
2831 1
2832 2
2833 1
2834 1
2835 3
2836 1
2837 1
2838 1
2839 1
2840 1
2841 1
2842 1
2843 1
2844 1
2845 1
2846 1
2847 1
2848 1
2849 1
2850 1
2851 1
2852 1
2853 1
2854 1
2855 1
2856 1
2857 1
2858 1
2859 2
2860 1
2861 1
2862 2
2863 1
2864 3
2865 1
2866 1
2867 1
2868 2
2869 1
2870 1
2871 1
2872 2
2873 1
2874 1
2875 2
2876 1
2877 1
2878 1
2879 1
2880 1
2881 1
2882 7
2883 2
2884 1
2885 2
2886 1
2887 1
2888 1
2889 1
2890 1
2891 1
2892 1
2893 1
2894 1
2895 1
2896 1
2897 3
2898 1
2899 1
2900 1
2901 3
2902 1
2903 4
2904 4
2905 1
2906 1
2907 1
2908 1
2909 1
2910 2
2911 3
2912 1
2913 1
2914 4
2915 1
2916 2
2917 2
2918 1
2919 1
2920 1
2921 2
2922 2
2923 2
2924 7
2925 1
2926 1
2927 2
2928 1
2929 1
2930 2
2931 2
2932 1
2933 1
2934 1
2935 1
2936 1
2937 2
2938 1
2939 3
2940 2
2941 2
2942 4
2943 1
2944 1
2945 1
2946 1
2947 1
2948 4
2949 2
2950 5
2951 1
2952 1
2953 2
2954 1
2955 2
2956 1
2957 2
2958 1
2959 4
2960 1
2961 1
2962 1
2963 1
2964 1
2965 1
2966 1
2967 2
2968 1
2969 2
2970 1
2971 1
2972 1
2973 6
2974 5
2975 4
2976 1
2977 1
2978 3
2979 1
2980 1
2981 1
2982 2
2983 3
2984 1
2985 4
2986 2
2987 1
2988 5
2989 1
2990 1
2991 2
2992 1
2993 1
2994 1
2995 1
2996 1
2997 2
2998 7
2999 3
3000 1
3001 1
3002 2
3003 1
3004 1
3005 1
3006 2
3007 8
3008 1
3009 1
3010 1
3011 1
3012 1
3013 1
3014 3
3015 2
3016 1
3017 1
3018 1
3019 1
3020 1
3021 1
3022 4
3023 2
3024 1
3025 1
3026 1
3027 2
3028 1
3029 1
3030 1
3031 1
3032 1
3033 1
3034 1
3035 1
3036 3
3037 1
3038 12
3039 4
3040 1
3041 1
3042 1
3043 1
3044 1
3045 4
3046 1
3047 1
3048 1
3049 3
3050 4
3051 1
3052 2
3053 1
3054 1
3055 4
3056 1
3057 1
3058 1
3059 24
3060 14
3061 1
3062 1
3063 2
3064 7
3065 16
3066 1
3067 2
3068 1
3069 1
3070 1
3071 1
3072 1
3073 1
3074 15
3075 1
3076 1
3077 5
3078 4
3079 2
3080 1
3081 2
3082 1
3083 1
3084 1
3085 1
3086 3
3087 5
3088 1
3089 1
3090 2
3091 1
3092 2
3093 1
3094 28
3095 1
3096 1
3097 1
3098 3
3099 1
3100 1
3101 1
3102 2
3103 1
3104 1
3105 1
3106 6
3107 1
3108 1
3109 1
3110 1
3111 1
3112 1
3113 1
3114 1
3115 2
3116 1
3117 1
3118 1
3119 1
3120 2
3121 2
3122 4
3123 1
3124 1
3125 1
3126 2
3127 1
3128 1
3129 1
3130 4
3131 14
3132 1
3133 1
3134 1
3135 1
3136 1
3137 1
3138 1
3139 1
3140 2
3141 1
3142 3
3143 8
3144 1
3145 2
3146 1
3147 1
3148 1
3149 1
3150 1
3151 1
3152 1
3153 1
3154 1
3155 1
3156 1
3157 1
3158 1
