0 1360
1 1
2 25
3 1
4 1
5 1
6 1
7 1
8 1
9 1
10 1
11 1
12 1
13 1
14 1
15 1
16 1
17 1
18 1
19 9
20 2
21 1
22 1
23 1
24 2
25 1
26 1
27 1
28 1
29 1
30 2
31 1
32 1
33 1
34 1
35 1
36 2
37 1
38 1
39 2
40 1
41 1
42 1
43 1
44 1
45 7
46 2
47 1
48 2
49 1
50 4
51 1
52 1
53 1
54 1
55 1
56 1
57 1
58 1
59 1
60 1
61 1
62 4
63 2
64 1
65 1
66 1
67 1
68 1
69 1
70 1
71 1
72 1
73 1
74 1
75 3
76 3
77 2
78 1
79 3
80 1
81 1
82 1
83 1
84 1
85 1
86 41
87 1
88 1
89 1
90 1
91 4
92 1
93 1
94 1
95 1
96 1
97 2
98 2
99 3
100 1
101 1
102 12
103 1
104 1
105 1
106 1
107 5
108 1
109 2
110 1
111 12
112 3
113 1
114 4
115 1
116 3
117 1
118 1
119 2
120 13
121 1
122 2
123 1
124 1
125 7
126 1
127 1
128 1
129 1
130 1
131 1
132 1
133 2
134 1
135 1
136 1
137 1
138 1
139 1
140 3
141 2
142 4
143 1
144 2
145 1
146 2
147 10
148 1
149 1
150 1
151 1
152 1
153 1
154 1
155 9
156 1
157 1
158 1
159 1
160 2
161 1
162 2
163 1
164 5
165 7
166 1
167 1
168 5
169 1
170 1
171 4
172 1
173 1
174 2
175 3
176 2
177 1
178 1
179 1
180 1
181 6
182 1
183 1
184 1
185 1
186 1
187 4
188 10
189 2
190 2
191 2
192 1
193 2
194 1
195 1
196 1
197 12
198 1
199 1
200 1
201 1
202 1
203 2
204 1
205 3
206 1
207 2
208 1
209 2
210 43
211 4
212 3
213 1
214 1
215 3
216 4
217 1
218 1
219 1
220 1
221 2
222 1
223 1
224 1
225 1
226 1
227 3
228 1
229 1
230 1
231 1
232 1
233 1
234 1
235 13
236 1
237 1
238 1
239 1
240 1
241 1
242 1
243 1
244 1
245 1
246 2
247 1
248 1
249 1
250 56
251 3
252 5
253 4
254 1
255 1
256 1
257 1
258 8
259 1
260 1
261 1
262 1
263 1
264 1
265 13
266 2
267 1
268 1
269 2
270 1
271 1
272 1
273 2
274 1
275 1
276 1
277 1
278 1
279 1
280 3
281 2
282 1
283 2
284 1
285 4
286 1
287 1
288 4
289 2
290 1
291 1
292 3
293 1
294 2
295 2
296 1
297 8
298 1
299 1
300 1
301 1
302 7
303 1
304 1
305 1
306 1
307 1
308 1
309 5
310 1
311 1
312 2
313 3
314 1
315 2
316 1
317 16
318 1
319 2
320 1
321 1
322 1
323 1
324 2
325 2
326 1
327 1
328 1
329 1
330 1
331 1
332 2
333 1
334 7
335 1
336 2
337 1
338 1
339 1
340 1
341 1
342 1
343 1
344 4
345 12
346 1
347 2
348 3
349 1
350 1
351 1
352 1
353 1
354 1
355 1
356 1
357 1
358 1
359 8
360 1
361 1
362 12
363 1
364 1
365 1
366 2
367 1
368 1
369 1
370 4
371 5
372 4
373 3
374 1
375 2
376 5
377 1
378 1
379 1
380 1
381 1
382 1
383 2
384 1
385 1
386 1
387 29
388 1
389 1
390 4
391 1
392 1
393 1
394 1
395 1
396 1
397 1
398 1
399 1
400 1
401 9
402 1
403 3
404 1
405 1
406 1
407 1
408 2
409 1
410 1
411 1
412 1
413 1
414 1
415 3
416 1
417 1
418 1
419 2
420 1
421 1
422 6
423 1
424 2
425 1
426 1
427 1
428 1
429 1
430 1
431 1
432 1
433 1
434 3
435 1
436 7
437 1
438 2
439 1
440 1
441 1
442 1
443 1
444 1
445 2
446 1
447 1
448 1
449 1
450 30
451 1
452 1
453 1
454 1
455 1
456 1
457 1
458 1
459 1
460 4
461 1
462 1
463 1
464 1
465 6
466 1
467 1
468 1
469 1
470 1
471 1
472 1
473 1
474 1
475 1
476 1
477 3
478 1
479 5
480 1
481 6
482 2
483 16
484 1
485 1
486 1
487 1
488 3
489 1
490 42
491 1
492 1
493 2
494 3
495 2
496 1
497 19
498 55
499 1
500 1
501 1
502 1
503 1
504 1
505 5
506 1
507 2
508 1
509 1
510 1
511 1
512 1
513 1
514 1
515 1
516 1
517 1
518 7
519 3
520 1
521 8
522 1
523 1
524 1
525 1
526 1
527 1
528 7
529 1
530 3
531 1
532 1
533 1
534 1
535 8
536 9
537 5
538 1
539 1
540 1
541 10
542 1
543 2
544 6
545 1
546 1
547 3
548 1
549 4
550 2
551 8
552 1
553 1
554 3
555 1
556 1
557 1
558 1
559 3
560 1
561 2
562 10
563 1
564 1
565 1
566 1
567 9
568 1
569 2
570 1
571 1
572 1
573 2
574 2
575 1
576 2
577 1
578 1
579 1
580 5
581 1
582 1
583 1
584 1
585 1
586 1
587 3
588 2
589 2
590 1
591 1
592 1
593 1
594 2
595 275
596 1
597 1
598 3
599 1
600 1
601 9
602 1
603 1
604 1
605 3
606 2
607 1
608 1
609 1
610 1
611 3
612 2
613 1
614 1
615 13
616 1
617 1
618 2
619 1
620 1
621 1
622 1
623 1
624 2
625 2
626 1
627 1
628 1
629 1
630 3
631 1
632 1
633 1
634 2
635 3
636 2
637 1
638 1
639 3
640 1
641 1
642 1
643 1
644 2
645 3
646 2
647 1
648 128
649 1
650 1
651 1
652 2
653 1
654 3
655 3
656 1
657 1
658 1
659 1
660 1
661 1
662 1
663 1
664 2
665 3
666 1
667 1
668 1
669 1
670 1
671 1
672 2
673 1
674 1
675 2
676 1
677 1
678 5
679 1
680 1
681 1
682 1
683 1
684 1
685 1
686 1
687 3
688 1
689 7
690 1
691 4
692 1
693 1
694 4
695 2
696 1
697 1
698 1
699 2
700 1
701 1
702 6
703 1
704 1
705 1
706 1
707 2
708 9
709 1
710 1
711 14
712 1
713 1
714 3
715 1
716 1
717 1
718 1
719 4
720 1
721 1
722 2
723 2
724 1
725 2
726 3
727 1
728 1
729 2
730 3
731 2
732 1
733 2
734 1
735 2
736 1
737 1
738 1
739 1
740 1
741 1
742 1
743 4
744 2
745 1
746 1
747 1
748 1
749 2
750 1
751 1
752 1
753 1
754 1
755 1
756 22
757 1
758 1
759 1
760 1
761 1
762 2
763 1
764 1
765 1
766 1
767 1
768 1
769 1
770 5
771 2
772 1
773 1
774 1
775 1
776 2
777 4
778 2
779 1
780 1
781 1
782 1
783 1
784 2
785 1
786 1
787 1
788 1
789 1
790 1
791 2
792 1
793 1
794 1
795 1
796 1
797 1
798 1
799 1
800 1
801 3
802 2
803 1
804 7
805 3
806 1
807 4
808 1
809 1
810 1
811 1
812 1
813 35
814 10
815 1
816 1
817 1
818 1
819 4
820 1
821 2
822 1
823 1
824 1
825 3
826 1
827 1
828 6
829 2
830 1
831 1
832 6
833 2
834 1
835 2
836 1
837 1
838 1
839 1
840 3
841 1
842 1
843 2
844 1
845 1
846 10
847 1
848 38
849 2
850 1
851 1
852 1
853 1
854 1
855 1
856 5
857 2
858 1
859 1
860 3
861 7
862 1
863 1
864 1
865 3
866 1
867 1
868 1
869 1
870 1
871 2
872 1
873 1
874 1
875 1
876 1
877 1
878 1
879 1
880 1
881 2
882 1
883 9
884 1
885 1
886 1
887 5
888 1
889 1
890 2
891 2
892 1
893 1
894 1
895 1
896 2
897 1
898 1
899 2
900 1
901 1
902 1
903 1
904 2
905 1
906 1
907 1
908 21
909 4
910 14
911 1
912 1
913 1
914 1
915 1
916 1
917 2
918 1
919 5
920 1
921 1
922 1
923 1
924 1
925 1
926 1
927 5
928 1
929 1
930 1
931 1
932 1
933 1
934 31
935 1
936 3
937 1
938 1
939 2
940 1
941 1
942 1
943 1
944 1
945 1
946 2
947 1
948 1
949 1
950 1
951 1
952 6
953 1
954 3
955 2
956 1
957 1
958 3
959 1
960 1
961 1
962 1
963 3
964 2
965 1
966 2
967 2
968 1
969 4
970 1
971 2
972 1
973 1
974 1
975 1
976 1
977 1
978 1
979 5
980 1
981 1
982 1
983 1
984 2
985 2
986 1
987 1
988 1
989 1
990 1
991 2
992 4
993 1
994 2
995 1
996 2
997 1
998 4
999 32
1000 11
1001 1
1002 1
1003 1
1004 3
1005 1
1006 21
1007 1
1008 7
1009 1
1010 1
1011 1
1012 1
1013 2
1014 1
1015 1
1016 1
1017 2
1018 1
1019 4
1020 12
1021 3
1022 4
1023 1
1024 2
1025 1
1026 3
1027 1
1028 2
1029 1
1030 2
1031 1
1032 1
1033 1
1034 2
1035 3
1036 1
1037 1
1038 1
1039 1
1040 1
1041 1
1042 1
1043 1
1044 1
1045 1
1046 2
1047 7
1048 1
1049 1
1050 4
1051 1
1052 2
1053 1
1054 2
1055 1
1056 1
1057 16
1058 1
1059 1
1060 3
1061 1
1062 1
1063 1
1064 6
1065 1
1066 1
1067 4
1068 1
1069 1
1070 1
1071 1
1072 1
1073 1
1074 1
1075 1
1076 2
1077 1
1078 1
1079 1
1080 1
1081 1
1082 1
1083 1
1084 1
1085 1
1086 1
1087 1
1088 2
1089 8
1090 1
1091 1
1092 3
1093 1
1094 1
1095 1
1096 1
1097 6
1098 1
1099 1
1100 1
1101 3
1102 2
1103 63
1104 1
1105 1
1106 1
1107 1
1108 1
1109 1
1110 1
1111 1
1112 1
1113 1
1114 1
1115 1
1116 6
1117 1
1118 1
1119 4
1120 2
1121 1
1122 1
1123 1
1124 1
1125 8
1126 1
1127 1
1128 3
1129 1
1130 1
1131 4
1132 1
1133 6
1134 8
1135 1
1136 4
1137 1
1138 1
1139 3
1140 2
1141 1
1142 1
1143 1
1144 4
1145 1
1146 1
1147 1
1148 1
1149 4
1150 1
1151 2
1152 1
1153 2
1154 1
1155 16
1156 1
1157 1
1158 3
1159 2
1160 2
1161 1
1162 2
1163 3
1164 1
1165 3
1166 1
1167 1
1168 1
1169 1
1170 1
1171 2
1172 2
1173 1
1174 1
1175 1
1176 1
1177 1
1178 1
1179 14
1180 2
1181 1
1182 2
1183 1
1184 1
1185 5
1186 1
1187 1
1188 1
1189 1
1190 1
1191 1
1192 1
1193 1
1194 1
1195 1
1196 1
1197 1
1198 2
1199 2
1200 1
1201 2
1202 1
1203 1
1204 1
1205 1
1206 2
1207 4
1208 2
1209 3
1210 1
1211 1
1212 1
1213 1
1214 1
1215 1
1216 2
1217 3
1218 2
1219 2
1220 3
1221 1
1222 1
1223 2
1224 1
1225 1
1226 8
1227 1
1228 1
1229 2
1230 2
1231 1
1232 2
1233 1
1234 1
1235 1
1236 1
1237 1
1238 1
1239 1
1240 1
1241 1
1242 27
1243 1
1244 1
1245 1
1246 1
1247 1
1248 1
1249 1
1250 1
1251 1
1252 1
1253 1
1254 1
1255 2
1256 1
1257 1
1258 1
1259 1
1260 1
1261 1
1262 2
1263 1
1264 2
1265 269
1266 2
1267 2
1268 3
1269 1
1270 1
1271 2
1272 1
1273 1
1274 1
1275 2
1276 5
1277 3
1278 1
1279 1
1280 1
1281 1
1282 2
1283 1
1284 1
1285 1
1286 1
1287 3
1288 1
1289 1
1290 1
1291 1
1292 1
1293 1
1294 1
1295 1
1296 1
1297 2
1298 1
1299 1
1300 4
1301 6
1302 1
1303 2
1304 35
1305 1
1306 1
1307 2
1308 1
1309 2
1310 2
1311 5
1312 1
1313 1
1314 2
1315 2
1316 1
1317 1
1318 1
1319 1
1320 2
1321 2
1322 1
1323 1
1324 1
1325 18
1326 1
1327 1
1328 1
1329 2
1330 1
1331 1
1332 1
1333 1
1334 4
1335 2
1336 6
1337 1
1338 3
1339 1
1340 1
1341 2
1342 1
1343 2
1344 1
1345 1
1346 1
1347 1
1348 2
1349 1
1350 1
1351 2
1352 2
1353 1
1354 4
1355 1
1356 1
1357 1
1358 1
1359 3
1360 1
1361 1
1362 4
1363 1
1364 7
1365 1
1366 1
1367 26
1368 1
1369 2
1370 1
1371 1
1372 1
1373 1
1374 1
1375 1
1376 1
1377 1
1378 2
1379 1
1380 1
1381 1
1382 1
1383 1
1384 1
1385 1
1386 1
1387 1
1388 5
1389 1
1390 1
1391 2
1392 1
1393 3
1394 9
1395 2
1396 1
1397 1
1398 2
1399 2
1400 12
1401 1
1402 1
1403 1
1404 4
1405 1
1406 1
1407 1
1408 2
1409 1
1410 1
1411 13
1412 5
1413 1
1414 1
1415 5
1416 7
1417 1
1418 1
1419 1
1420 2
1421 1
1422 1
1423 1
1424 1
1425 1
1426 1
1427 1
1428 2
1429 1
1430 2
1431 1
1432 1
1433 1
1434 2
1435 1
1436 2
1437 1
1438 1
1439 1
1440 1
1441 1
1442 5
1443 1
1444 1
1445 1
1446 10
1447 6
1448 2
1449 1
1450 2
1451 6
1452 1
1453 3
1454 1
1455 3
1456 1
1457 1
1458 1
1459 9
1460 1
1461 1
1462 1
1463 1
1464 6
1465 2
1466 1
1467 1
1468 1
1469 3
1470 1
1471 1
1472 8
1473 1
1474 1
1475 1
1476 2
1477 1
1478 1
1479 1
1480 3
1481 1
1482 1
1483 1
1484 1
1485 1
1486 1
1487 1
1488 1
1489 2
1490 1
1491 1
1492 1
1493 1
1494 2
1495 2
1496 1
1497 1
1498 1
1499 1
1500 1
1501 1
1502 1
1503 1
1504 1
1505 1
1506 1
1507 1
1508 1
1509 4
1510 1
1511 1
1512 12
1513 1
1514 1
1515 2
1516 1
1517 2
1518 2
1519 1
1520 2
1521 3
1522 1
1523 1
1524 1
1525 1
1526 5
1527 12
1528 1
1529 1
1530 1
1531 5
1532 1
1533 2
1534 1
1535 1
1536 1
1537 1
1538 1
1539 5
1540 1
1541 1
1542 1
1543 15
1544 1
1545 1
1546 1
1547 1
1548 1
1549 1
1550 1
1551 1
1552 1
1553 3
1554 6
1555 1
1556 1
1557 1
1558 1
1559 2
1560 1
1561 2
1562 1
1563 1
1564 1
1565 1
1566 3
1567 1
1568 1
1569 1
1570 1
1571 2
1572 2
1573 1
1574 1
1575 1
1576 1
1577 1
1578 1
1579 1
1580 15
1581 2
1582 1
1583 3
1584 1
1585 1
1586 2
1587 4
1588 1
1589 1
1590 3
1591 1
1592 2
1593 1
1594 1
1595 1
1596 1
1597 1
1598 8
1599 3
1600 2
1601 2
1602 1
1603 1
1604 1
1605 1
1606 1
1607 1
1608 1
1609 1
1610 2
1611 1
1612 1
1613 3
1614 1
1615 3
1616 1
1617 1
1618 1
1619 1
1620 2
1621 6
1622 3
1623 1
1624 1
1625 1
1626 4
1627 3
1628 1
1629 1
1630 4
1631 1
1632 1
1633 1
1634 1
1635 17
1636 3
1637 1
1638 27
1639 1
1640 1
1641 1
1642 1
1643 1
1644 1
1645 1
1646 3
1647 6
1648 2
1649 1
1650 2
1651 4
1652 1
1653 1
1654 1
1655 1
1656 1
1657 2
1658 1
1659 3
1660 1
1661 1
1662 1
1663 1
1664 1
1665 5
1666 1
1667 1
1668 1
1669 1
1670 1
1671 2
1672 2
1673 1
1674 9
1675 8
1676 2
1677 4
1678 3
1679 4
1680 5
1681 10
1682 1
1683 1
1684 2
1685 1
1686 2
1687 1
1688 1
1689 1
1690 2
1691 2
1692 2
1693 2
1694 1
1695 1
1696 3
1697 1
1698 1
1699 1
1700 1
1701 1
1702 1
1703 1
1704 4
1705 1
1706 1
1707 3
1708 1
1709 3
1710 6
1711 1
1712 1
1713 1
1714 1
1715 3
1716 1
1717 2
1718 1
1719 1
1720 1
1721 5
1722 1
1723 1
1724 2
1725 1
1726 1
1727 1
1728 1
1729 1
1730 5
1731 1
1732 1
1733 1
1734 5
1735 2
1736 19
1737 1
1738 3
1739 1
1740 2
1741 1
1742 1
1743 2
1744 3
1745 3
1746 1
1747 3
1748 1
1749 1
1750 3
1751 3
1752 1
1753 2
1754 3
1755 1
1756 1
1757 1
1758 1
1759 4
1760 5
1761 1
1762 2
1763 1
1764 1
1765 1
1766 1
1767 1
1768 1
1769 8
1770 1
1771 1
1772 1
1773 1
1774 8
1775 1
1776 1
1777 1
1778 1
1779 1
1780 6
1781 4
1782 1
1783 1
1784 1
1785 2
1786 1
1787 1
1788 1
1789 2
1790 1
1791 2
1792 1
1793 1
1794 1
1795 1
1796 1
1797 2
1798 1
1799 1
1800 1
1801 1
1802 2
1803 2
1804 1
1805 1
1806 1
1807 8
1808 11
1809 1
1810 1
1811 1
1812 1
1813 1
1814 1
1815 1
1816 1
1817 5
1818 1
1819 1
1820 13
1821 1
1822 3
1823 1
1824 2
1825 2
1826 1
1827 2
1828 1
1829 4
1830 1
1831 2
1832 1
1833 7
1834 1
1835 1
1836 1
1837 1
1838 1
1839 6
1840 2
1841 1
1842 1
1843 1
1844 2
1845 1
1846 2
1847 1
1848 1
1849 1
1850 1
1851 1
1852 1
1853 1
1854 1
1855 3
1856 1
1857 1
1858 1
1859 2
1860 1
1861 35
1862 1
1863 1
1864 12
1865 1
1866 5
1867 1
1868 1
1869 1
1870 1
1871 1
1872 1
1873 1
1874 1
1875 1
1876 38
1877 4
1878 1
1879 2
1880 1
1881 1
1882 10
1883 1
1884 1
1885 1
1886 1
1887 1
1888 1
1889 2
1890 1
1891 1
1892 2
1893 1
1894 1
1895 1
1896 1
1897 1
1898 1
1899 1
1900 1
1901 1
1902 1
1903 3
1904 6
1905 1
1906 1
1907 1
1908 10
1909 1
1910 1
1911 1
1912 1
1913 1
1914 1
1915 1
1916 2
1917 3
1918 1
1919 1
1920 1
1921 1
1922 2
1923 1
1924 2
1925 1
1926 2
1927 1
1928 1
1929 1
1930 1
1931 3
1932 1
1933 1
1934 3
1935 1
1936 1
1937 1
1938 1
1939 1
1940 5
1941 1
1942 4
1943 1
1944 2
1945 6
1946 1
1947 2
1948 1
1949 2
1950 1
1951 1
1952 1
1953 1
1954 1
1955 1
1956 1
1957 3
1958 1
1959 3
1960 3
1961 1
1962 1
1963 1
1964 1
1965 2
1966 7
1967 24
1968 5
1969 1
1970 1
1971 1
1972 4
1973 3
1974 1
1975 1
1976 1
1977 1
1978 1
1979 3
1980 1
1981 4
1982 2
1983 7
1984 1
1985 22
1986 1
1987 1
1988 1
1989 1
1990 1
1991 1
1992 4
1993 1
1994 1
1995 2
1996 1
1997 1
1998 1
1999 2
2000 1
2001 19
2002 1
2003 2
2004 2
2005 1
2006 1
2007 4
2008 1
2009 1
2010 1
2011 2
2012 1
2013 1
2014 1
2015 8
2016 1
2017 3
2018 3
2019 1
2020 1
2021 1
2022 1
2023 1
2024 1
2025 1
2026 1
2027 1
2028 1
2029 1
2030 1
2031 1
2032 1
2033 1
2034 1
2035 1
2036 1
2037 1
2038 1
2039 1
2040 1
2041 1
2042 1
2043 450
2044 1
2045 1
2046 1
2047 7
2048 1
2049 2
2050 6
2051 3
2052 1
2053 1
2054 2
2055 1
2056 1
2057 2
2058 2
2059 4
2060 1
2061 3
2062 1
2063 1
2064 1
2065 1
2066 1
2067 1
2068 3
2069 2
2070 1
2071 1
2072 1
2073 1
2074 4
2075 1
2076 4
2077 1
2078 1
2079 1
2080 1
2081 2
2082 1
2083 2
2084 1
2085 1
2086 2
2087 2
2088 2
2089 1
2090 1
2091 2
2092 2
2093 7
2094 1
2095 1
2096 1
2097 2
2098 1
2099 1
2100 5
2101 1
2102 5
2103 2
2104 1
2105 1
2106 2
2107 1
2108 5
2109 1
2110 2
2111 1
2112 1
2113 1
2114 3
2115 1
2116 1
2117 7
2118 1
2119 1
2120 1
2121 1
2122 1
2123 1
2124 2
2125 1
2126 1
2127 1
2128 1
2129 1
2130 1
2131 1
2132 1
2133 3
2134 1
2135 1
2136 1
2137 1
2138 2
2139 1
2140 1
2141 4
2142 1
2143 1
2144 2
2145 1
2146 23
2147 1
2148 2
2149 1
2150 1
2151 20
2152 1
2153 2
2154 1
2155 1
2156 2
2157 1
2158 1
2159 1
2160 1
2161 1
2162 1
2163 1
2164 2
2165 1
2166 1
2167 1
2168 1
2169 2
2170 1
2171 2
2172 1
2173 10
2174 1
2175 1
2176 1
2177 2
2178 1
2179 2
2180 1
2181 1
2182 1
2183 1
2184 3
2185 1
2186 1
2187 1
2188 5
2189 1
2190 3
2191 1
2192 2
2193 1
2194 1
2195 1
2196 1
2197 1
2198 2
2199 2
2200 2
2201 1
2202 7
2203 1
2204 1
2205 1
2206 1
2207 1
2208 9
2209 7
2210 1
2211 1
2212 1
2213 1
2214 1
2215 2
2216 1
2217 1
2218 1
2219 1
2220 1
2221 1
2222 3
2223 2
2224 1
2225 3
2226 1
2227 1
2228 1
2229 1
2230 1
2231 1
2232 1
2233 2
2234 1
2235 3
2236 3
2237 1
2238 1
2239 1
2240 1
2241 1
2242 3
2243 1
2244 2
2245 1
2246 1
2247 3
2248 1
2249 23
2250 1
2251 2
2252 1
2253 1
2254 1
2255 1
2256 1
2257 1
2258 1
2259 1
2260 1
2261 3
2262 1
2263 1
2264 1
2265 1
2266 1
2267 1
2268 1
2269 1
2270 1
2271 1
2272 1
2273 1
2274 3
2275 1
2276 1
2277 1
2278 3
2279 1
2280 3
2281 1
2282 2
2283 1
2284 2
2285 1
2286 1
2287 2
2288 1
2289 6
2290 1
2291 1
2292 4
2293 1
2294 1
2295 1
2296 6
2297 3
2298 1
2299 2
2300 8
2301 1
2302 1
2303 1
2304 1
2305 1
2306 16
2307 1
2308 1
2309 1
2310 1
2311 3
2312 2
2313 1
2314 1
2315 1
2316 1
2317 1
2318 1
2319 1
2320 1
2321 1
2322 1
2323 1
2324 1
2325 3
2326 17
2327 1
2328 1
2329 1
2330 1
2331 2
2332 1
2333 1
2334 2
2335 1
2336 1
2337 1
2338 1
2339 190
2340 1
2341 8
2342 1
2343 1
2344 1
2345 1
2346 1
2347 25
2348 1
2349 1
2350 2
2351 1
2352 2
2353 1
2354 1
2355 7
2356 1
2357 1
2358 1
2359 2
2360 2
2361 3
2362 19
2363 1
2364 1
2365 1
2366 1
2367 1
2368 4
2369 1
2370 75
2371 4
2372 1
2373 1
2374 12
2375 1
2376 1
2377 1
2378 1
2379 1
2380 4
2381 8
2382 1
2383 1
2384 1
2385 1
2386 1
2387 2
2388 1
2389 4
2390 1
2391 1
2392 1
2393 3
2394 1
2395 1
2396 6
2397 1
2398 1
2399 1
2400 1
2401 1
2402 1
2403 1
2404 3
2405 1
2406 1
2407 1
2408 1
2409 1
2410 1
2411 2
2412 1
2413 1
2414 1
2415 1
2416 16
2417 1
2418 1
2419 1
2420 1
2421 1
2422 1
2423 3
2424 1
2425 1
2426 1
2427 5
2428 1
2429 17
2430 1
2431 1
2432 1
2433 2
2434 1
2435 1
2436 3
2437 1
2438 1
2439 1
2440 7
2441 2
2442 1
2443 1
2444 1
2445 2
2446 7
2447 3
2448 1
2449 1
2450 1
2451 1
2452 1
2453 1
2454 1
2455 1
2456 2
2457 1
2458 5
2459 1
2460 1
2461 2
2462 3
2463 2
2464 11
2465 2
2466 1
2467 1
2468 1
2469 2
2470 1
2471 1
2472 13
2473 1
2474 8
2475 1
2476 1
2477 12
2478 1
2479 1
2480 1
2481 2
2482 1
2483 1
2484 1
2485 1
2486 6
2487 1
2488 2
2489 57
2490 1
2491 1
2492 1
2493 1
2494 1
2495 1
2496 2
2497 19
2498 1
2499 2
2500 3
2501 3
2502 1
2503 1
2504 1
2505 1
2506 2
2507 1
2508 7
2509 1
2510 12
2511 1
2512 1
2513 2
2514 1
2515 2
2516 2
2517 1
2518 1
2519 1
2520 1
2521 1
2522 1
2523 1
2524 1
2525 4
2526 1
2527 1
2528 2
2529 1
2530 1
2531 1
2532 2
2533 4
2534 5
2535 1
2536 1
2537 1
2538 2
2539 2
2540 1
2541 2
2542 2
2543 5
2544 1
2545 1
2546 1
2547 3
2548 2
2549 1
2550 1
2551 4
2552 2
2553 2
2554 3
2555 1
2556 1
2557 1
2558 1
2559 1
2560 1
2561 25
2562 2
2563 1
2564 1
2565 1
2566 1
2567 2
2568 1
2569 1
2570 1
2571 1
2572 1
2573 1
2574 1
2575 1
2576 1
2577 2
2578 1
2579 1
2580 1
2581 1
2582 2
2583 3
2584 2
2585 1
2586 1
2587 4
2588 1
2589 1
2590 1
2591 1
2592 1
2593 4
2594 1
2595 1
2596 1
2597 1
2598 1
2599 1
2600 1
2601 1
2602 1
2603 1
2604 2
2605 1
2606 16
2607 1
2608 1
2609 1
2610 1
2611 1
2612 5
2613 2
2614 1
2615 1
2616 1
2617 5
2618 1
2619 2
2620 1
2621 1
2622 1
2623 2
2624 1
2625 14
2626 2
2627 9
2628 1
2629 1
2630 1
2631 1
2632 1
2633 2
2634 6
2635 1
2636 3
2637 4
2638 3
2639 1
2640 3
2641 1
2642 1
2643 1
2644 6
2645 1
2646 1
2647 1
2648 1
2649 1
2650 2
2651 1
2652 1
2653 1
2654 1
2655 5
2656 1
2657 1
2658 1
2659 1
2660 1
2661 1
2662 2
2663 1
2664 3
2665 2
2666 1
2667 1
2668 1
2669 1
2670 1
2671 6
2672 1
2673 1
2674 1
2675 1
2676 1
2677 1
2678 5
2679 11
2680 1
2681 1
2682 4
2683 2
2684 2
2685 19
2686 1
2687 1
2688 2
2689 1
2690 1
2691 1
2692 1
2693 1
2694 1
2695 1
2696 2
2697 1
2698 1
2699 1
2700 1
2701 3
2702 1
2703 1
2704 2
2705 3
2706 8
2707 6
2708 1
2709 1
2710 1
2711 4
2712 1
2713 1
2714 3
2715 1
2716 54
2717 1
2718 1
2719 1
2720 1
2721 1
2722 1
2723 1
2724 1
2725 1
2726 1
2727 2
2728 1
2729 1
2730 38
2731 33
2732 10
2733 1
2734 1
2735 1
2736 1
2737 1
2738 3
2739 6
2740 1
2741 1
2742 1
2743 1
2744 3
2745 1
2746 1
2747 1
2748 1
2749 1
2750 5
2751 1
2752 1
2753 1
2754 1
2755 18
2756 3
2757 1
2758 1
2759 1
2760 1
2761 1
2762 1
2763 1
2764 2
2765 1
2766 1
2767 1
2768 2
2769 1
2770 1
2771 3
2772 1
2773 1
2774 1
2775 1
2776 3
2777 1
2778 5
2779 1
2780 1
2781 1
2782 1
2783 1
2784 1
2785 3
2786 3
2787 4
2788 1
2789 1
2790 1
2791 1
2792 1
2793 2
2794 2
2795 1
2796 1
2797 1
2798 4
2799 5
2800 1
2801 3
2802 1
2803 1
2804 1
2805 1
2806 1
2807 2
2808 1
2809 1
2810 14
2811 1
2812 1
2813 1
2814 250
2815 2
2816 1
2817 1
2818 1
2819 1
2820 1
2821 1
2822 2
2823 1
2824 1
2825 1
2826 2
2827 3
2828 1
2829 1
2830 2
2831 1
2832 1
2833 1
2834 1
2835 1
2836 3
2837 5
2838 1
2839 1
2840 1
2841 1
2842 1
2843 4
2844 1
2845 1
2846 3
2847 1
2848 1
2849 2
2850 1
2851 1
2852 1
2853 1
2854 2
2855 2
2856 1
2857 1
2858 1
2859 1
2860 1
2861 1
2862 1
2863 1
2864 1
2865 1
2866 1
2867 2
2868 7
2869 1
2870 1
2871 2
2872 5
2873 4
2874 1
2875 1
2876 2
2877 1
2878 4
2879 1
2880 2
2881 2
2882 1
2883 1
2884 1
2885 4
2886 1
2887 2
2888 1
2889 1
2890 2
2891 2
2892 1
2893 3
2894 4
2895 2
2896 1
2897 1
2898 3
2899 2
2900 2
2901 1
2902 1
2903 38
2904 1
2905 3
2906 2
2907 1
2908 1
2909 1
2910 2
2911 1
2912 1
2913 1
2914 2
2915 1
2916 1
2917 3
2918 1
2919 1
2920 1
2921 1
2922 1
2923 1
2924 2
2925 25
2926 6
2927 1
2928 1
2929 1
2930 8
2931 4
2932 1
2933 1
2934 1
2935 1
2936 1
2937 2
2938 1
2939 2
2940 1
2941 3
2942 1
2943 1
2944 1
2945 1
2946 1
2947 1
2948 2
2949 1
2950 3
2951 2
2952 1
2953 1
2954 1
2955 3
2956 4
2957 1
2958 1
2959 3
2960 1
2961 1
2962 1
2963 3
2964 2
2965 1
2966 1
2967 3
2968 1
2969 7
2970 4
2971 2
2972 1
2973 5
2974 1
2975 1
2976 1
2977 1
2978 1
2979 2
2980 1
2981 1
2982 1
2983 1
2984 1
2985 1
2986 17
2987 1
2988 1
2989 1
2990 1
2991 4
2992 1
2993 1
2994 1
2995 1
2996 1
2997 1
2998 1
2999 1
3000 1
3001 1
3002 4
3003 1
3004 1
3005 1
3006 1
3007 1
3008 1
3009 1
3010 4
3011 1
3012 1
3013 6
3014 1
3015 8
3016 1
3017 4
3018 1
3019 1
3020 1
3021 1
3022 2
3023 1
3024 2
3025 1
3026 1
3027 1
3028 1
3029 10
3030 1
3031 1
3032 1
3033 3
3034 2
3035 2
3036 1
3037 7
3038 15
3039 1
3040 1
3041 14
3042 1
3043 1
3044 1
3045 1
3046 1
3047 1
3048 1
3049 5
3050 1
3051 1
3052 2
3053 1
3054 1
3055 1
3056 1
3057 1
3058 9
3059 1
3060 1
3061 2
3062 1
3063 1
3064 2
3065 1
3066 1
3067 1
3068 1
3069 3
3070 1
3071 8
3072 1
3073 1
3074 2
3075 3
3076 2
3077 23
3078 1
3079 1
3080 1
3081 1
3082 1
3083 1
3084 1
3085 1
3086 2
3087 1
3088 1
3089 1
3090 1
3091 1
3092 1
3093 3
3094 1
3095 3
3096 1
3097 1
3098 1
3099 1
3100 2
3101 1
3102 1
3103 1
3104 1
3105 6
3106 4
3107 1
3108 1
3109 1
3110 1
3111 1
3112 2
3113 11
3114 15
3115 2
3116 1
3117 2
3118 3
3119 2
3120 1
3121 1
3122 1
3123 2
3124 1
3125 1
