0 1167
1 21
2 1
3 2
4 2
5 1
6 1
7 1
8 1
9 1
10 1
11 3
12 1
13 4
14 1
15 2
16 2
17 1
18 1
19 1
20 1
21 2
22 1
23 1
24 1
25 1
26 1
27 4
28 1
29 1
30 1
31 1
32 3
33 1
34 1
35 1
36 1
37 1
38 1
39 1
40 1
41 9
42 1
43 4
44 1
45 2
46 2
47 1
48 1
49 1
50 3
51 1
52 1
53 1
54 1
55 1
56 1
57 6
58 1
59 1
60 1
61 1
62 1
63 2
64 2
65 2
66 6
67 1
68 2
69 1
70 1
71 1
72 1
73 1
74 1
75 45
76 1
77 1
78 1
79 1
80 1
81 1
82 3
83 5
84 1
85 1
86 1
87 1
88 2
89 1
90 1
91 1
92 1
93 1
94 11
95 1
96 1
97 1
98 1
99 3
100 10
101 2
102 1
103 2
104 1
105 4
106 1
107 1
108 1
109 1
110 2
111 3
112 1
113 1
114 2
115 1
116 1
117 1
118 2
119 1
120 4
121 1
122 1
123 4
124 1
125 1
126 1
127 1
128 2
129 8
130 1
131 2
132 1
133 1
134 3
135 1
136 1
137 2
138 2
139 1
140 1
141 1
142 3
143 1
144 1
145 1
146 1
147 1
148 4
149 2
150 1
151 1
152 1
153 1
154 1
155 1
156 1
157 1
158 1
159 1
160 3
161 1
162 2
163 1
164 6
165 2
166 8
167 1
168 2
169 1
170 1
171 1
172 1
173 2
174 3
175 1
176 1
177 2
178 1
179 1
180 1
181 1
182 1
183 5
184 1
185 5
186 1
187 2
188 1
189 1
190 1
191 1
192 2
193 4
194 5
195 1
196 1
197 1
198 2
199 1
200 4
201 1
202 1
203 1
204 6
205 7
206 5
207 6
208 1
209 2
210 1
211 1
212 1
213 1
214 1
215 2
216 35
217 2
218 1
219 1
220 3
221 1
222 3
223 1
224 1
225 1
226 1
227 3
228 1
229 2
230 2
231 1
232 1
233 1
234 1
235 3
236 3
237 1
238 1
239 1
240 2
241 1
242 2
243 1
244 1
245 1
246 1
247 1
248 1
249 2
250 2
251 1
252 1
253 2
254 2
255 53
256 6
257 1
258 12
259 1
260 3
261 1
262 1
263 15
264 1
265 1
266 5
267 1
268 2
269 19
270 1
271 1
272 1
273 4
274 1
275 3
276 1
277 2
278 1
279 1
280 14
281 1
282 1
283 2
284 1
285 1
286 12
287 2
288 3
289 1
290 1
291 1
292 1
293 2
294 2
295 1
296 1
297 1
298 1
299 8
300 1
301 2
302 1
303 8
304 3
305 3
306 3
307 1
308 1
309 3
310 1
311 1
312 15
313 1
314 1
315 1
316 1
317 1
318 2
319 1
320 1
321 1
322 2
323 5
324 1
325 1
326 1
327 1
328 1
329 1
330 17
331 1
332 1
333 1
334 1
335 1
336 1
337 1
338 1
339 1
340 1
341 1
342 1
343 1
344 19
345 1
346 3
347 2
348 1
349 1
350 2
351 4
352 1
353 1
354 3
355 5
356 1
357 1
358 1
359 1
360 1
361 1
362 1
363 17
364 1
365 1
366 1
367 1
368 1
369 2
370 1
371 1
372 1
373 1
374 1
375 1
376 1
377 1
378 1
379 1
380 1
381 1
382 2
383 1
384 2
385 1
386 2
387 3
388 3
389 72
390 1
391 1
392 4
393 1
394 1
395 1
396 2
397 1
398 1
399 1
400 2
401 1
402 1
403 13
404 1
405 3
406 1
407 1
408 1
409 1
410 1
411 1
412 1
413 1
414 1
415 1
416 1
417 15
418 1
419 1
420 1
421 1
422 3
423 9
424 1
425 1
426 4
427 2
428 1
429 1
430 1
431 1
432 1
433 2
434 1
435 1
436 1
437 2
438 2
439 1
440 1
441 1
442 1
443 1
444 1
445 1
446 1
447 1
448 1
449 1
450 3
451 1
452 1
453 1
454 5
455 1
456 1
457 1
458 1
459 1
460 2
461 2
462 1
463 19
464 1
465 1
466 2
467 1
468 1
469 1
470 1
471 3
472 1
473 1
474 1
475 1
476 1
477 1
478 4
479 1
480 1
481 2
482 5
483 1
484 1
485 1
486 2
487 1
488 2
489 1
490 1
491 1
492 1
493 4
494 2
495 1
496 13
497 1
498 1
499 3
500 7
501 15
502 1
503 1
504 1
505 7
506 1
507 1
508 5
509 1
510 1
511 1
512 1
513 2
514 1
515 1
516 17
517 69
518 1
519 1
520 1
521 3
522 1
523 4
524 1
525 1
526 1
527 1
528 1
529 1
530 1
531 1
532 1
533 1
534 1
535 1
536 1
537 1
538 1
539 3
540 2
541 1
542 1
543 1
544 3
545 1
546 1
547 1
548 1
549 1
550 1
551 11
552 4
553 6
554 6
555 1
556 1
557 1
558 1
559 1
560 7
561 1
562 1
563 7
564 1
565 1
566 1
567 1
568 1
569 1
570 1
571 3
572 3
573 1
574 2
575 1
576 1
577 3
578 1
579 1
580 2
581 1
582 1
583 1
584 3
585 1
586 3
587 1
588 1
589 13
590 2
591 1
592 1
593 1
594 1
595 1
596 2
597 2
598 1
599 1
600 2
601 1
602 1
603 2
604 1
605 4
606 1
607 1
608 2
609 1
610 287
611 1
612 1
613 1
614 9
615 2
616 1
617 3
618 1
619 1
620 1
621 2
622 1
623 4
624 18
625 1
626 4
627 1
628 1
629 2
630 1
631 1
632 1
633 1
634 1
635 1
636 3
637 1
638 1
639 1
640 1
641 1
642 1
643 1
644 1
645 1
646 1
647 1
648 2
649 1
650 5
651 2
652 1
653 1
654 1
655 1
656 2
657 1
658 3
659 1
660 1
661 2
662 1
663 1
664 1
665 1
666 2
667 1
668 100
669 1
670 1
671 2
672 1
673 1
674 1
675 1
676 2
677 1
678 1
679 1
680 2
681 1
682 3
683 1
684 1
685 1
686 2
687 1
688 4
689 1
690 1
691 1
692 1
693 1
694 3
695 2
696 2
697 1
698 4
699 3
700 1
701 2
702 22
703 4
704 1
705 1
706 3
707 2
708 2
709 2
710 5
711 1
712 2
713 1
714 1
715 1
716 1
717 2
718 1
719 1
720 1
721 1
722 1
723 4
724 1
725 2
726 3
727 1
728 4
729 1
730 4
731 1
732 1
733 1
734 1
735 2
736 13
737 1
738 1
739 3
740 18
741 1
742 4
743 1
744 1
745 1
746 1
747 4
748 1
749 1
750 1
751 9
752 1
753 2
754 1
755 5
756 2
757 4
758 1
759 1
760 1
761 1
762 2
763 2
764 1
765 1
766 1
767 1
768 1
769 1
770 1
771 2
772 1
773 1
774 1
775 7
776 1
777 1
778 1
779 1
780 1
781 1
782 1
783 1
784 1
785 1
786 2
787 1
788 1
789 2
790 1
791 1
792 1
793 2
794 1
795 1
796 1
797 1
798 1
799 1
800 3
801 1
802 1
803 2
804 1
805 1
806 14
807 1
808 6
809 6
810 1
811 1
812 2
813 1
814 1
815 3
816 1
817 1
818 1
819 3
820 1
821 2
822 1
823 1
824 1
825 1
826 2
827 1
828 1
829 1
830 1
831 5
832 3
833 1
834 1
835 1
836 1
837 1
838 32
839 12
840 1
841 1
842 1
843 1
844 1
845 1
846 1
847 1
848 1
849 2
850 1
851 1
852 6
853 1
854 1
855 7
856 1
857 1
858 1
859 7
860 1
861 1
862 1
863 2
864 1
865 1
866 1
867 2
868 1
869 1
870 1
871 2
872 2
873 3
874 1
875 4
876 8
877 1
878 1
879 5
880 2
881 1
882 1
883 2
884 2
885 1
886 1
887 1
888 1
889 1
890 7
891 4
892 5
893 1
894 1
895 1
896 15
897 2
898 1
899 1
900 1
901 1
902 3
903 1
904 5
905 1
906 1
907 1
908 1
909 1
910 1
911 1
912 1
913 20
914 1
915 1
916 2
917 1
918 1
919 1
920 1
921 1
922 1
923 2
924 2
925 2
926 1
927 1
928 29
929 4
930 1
931 1
932 1
933 1
934 2
935 1
936 2
937 1
938 1
939 1
940 1
941 5
942 11
943 2
944 2
945 1
946 2
947 1
948 1
949 1
950 1
951 2
952 1
953 5
954 1
955 1
956 1
957 4
958 1
959 1
960 1
961 1
962 1
963 1
964 1
965 1
966 1
967 1
968 1
969 2
970 3
971 1
972 3
973 1
974 1
975 1
976 1
977 2
978 1
979 1
980 1
981 1
982 1
983 1
984 1
985 1
986 4
987 1
988 1
989 1
990 1
991 1
992 1
993 1
994 1
995 1
996 2
997 1
998 1
999 1
1000 1
1001 1
1002 1
1003 3
1004 1
1005 1
1006 1
1007 1
1008 1
1009 1
1010 1
1011 1
1012 1
1013 2
1014 1
1015 1
1016 1
1017 2
1018 1
1019 1
1020 2
1021 3
1022 1
1023 1
1024 1
1025 1
1026 2
1027 1
1028 1
1029 2
1030 1
1031 1
1032 1
1033 1
1034 7
1035 13
1036 25
1037 1
1038 1
1039 5
1040 2
1041 1
1042 1
1043 1
1044 1
1045 2
1046 1
1047 5
1048 1
1049 1
1050 1
1051 1
1052 1
1053 1
1054 1
1055 2
1056 1
1057 1
1058 2
1059 2
1060 1
1061 1
1062 2
1063 1
1064 1
1065 1
1066 1
1067 8
1068 8
1069 1
1070 2
1071 1
1072 1
1073 7
1074 3
1075 2
1076 2
1077 1
1078 1
1079 1
1080 1
1081 1
1082 2
1083 3
1084 4
1085 1
1086 1
1087 2
1088 1
1089 1
1090 1
1091 1
1092 2
1093 1
1094 1
1095 1
1096 1
1097 1
1098 3
1099 1
1100 1
1101 43
1102 1
1103 1
1104 1
1105 1
1106 13
1107 1
1108 4
1109 1
1110 1
1111 2
1112 1
1113 2
1114 3
1115 1
1116 1
1117 1
1118 3
1119 1
1120 3
1121 1
1122 1
1123 1
1124 1
1125 1
1126 2
1127 1
1128 1
1129 1
1130 7
1131 2
1132 3
1133 1
1134 4
1135 1
1136 6
1137 1
1138 1
1139 9
1140 1
1141 1
1142 1
1143 5
1144 7
1145 4
1146 1
1147 2
1148 1
1149 1
1150 3
1151 49
1152 1
1153 1
1154 2
1155 1
1156 1
1157 2
1158 4
1159 1
1160 1
1161 1
1162 3
1163 1
1164 1
1165 1
1166 2
1167 1
1168 1
1169 1
1170 1
1171 1
1172 4
1173 2
1174 1
1175 1
1176 1
1177 1
1178 1
1179 1
1180 8
1181 1
1182 2
1183 6
1184 2
1185 1
1186 2
1187 1
1188 1
1189 3
1190 1
1191 1
1192 1
1193 4
1194 2
1195 2
1196 1
1197 1
1198 1
1199 3
1200 4
1201 1
1202 1
1203 1
1204 1
1205 1
1206 1
1207 1
1208 1
1209 1
1210 1
1211 2
1212 1
1213 2
1214 1
1215 1
1216 1
1217 1
1218 1
1219 6
1220 7
1221 4
1222 1
1223 1
1224 1
1225 1
1226 2
1227 1
1228 1
1229 14
1230 1
1231 1
1232 1
1233 1
1234 1
1235 1
1236 1
1237 1
1238 1
1239 1
1240 1
1241 1
1242 2
1243 1
1244 1
1245 1
1246 1
1247 1
1248 1
1249 1
1250 1
1251 1
1252 1
1253 1
1254 1
1255 2
1256 1
1257 1
1258 2
1259 2
1260 1
1261 1
1262 3
1263 1
1264 1
1265 1
1266 1
1267 1
1268 1
1269 1
1270 1
1271 1
1272 1
1273 1
1274 1
1275 4
1276 1
1277 1
1278 1
1279 2
1280 1
1281 1
1282 1
1283 1
1284 2
1285 1
1286 1
1287 35
1288 1
1289 2
1290 1
1291 1
1292 1
1293 2
1294 1
1295 1
1296 2
1297 1
1298 1
1299 1
1300 2
1301 1
1302 3
1303 1
1304 1
1305 1
1306 1
1307 1
1308 1
1309 1
1310 1
1311 4
1312 266
1313 2
1314 1
1315 6
1316 2
1317 1
1318 1
1319 1
1320 1
1321 1
1322 1
1323 1
1324 2
1325 1
1326 14
1327 4
1328 1
1329 1
1330 1
1331 1
1332 3
1333 2
1334 1
1335 1
1336 1
1337 4
1338 5
1339 1
1340 1
1341 1
1342 1
1343 2
1344 1
1345 1
1346 1
1347 2
1348 34
1349 2
1350 2
1351 1
1352 1
1353 3
1354 1
1355 1
1356 1
1357 1
1358 1
1359 2
1360 1
1361 2
1362 1
1363 1
1364 1
1365 1
1366 2
1367 1
1368 1
1369 1
1370 1
1371 3
1372 1
1373 1
1374 5
1375 2
1376 1
1377 2
1378 1
1379 3
1380 1
1381 9
1382 2
1383 2
1384 1
1385 5
1386 1
1387 2
1388 1
1389 3
1390 4
1391 4
1392 1
1393 1
1394 1
1395 1
1396 1
1397 3
1398 5
1399 1
1400 1
1401 1
1402 1
1403 4
1404 6
1405 3
1406 27
1407 1
1408 1
1409 1
1410 1
1411 1
1412 1
1413 1
1414 3
1415 3
1416 1
1417 3
1418 2
1419 1
1420 1
1421 1
1422 2
1423 1
1424 1
1425 1
1426 1
1427 1
1428 1
1429 3
1430 2
1431 2
1432 5
1433 8
1434 1
1435 1
1436 4
1437 6
1438 1
1439 1
1440 6
1441 1
1442 1
1443 1
1444 1
1445 1
1446 16
1447 2
1448 1
1449 4
1450 3
1451 11
1452 1
1453 1
1454 1
1455 3
1456 1
1457 1
1458 1
1459 1
1460 1
1461 1
1462 1
1463 1
1464 1
1465 1
1466 1
1467 2
1468 1
1469 1
1470 1
1471 1
1472 1
1473 2
1474 1
1475 1
1476 2
1477 3
1478 2
1479 1
1480 1
1481 2
1482 5
1483 2
1484 1
1485 5
1486 1
1487 1
1488 1
1489 3
1490 2
1491 1
1492 7
1493 29
1494 1
1495 1
1496 1
1497 7
1498 2
1499 1
1500 5
1501 1
1502 1
1503 1
1504 4
1505 5
1506 4
1507 2
1508 1
1509 1
1510 1
1511 1
1512 1
1513 1
1514 2
1515 1
1516 1
1517 6
1518 1
1519 1
1520 1
1521 1
1522 1
1523 2
1524 1
1525 3
1526 6
1527 2
1528 3
1529 1
1530 2
1531 1
1532 1
1533 1
1534 1
1535 1
1536 1
1537 1
1538 1
1539 1
1540 1
1541 1
1542 1
1543 5
1544 3
1545 1
1546 1
1547 9
1548 1
1549 1
1550 1
1551 1
1552 3
1553 1
1554 2
1555 1
1556 1
1557 1
1558 1
1559 1
1560 2
1561 1
1562 2
1563 1
1564 1
1565 1
1566 2
1567 2
1568 1
1569 1
1570 1
1571 1
1572 6
1573 1
1574 1
1575 1
1576 1
1577 1
1578 1
1579 1
1580 4
1581 1
1582 1
1583 10
1584 1
1585 3
1586 1
1587 1
1588 1
1589 1
1590 1
1591 1
1592 1
1593 3
1594 1
1595 4
1596 3
1597 2
1598 1
1599 1
1600 1
1601 1
1602 1
1603 1
1604 1
1605 1
1606 2
1607 1
1608 1
1609 1
1610 5
1611 1
1612 3
1613 1
1614 2
1615 1
1616 1
1617 1
1618 1
1619 1
1620 1
1621 1
1622 1
1623 7
1624 2
1625 1
1626 1
1627 2
1628 1
1629 1
1630 5
1631 1
1632 1
1633 1
1634 3
1635 1
1636 1
1637 1
1638 1
1639 1
1640 1
1641 4
1642 3
1643 4
1644 1
1645 1
1646 2
1647 1
1648 1
1649 1
1650 2
1651 1
1652 1
1653 2
1654 1
1655 1
1656 2
1657 1
1658 1
1659 1
1660 1
1661 1
1662 2
1663 1
1664 2
1665 1
1666 1
1667 4
1668 2
1669 1
1670 2
1671 1
1672 1
1673 5
1674 1
1675 1
1676 1
1677 1
1678 3
1679 1
1680 2
1681 22
1682 3
1683 3
1684 1
1685 1
1686 38
1687 1
1688 1
1689 2
1690 1
1691 9
1692 6
1693 1
1694 1
1695 1
1696 3
1697 2
1698 1
1699 2
1700 3
1701 1
1702 1
1703 2
1704 1
1705 1
1706 1
1707 1
1708 1
1709 2
1710 1
1711 2
1712 1
1713 1
1714 1
1715 1
1716 1
1717 1
1718 1
1719 1
1720 4
1721 1
1722 3
1723 5
1724 1
1725 1
1726 1
1727 3
1728 3
1729 1
1730 3
1731 1
1732 1
1733 1
1734 3
1735 2
1736 1
1737 7
1738 1
1739 3
1740 1
1741 1
1742 3
1743 1
1744 1
1745 1
1746 2
1747 10
1748 1
1749 3
1750 1
1751 3
1752 1
1753 1
1754 1
1755 1
1756 3
1757 1
1758 10
1759 1
1760 1
1761 2
1762 5
1763 2
1764 1
1765 1
1766 1
1767 3
1768 1
1769 1
1770 11
1771 1
1772 2
1773 1
1774 1
1775 3
1776 1
1777 1
1778 1
1779 1
1780 1
1781 1
1782 1
1783 2
1784 1
1785 10
1786 3
1787 1
1788 1
1789 15
1790 1
1791 1
1792 1
1793 1
1794 1
1795 1
1796 2
1797 1
1798 1
1799 1
1800 1
1801 3
1802 2
1803 3
1804 1
1805 1
1806 4
1807 3
1808 1
1809 1
1810 3
1811 4
1812 1
1813 5
1814 2
1815 2
1816 2
1817 11
1818 1
1819 1
1820 1
1821 1
1822 4
1823 1
1824 1
1825 1
1826 1
1827 7
1828 1
1829 1
1830 6
1831 1
1832 1
1833 1
1834 1
1835 2
1836 6
1837 1
1838 3
1839 1
1840 1
1841 1
1842 1
1843 1
1844 1
1845 1
1846 1
1847 1
1848 1
1849 1
1850 1
1851 1
1852 1
1853 1
1854 1
1855 1
1856 1
1857 1
1858 1
1859 1
1860 1
1861 4
1862 1
1863 1
1864 2
1865 1
1866 1
1867 1
1868 1
1869 1
1870 1
1871 1
1872 4
1873 1
1874 1
1875 1
1876 4
1877 3
1878 17
1879 4
1880 1
1881 1
1882 4
1883 1
1884 1
1885 1
1886 7
1887 2
1888 1
1889 4
1890 1
1891 1
1892 1
1893 1
1894 3
1895 5
1896 1
1897 1
1898 1
1899 1
1900 1
1901 1
1902 1
1903 1
1904 1
1905 2
1906 1
1907 1
1908 2
1909 2
1910 1
1911 1
1912 1
1913 1
1914 22
1915 1
1916 1
1917 6
1918 1
1919 1
1920 1
1921 1
1922 1
1923 1
1924 1
1925 5
1926 37
1927 3
1928 1
1929 9
1930 1
1931 1
1932 1
1933 1
1934 3
1935 1
1936 1
1937 6
1938 6
1939 1
1940 1
1941 3
1942 1
1943 1
1944 2
1945 6
1946 1
1947 1
1948 12
1949 1
1950 1
1951 2
1952 1
1953 3
1954 1
1955 2
1956 1
1957 1
1958 1
1959 4
1960 1
1961 1
1962 4
1963 1
1964 2
1965 1
1966 1
1967 3
1968 1
1969 2
1970 1
1971 1
1972 1
1973 3
1974 1
1975 1
1976 1
1977 1
1978 1
1979 1
1980 2
1981 1
1982 1
1983 1
1984 22
1985 1
1986 1
1987 2
1988 1
1989 1
1990 1
1991 1
1992 1
1993 2
1994 3
1995 3
1996 2
1997 1
1998 2
1999 1
2000 1
2001 1
2002 1
2003 7
2004 1
2005 26
2006 3
2007 1
2008 1
2009 1
2010 4
2011 6
2012 1
2013 1
2014 1
2015 1
2016 1
2017 9
2018 1
2019 3
2020 3
2021 10
2022 1
2023 18
2024 1
2025 1
2026 2
2027 1
2028 1
2029 2
2030 2
2031 1
2032 1
2033 1
2034 1
2035 1
2036 1
2037 1
2038 1
2039 1
2040 1
2041 3
2042 13
2043 2
2044 3
2045 1
2046 3
2047 1
2048 2
2049 1
2050 1
2051 1
2052 1
2053 1
2054 7
2055 1
2056 1
2057 1
2058 1
2059 1
2060 1
2061 1
2062 1
2063 1
2064 1
2065 6
2066 1
2067 1
2068 1
2069 1
2070 1
2071 1
2072 1
2073 1
2074 3
2075 3
2076 4
2077 1
2078 1
2079 1
2080 1
2081 1
2082 1
2083 1
2084 1
2085 1
2086 430
2087 2
2088 1
2089 4
2090 1
2091 1
2092 9
2093 2
2094 2
2095 2
2096 1
2097 1
2098 2
2099 1
2100 2
2101 1
2102 2
2103 2
2104 1
2105 1
2106 3
2107 3
2108 1
2109 1
2110 1
2111 1
2112 1
2113 1
2114 1
2115 1
2116 1
2117 1
2118 1
2119 1
2120 1
2121 2
2122 1
2123 2
2124 1
2125 5
2126 1
2127 2
2128 2
2129 1
2130 1
2131 4
2132 1
2133 1
2134 1
2135 1
2136 1
2137 1
2138 2
2139 11
2140 1
2141 8
2142 1
2143 1
2144 1
2145 1
2146 2
2147 1
2148 9
2149 1
2150 2
2151 1
2152 4
2153 1
2154 16
2155 1
2156 4
2157 1
2158 1
2159 1
2160 1
2161 1
2162 1
2163 1
2164 2
2165 1
2166 5
2167 1
2168 1
2169 1
2170 1
2171 2
2172 1
2173 1
2174 2
2175 3
2176 1
2177 1
2178 1
2179 1
2180 1
2181 17
2182 1
2183 1
2184 1
2185 21
2186 1
2187 2
2188 1
2189 2
2190 1
2191 1
2192 1
2193 1
2194 1
2195 2
2196 1
2197 2
2198 1
2199 1
2200 1
2201 4
2202 1
2203 1
2204 1
2205 1
2206 2
2207 1
2208 1
2209 1
2210 3
2211 1
2212 1
2213 1
2214 5
2215 1
2216 2
2217 2
2218 1
2219 1
2220 1
2221 2
2222 1
2223 1
2224 1
2225 2
2226 1
2227 1
2228 1
2229 1
2230 9
2231 1
2232 9
2233 1
2234 1
2235 1
2236 2
2237 1
2238 1
2239 3
2240 3
2241 1
2242 1
2243 1
2244 1
2245 5
2246 3
2247 1
2248 4
2249 1
2250 1
2251 1
2252 1
2253 7
2254 1
2255 1
2256 3
2257 2
2258 3
2259 1
2260 1
2261 1
2262 1
2263 1
2264 1
2265 1
2266 1
2267 1
2268 1
2269 1
2270 1
2271 1
2272 1
2273 5
2274 1
2275 1
2276 1
2277 2
2278 2
2279 1
2280 2
2281 1
2282 1
2283 1
2284 1
2285 1
2286 1
2287 1
2288 1
2289 1
2290 1
2291 1
2292 2
2293 3
2294 1
2295 1
2296 2
2297 1
2298 1
2299 5
2300 1
2301 3
2302 1
2303 1
2304 2
2305 1
2306 1
2307 2
2308 1
2309 1
2310 1
2311 1
2312 2
2313 1
2314 1
2315 1
2316 1
2317 18
2318 1
2319 1
2320 1
2321 1
2322 2
2323 1
2324 1
2325 1
2326 1
2327 1
2328 1
2329 1
2330 1
2331 1
2332 1
2333 1
2334 1
2335 1
2336 1
2337 1
2338 1
2339 1
2340 5
2341 1
2342 1
2343 1
2344 2
2345 1
2346 3
2347 1
2348 1
2349 1
2350 8
2351 2
2352 1
2353 1
2354 1
2355 1
2356 1
2357 1
2358 1
2359 1
2360 1
2361 2
2362 1
2363 4
2364 1
2365 1
2366 1
2367 1
2368 207
2369 5
2370 1
2371 1
2372 3
2373 1
2374 2
2375 1
2376 1
2377 1
2378 32
2379 2
2380 1
2381 4
2382 1
2383 1
2384 1
2385 1
2386 2
2387 2
2388 1
2389 1
2390 3
2391 7
2392 1
2393 1
2394 1
2395 1
2396 1
2397 1
2398 1
2399 14
2400 1
2401 1
2402 42
2403 5
2404 5
2405 1
2406 1
2407 1
2408 1
2409 1
2410 3
2411 1
2412 5
2413 1
2414 1
2415 1
2416 1
2417 1
2418 1
2419 2
2420 1
2421 1
2422 1
2423 1
2424 3
2425 1
2426 1
2427 2
2428 1
2429 1
2430 8
2431 1
2432 1
2433 1
2434 1
2435 1
2436 1
2437 2
2438 1
2439 3
2440 1
2441 1
2442 1
2443 2
2444 1
2445 1
2446 1
2447 1
2448 1
2449 1
2450 1
2451 1
2452 21
2453 2
2454 1
2455 1
2456 1
2457 1
2458 1
2459 1
2460 1
2461 1
2462 27
2463 1
2464 1
2465 1
2466 1
2467 1
2468 1
2469 1
2470 6
2471 8
2472 1
2473 1
2474 1
2475 1
2476 1
2477 2
2478 2
2479 8
2480 1
2481 4
2482 1
2483 1
2484 1
2485 1
2486 1
2487 1
2488 1
2489 1
2490 2
2491 2
2492 1
2493 2
2494 1
2495 2
2496 1
2497 15
2498 1
2499 1
2500 1
2501 1
2502 1
2503 1
2504 2
2505 1
2506 1
2507 6
2508 1
2509 1
2510 32
2511 1
2512 1
2513 2
2514 1
2515 2
2516 2
2517 1
2518 3
2519 5
2520 1
2521 1
2522 43
2523 2
2524 1
2525 1
2526 1
2527 2
2528 1
2529 1
2530 2
2531 1
2532 1
2533 1
2534 1
2535 2
2536 1
2537 1
2538 2
2539 1
2540 1
2541 2
2542 3
2543 1
2544 1
2545 1
2546 1
2547 2
2548 1
2549 1
2550 1
2551 1
2552 1
2553 1
2554 1
2555 3
2556 1
2557 3
2558 1
2559 1
2560 10
2561 4
2562 2
2563 1
2564 3
2565 1
2566 1
2567 2
2568 2
2569 1
2570 1
2571 1
2572 1
2573 3
2574 1
2575 1
2576 4
2577 1
2578 1
2579 1
2580 1
2581 2
2582 3
2583 4
2584 1
2585 4
2586 1
2587 1
2588 1
2589 27
2590 1
2591 1
2592 9
2593 1
2594 1
2595 1
2596 2
2597 2
2598 1
2599 1
2600 1
2601 10
2602 1
2603 1
2604 1
2605 1
2606 1
2607 1
2608 3
2609 2
2610 1
2611 1
2612 3
2613 1
2614 2
2615 1
2616 1
2617 7
2618 3
2619 1
2620 1
2621 1
2622 1
2623 2
2624 3
2625 1
2626 4
2627 1
2628 1
2629 1
2630 1
2631 2
2632 4
2633 1
2634 3
2635 1
2636 1
2637 12
2638 1
2639 1
2640 2
2641 3
2642 1
2643 1
2644 3
2645 2
2646 2
2647 6
2648 1
2649 1
2650 1
2651 1
2652 1
2653 6
2654 6
2655 2
2656 1
2657 1
2658 1
2659 1
2660 2
2661 5
2662 8
2663 1
2664 1
2665 1
2666 1
2667 1
2668 1
2669 7
2670 1
2671 1
2672 1
2673 1
2674 6
2675 1
2676 1
2677 3
2678 1
2679 1
2680 1
2681 30
2682 1
2683 1
2684 2
2685 1
2686 1
2687 1
2688 4
2689 2
2690 1
2691 1
2692 2
2693 1
2694 1
2695 1
2696 1
2697 4
2698 1
2699 1
2700 1
2701 1
2702 1
2703 1
2704 1
2705 1
2706 1
2707 1
2708 7
2709 1
2710 1
2711 1
2712 4
2713 1
2714 2
2715 1
2716 1
2717 16
2718 2
2719 1
2720 1
2721 1
2722 2
2723 1
2724 1
2725 1
2726 1
2727 1
2728 5
2729 1
2730 1
2731 3
2732 1
2733 1
2734 1
2735 1
2736 1
2737 1
2738 1
2739 1
2740 1
2741 4
2742 14
2743 2
2744 2
2745 5
2746 1
2747 2
2748 54
2749 1
2750 1
2751 1
2752 1
2753 1
2754 9
2755 2
2756 1
2757 1
2758 1
2759 1
2760 1
2761 1
2762 1
2763 1
2764 35
2765 34
2766 9
2767 1
2768 1
2769 2
2770 1
2771 2
2772 1
2773 1
2774 1
2775 15
2776 2
2777 1
2778 3
2779 1
2780 1
2781 3
2782 1
2783 2
2784 1
2785 1
2786 1
2787 16
2788 1
2789 1
2790 5
2791 1
2792 1
2793 1
2794 1
2795 1
2796 1
2797 1
2798 3
2799 3
2800 2
2801 1
2802 1
2803 1
2804 3
2805 1
2806 1
2807 2
2808 2
2809 1
2810 1
2811 1
2812 1
2813 1
2814 5
2815 1
2816 1
2817 1
2818 1
2819 1
2820 2
2821 1
2822 3
2823 4
2824 1
2825 1
2826 1
2827 1
2828 1
2829 1
2830 14
2831 1
2832 2
2833 1
2834 251
2835 2
2836 1
2837 1
2838 1
2839 1
2840 7
2841 1
2842 1
2843 1
2844 1
2845 2
2846 1
2847 1
2848 1
2849 2
2850 1
2851 1
2852 1
2853 1
2854 1
2855 2
2856 1
2857 1
2858 3
2859 1
2860 1
2861 3
2862 1
2863 2
2864 1
2865 1
2866 1
2867 1
2868 2
2869 1
2870 1
2871 1
2872 2
2873 1
2874 1
2875 1
2876 1
2877 7
2878 1
2879 1
2880 1
2881 10
2882 1
2883 4
2884 1
2885 1
2886 1
2887 1
2888 2
2889 3
2890 1
2891 1
2892 1
2893 1
2894 1
2895 1
2896 1
2897 2
2898 1
2899 1
2900 1
2901 5
2902 1
2903 1
2904 1
2905 1
2906 2
2907 1
2908 1
2909 1
2910 1
2911 1
2912 5
2913 1
2914 1
2915 1
2916 1
2917 3
2918 2
2919 2
2920 26
2921 1
2922 5
2923 2
2924 1
2925 1
2926 2
2927 1
2928 1
2929 5
2930 1
2931 1
2932 1
2933 2
2934 1
2935 1
2936 1
2937 2
2938 2
2939 1
2940 1
2941 3
2942 13
2943 2
2944 1
2945 1
2946 2
2947 2
2948 1
2949 1
2950 3
2951 1
2952 1
2953 2
2954 1
2955 2
2956 1
2957 1
2958 1
2959 4
2960 2
2961 2
2962 1
2963 1
2964 1
2965 2
2966 4
2967 8
2968 1
2969 6
2970 5
2971 4
2972 1
2973 4
2974 1
2975 3
2976 1
2977 4
2978 3
2979 1
2980 2
2981 2
2982 3
2983 1
2984 1
2985 1
2986 1
2987 6
2988 1
2989 1
2990 1
2991 1
2992 1
2993 2
2994 1
2995 1
2996 11
2997 1
2998 1
2999 1
3000 2
3001 1
3002 1
3003 1
3004 2
3005 1
3006 3
3007 1
3008 1
3009 3
3010 2
3011 2
3012 1
3013 3
3014 8
3015 4
3016 1
3017 1
3018 1
3019 1
3020 4
3021 1
3022 3
3023 3
3024 2
3025 1
3026 1
3027 2
3028 2
3029 1
3030 1
3031 1
3032 6
3033 1
3034 1
3035 1
3036 1
3037 1
3038 26
3039 2
3040 1
3041 1
3042 1
3043 13
3044 1
3045 4
3046 1
3047 1
3048 1
3049 1
3050 1
3051 7
3052 1
3053 1
3054 2
3055 2
3056 1
3057 1
3058 4
3059 1
3060 1
3061 1
3062 1
3063 1
3064 1
3065 3
3066 1
3067 1
3068 1
3069 1
3070 1
3071 6
3072 1
3073 1
3074 1
3075 1
3076 1
3077 2
3078 1
3079 2
3080 31
3081 1
3082 1
3083 1
3084 1
3085 2
3086 1
3087 2
3088 2
3089 1
3090 1
3091 2
3092 1
3093 1
3094 2
3095 3
3096 1
3097 1
3098 1
3099 1
3100 3
3101 2
3102 1
3103 2
3104 2
3105 1
3106 6
3107 1
3108 1
3109 1
3110 1
3111 1
3112 1
3113 1
3114 1
3115 2
3116 1
3117 1
3118 10
3119 1
3120 1
3121 1
3122 1
3123 1
3124 1
3125 2
3126 1
3127 2
3128 9
3129 12
3130 6
3131 1
3132 1
3133 1
3134 1
3135 1
3136 2
3137 1
3138 2
3139 1
3140 4
3141 1
3142 3
