0 1303
1 1
2 1
3 19
4 1
5 1
6 1
7 1
8 1
9 1
10 1
11 1
12 1
13 1
14 1
15 2
16 1
17 2
18 1
19 1
20 1
21 1
22 1
23 11
24 1
25 1
26 1
27 1
28 1
29 1
30 1
31 2
32 1
33 1
34 1
35 1
36 1
37 1
38 1
39 1
40 1
41 1
42 1
43 2
44 1
45 1
46 1
47 1
48 3
49 1
50 1
51 1
52 1
53 7
54 3
55 1
56 1
57 1
58 1
59 1
60 3
61 1
62 1
63 1
64 1
65 1
66 1
67 2
68 2
69 2
70 5
71 1
72 1
73 1
74 2
75 1
76 1
77 1
78 2
79 1
80 1
81 2
82 1
83 1
84 1
85 1
86 1
87 1
88 1
89 1
90 1
91 1
92 2
93 1
94 1
95 56
96 1
97 1
98 1
99 2
100 1
101 1
102 1
103 1
104 1
105 2
106 1
107 1
108 8
109 1
110 2
111 1
112 3
113 3
114 2
115 1
116 1
117 1
118 1
119 1
120 1
121 1
122 1
123 1
124 2
125 2
126 1
127 1
128 1
129 3
130 6
131 10
132 2
133 1
134 4
135 1
136 2
137 3
138 1
139 4
140 1
141 1
142 1
143 1
144 1
145 1
146 1
147 1
148 4
149 1
150 1
151 1
152 1
153 1
154 1
155 1
156 1
157 1
158 1
159 1
160 1
161 1
162 1
163 1
164 1
165 1
166 1
167 8
168 8
169 1
170 3
171 1
172 2
173 2
174 1
175 4
176 7
177 1
178 1
179 2
180 1
181 1
182 6
183 1
184 1
185 3
186 1
187 3
188 1
189 1
190 1
191 1
192 1
193 1
194 6
195 1
196 6
197 1
198 4
199 1
200 2
201 1
202 1
203 1
204 1
205 1
206 4
207 1
208 1
209 9
210 1
211 1
212 1
213 3
214 1
215 1
216 1
217 1
218 1
219 37
220 1
221 4
222 2
223 1
224 2
225 1
226 3
227 1
228 1
229 3
230 1
231 1
232 1
233 1
234 1
235 2
236 1
237 1
238 1
239 1
240 1
241 1
242 2
243 1
244 1
245 1
246 1
247 1
248 1
249 4
250 1
251 1
252 9
253 1
254 1
255 1
256 1
257 1
258 3
259 2
260 1
261 1
262 2
263 1
264 1
265 48
266 3
267 1
268 3
269 1
270 2
271 1
272 1
273 1
274 8
275 10
276 1
277 5
278 1
279 1
280 1
281 23
282 3
283 1
284 3
285 1
286 1
287 1
288 1
289 1
290 1
291 1
292 1
293 1
294 2
295 2
296 1
297 1
298 3
299 3
300 5
301 1
302 4
303 1
304 1
305 1
306 1
307 1
308 1
309 5
310 1
311 1
312 1
313 2
314 9
315 1
316 1
317 1
318 1
319 2
320 7
321 1
322 3
323 3
324 1
325 1
326 1
327 1
328 1
329 1
330 13
331 1
332 1
333 1
334 3
335 1
336 1
337 1
338 3
339 1
340 1
341 1
342 1
343 1
344 1
345 1
346 1
347 1
348 1
349 11
350 1
351 1
352 2
353 2
354 4
355 1
356 1
357 1
358 1
359 1
360 2
361 3
362 14
363 6
364 2
365 1
366 2
367 1
368 2
369 2
370 1
371 1
372 1
373 1
374 3
375 1
376 1
377 1
378 1
379 1
380 1
381 2
382 1
383 1
384 2
385 1
386 1
387 1
388 2
389 7
390 1
391 1
392 1
393 2
394 5
395 1
396 1
397 1
398 1
399 1
400 18
401 3
402 3
403 3
404 2
405 1
406 1
407 2
408 1
409 1
410 1
411 1
412 10
413 1
414 1
415 1
416 1
417 2
418 2
419 1
420 1
421 1
422 1
423 1
424 1
425 1
426 1
427 1
428 6
429 1
430 1
431 1
432 1
433 1
434 1
435 2
436 1
437 2
438 3
439 1
440 1
441 1
442 3
443 1
444 1
445 1
446 8
447 1
448 1
449 1
450 1
451 1
452 1
453 3
454 1
455 1
456 61
457 2
458 1
459 1
460 1
461 5
462 2
463 2
464 2
465 1
466 1
467 1
468 1
469 1
470 1
471 2
472 1
473 2
474 3
475 1
476 1
477 1
478 2
479 1
480 1
481 3
482 1
483 7
484 1
485 1
486 2
487 1
488 1
489 1
490 1
491 3
492 1
493 2
494 16
495 1
496 1
497 1
498 1
499 2
500 1
501 1
502 4
503 1
504 1
505 2
506 1
507 1
508 1
509 19
510 58
511 3
512 1
513 1
514 1
515 1
516 1
517 2
518 1
519 1
520 1
521 1
522 2
523 1
524 2
525 1
526 1
527 1
528 1
529 1
530 3
531 2
532 1
533 3
534 1
535 2
536 1
537 1
538 1
539 1
540 1
541 1
542 1
543 1
544 1
545 1
546 1
547 1
548 1
549 3
550 1
551 1
552 6
553 1
554 7
555 5
556 1
557 1
558 1
559 3
560 1
561 5
562 1
563 1
564 1
565 1
566 3
567 1
568 1
569 1
570 1
571 1
572 4
573 1
574 2
575 1
576 20
577 1
578 1
579 2
580 2
581 1
582 1
583 1
584 1
585 2
586 1
587 1
588 4
589 1
590 1
591 1
592 1
593 1
594 1
595 1
596 1
597 1
598 1
599 1
600 1
601 1
602 228
603 1
604 2
605 1
606 1
607 8
608 2
609 1
610 1
611 1
612 3
613 1
614 1
615 1
616 1
617 3
618 1
619 1
620 1
621 14
622 2
623 2
624 1
625 1
626 1
627 1
628 1
629 1
630 1
631 7
632 2
633 5
634 1
635 1
636 1
637 2
638 1
639 1
640 1
641 3
642 2
643 2
644 1
645 1
646 2
647 7
648 2
649 3
650 1
651 1
652 4
653 1
654 3
655 1
656 2
657 1
658 1
659 4
660 2
661 1
662 1
663 1
664 1
665 1
666 1
667 1
668 4
669 2
670 95
671 1
672 1
673 3
674 2
675 1
676 2
677 1
678 1
679 1
680 2
681 2
682 1
683 1
684 1
685 2
686 9
687 1
688 5
689 1
690 1
691 6
692 1
693 1
694 1
695 1
696 3
697 2
698 18
699 1
700 1
701 5
702 1
703 3
704 28
705 1
706 2
707 1
708 4
709 1
710 1
711 1
712 1
713 2
714 11
715 1
716 1
717 1
718 2
719 2
720 1
721 1
722 1
723 1
724 1
725 1
726 1
727 1
728 1
729 3
730 2
731 1
732 1
733 1
734 1
735 1
736 1
737 1
738 1
739 1
740 1
741 2
742 5
743 3
744 1
745 25
746 1
747 1
748 1
749 1
750 1
751 1
752 1
753 1
754 1
755 1
756 2
757 1
758 1
759 1
760 4
761 1
762 1
763 1
764 1
765 1
766 1
767 1
768 1
769 20
770 1
771 1
772 1
773 1
774 2
775 1
776 1
777 1
778 1
779 6
780 1
781 4
782 3
783 1
784 2
785 1
786 1
787 1
788 1
789 1
790 1
791 1
792 1
793 1
794 1
795 1
796 2
797 1
798 1
799 1
800 1
801 1
802 1
803 4
804 1
805 1
806 1
807 1
808 1
809 2
810 5
811 3
812 1
813 6
814 1
815 1
816 1
817 1
818 1
819 1
820 1
821 2
822 1
823 2
824 1
825 1
826 14
827 2
828 1
829 1
830 3
831 3
832 1
833 2
834 8
835 5
836 1
837 1
838 1
839 1
840 2
841 25
842 14
843 2
844 1
845 1
846 4
847 1
848 1
849 2
850 3
851 1
852 1
853 1
854 2
855 2
856 2
857 2
858 6
859 1
860 1
861 1
862 1
863 1
864 1
865 1
866 1
867 2
868 1
869 1
870 1
871 1
872 4
873 1
874 1
875 6
876 1
877 4
878 1
879 1
880 1
881 3
882 5
883 1
884 1
885 1
886 1
887 4
888 3
889 2
890 2
891 1
892 2
893 1
894 5
895 1
896 1
897 1
898 2
899 1
900 1
901 1
902 1
903 1
904 1
905 1
906 1
907 1
908 1
909 2
910 8
911 1
912 1
913 1
914 1
915 5
916 2
917 1
918 1
919 1
920 2
921 69
922 16
923 1
924 1
925 1
926 1
927 3
928 2
929 1
930 1
931 3
932 1
933 2
934 1
935 1
936 1
937 1
938 9
939 1
940 1
941 1
942 1
943 1
944 1
945 1
946 1
947 3
948 5
949 3
950 1
951 1
952 1
953 2
954 1
955 1
956 2
957 1
958 1
959 1
960 1
961 1
962 1
963 1
964 1
965 2
966 6
967 1
968 1
969 2
970 1
971 1
972 1
973 1
974 1
975 2
976 1
977 1
978 1
979 1
980 2
981 1
982 2
983 2
984 1
985 3
986 1
987 1
988 5
989 3
990 1
991 1
992 1
993 1
994 1
995 3
996 1
997 1
998 2
999 1
1000 1
1001 1
1002 2
1003 6
1004 1
1005 2
1006 1
1007 2
1008 1
1009 3
1010 2
1011 1
1012 1
1013 1
1014 1
1015 2
1016 1
1017 1
1018 3
1019 1
1020 1
1021 1
1022 1
1023 6
1024 1
1025 26
1026 13
1027 1
1028 2
1029 1
1030 1
1031 6
1032 1
1033 5
1034 1
1035 10
1036 3
1037 1
1038 1
1039 1
1040 3
1041 1
1042 1
1043 2
1044 1
1045 1
1046 1
1047 1
1048 1
1049 1
1050 1
1051 2
1052 5
1053 9
1054 1
1055 5
1056 1
1057 1
1058 1
1059 8
1060 4
1061 1
1062 1
1063 2
1064 1
1065 1
1066 2
1067 2
1068 2
1069 1
1070 1
1071 2
1072 1
1073 1
1074 1
1075 1
1076 1
1077 1
1078 1
1079 1
1080 1
1081 1
1082 5
1083 2
1084 1
1085 13
1086 1
1087 1
1088 2
1089 1
1090 1
1091 1
1092 1
1093 1
1094 1
1095 9
1096 1
1097 2
1098 2
1099 4
1100 1
1101 1
1102 1
1103 1
1104 2
1105 1
1106 4
1107 1
1108 1
1109 5
1110 1
1111 1
1112 1
1113 1
1114 2
1115 1
1116 1
1117 6
1118 1
1119 1
1120 4
1121 1
1122 1
1123 1
1124 2
1125 1
1126 2
1127 2
1128 5
1129 1
1130 1
1131 3
1132 1
1133 1
1134 2
1135 2
1136 1
1137 1
1138 3
1139 5
1140 1
1141 1
1142 4
1143 1
1144 1
1145 1
1146 1
1147 1
1148 1
1149 2
1150 1
1151 1
1152 1
1153 2
1154 4
1155 1
1156 1
1157 1
1158 1
1159 2
1160 3
1161 1
1162 2
1163 1
1164 1
1165 1
1166 1
1167 2
1168 1
1169 2
1170 1
1171 1
1172 1
1173 1
1174 2
1175 1
1176 2
1177 1
1178 4
1179 1
1180 1
1181 1
1182 1
1183 1
1184 1
1185 1
1186 1
1187 1
1188 1
1189 1
1190 3
1191 1
1192 10
1193 1
1194 6
1195 1
1196 1
1197 1
1198 1
1199 1
1200 1
1201 1
1202 1
1203 3
1204 1
1205 7
1206 16
1207 1
1208 1
1209 1
1210 3
1211 1
1212 1
1213 1
1214 1
1215 1
1216 3
1217 1
1218 1
1219 2
1220 2
1221 1
1222 1
1223 1
1224 1
1225 2
1226 1
1227 1
1228 1
1229 1
1230 1
1231 1
1232 1
1233 1
1234 1
1235 1
1236 2
1237 1
1238 1
1239 1
1240 1
1241 1
1242 2
1243 1
1244 1
1245 1
1246 1
1247 1
1248 1
1249 1
1250 1
1251 1
1252 1
1253 1
1254 2
1255 1
1256 1
1257 1
1258 1
1259 1
1260 1
1261 2
1262 1
1263 1
1264 1
1265 2
1266 5
1267 1
1268 1
1269 1
1270 2
1271 1
1272 1
1273 1
1274 2
1275 1
1276 1
1277 36
1278 1
1279 1
1280 1
1281 2
1282 1
1283 2
1284 1
1285 1
1286 1
1287 1
1288 1
1289 1
1290 2
1291 2
1292 2
1293 1
1294 1
1295 1
1296 1
1297 1
1298 3
1299 1
1300 1
1301 3
1302 1
1303 1
1304 1
1305 1
1306 281
1307 1
1308 1
1309 1
1310 2
1311 11
1312 4
1313 1
1314 1
1315 1
1316 1
1317 1
1318 2
1319 2
1320 3
1321 1
1322 2
1323 1
1324 2
1325 1
1326 2
1327 2
1328 1
1329 1
1330 3
1331 1
1332 1
1333 1
1334 1
1335 1
1336 1
1337 1
1338 2
1339 1
1340 2
1341 1
1342 1
1343 1
1344 2
1345 1
1346 2
1347 1
1348 1
1349 1
1350 1
1351 1
1352 2
1353 2
1354 29
1355 1
1356 1
1357 1
1358 4
1359 1
1360 1
1361 1
1362 3
1363 1
1364 1
1365 2
1366 1
1367 1
1368 1
1369 2
1370 1
1371 1
1372 1
1373 2
1374 1
1375 1
1376 1
1377 1
1378 1
1379 1
1380 1
1381 1
1382 1
1383 1
1384 1
1385 2
1386 1
1387 1
1388 1
1389 1
1390 2
1391 1
1392 1
1393 13
1394 2
1395 2
1396 4
1397 2
1398 4
1399 1
1400 1
1401 1
1402 1
1403 1
1404 2
1405 3
1406 10
1407 1
1408 4
1409 1
1410 1
1411 2
1412 5
1413 1
1414 1
1415 1
1416 2
1417 1
1418 3
1419 3
1420 2
1421 2
1422 35
1423 1
1424 1
1425 1
1426 2
1427 1
1428 1
1429 1
1430 1
1431 2
1432 1
1433 1
1434 1
1435 1
1436 2
1437 1
1438 1
1439 2
1440 2
1441 1
1442 1
1443 1
1444 1
1445 1
1446 1
1447 5
1448 17
1449 1
1450 1
1451 1
1452 9
1453 2
1454 13
1455 1
1456 9
1457 1
1458 1
1459 2
1460 1
1461 6
1462 3
1463 3
1464 1
1465 1
1466 2
1467 4
1468 1
1469 1
1470 1
1471 1
1472 1
1473 1
1474 2
1475 1
1476 1
1477 1
1478 2
1479 1
1480 1
1481 1
1482 2
1483 1
1484 1
1485 1
1486 1
1487 1
1488 1
1489 1
1490 1
1491 1
1492 1
1493 1
1494 2
1495 11
1496 1
1497 1
1498 1
1499 1
1500 8
1501 1
1502 10
1503 1
1504 1
1505 1
1506 6
1507 1
1508 6
1509 1
1510 1
1511 9
1512 2
1513 3
1514 7
1515 1
1516 1
1517 2
1518 3
1519 1
1520 1
1521 1
1522 1
1523 1
1524 207
1525 1
1526 2
1527 1
1528 1
1529 1
1530 1
1531 1
1532 2
1533 1
1534 1
1535 2
1536 1
1537 3
1538 1
1539 1
1540 1
1541 1
1542 1
1543 3
1544 1
1545 1
1546 8
1547 1
1548 1
1549 5
1550 1
1551 2
1552 2
1553 1
1554 1
1555 1
1556 1
1557 1
1558 1
1559 1
1560 1
1561 1
1562 2
1563 1
1564 2
1565 2
1566 1
1567 1
1568 1
1569 2
1570 9
1571 1
1572 4
1573 1
1574 8
1575 1
1576 1
1577 1
1578 2
1579 4
1580 1
1581 1
1582 2
1583 1
1584 1
1585 1
1586 1
1587 1
1588 3
1589 1
1590 1
1591 1
1592 2
1593 1
1594 1
1595 4
1596 1
1597 1
1598 1
1599 2
1600 4
1601 1
1602 1
1603 3
1604 1
1605 20
1606 1
1607 1
1608 1
1609 1
1610 1
1611 3
1612 1
1613 1
1614 1
1615 1
1616 1
1617 1
1618 3
1619 4
1620 2
1621 2
1622 1
1623 1
1624 1
1625 1
1626 1
1627 1
1628 1
1629 1
1630 1
1631 3
1632 1
1633 2
1634 1
1635 2
1636 1
1637 1
1638 1
1639 1
1640 1
1641 16
1642 1
1643 1
1644 1
1645 1
1646 7
1647 1
1648 1
1649 1
1650 1
1651 2
1652 1
1653 1
1654 1
1655 2
1656 1
1657 3
1658 1
1659 1
1660 1
1661 1
1662 1
1663 5
1664 1
1665 1
1666 1
1667 1
1668 2
1669 3
1670 1
1671 1
1672 2
1673 1
1674 1
1675 3
1676 1
1677 1
1678 1
1679 1
1680 1
1681 5
1682 2
1683 1
1684 1
1685 1
1686 1
1687 1
1688 1
1689 1
1690 1
1691 1
1692 1
1693 1
1694 1
1695 3
1696 1
1697 6
1698 1
1699 2
1700 1
1701 17
1702 1
1703 1
1704 1
1705 34
1706 7
1707 1
1708 2
1709 1
1710 1
1711 8
1712 9
1713 3
1714 2
1715 5
1716 1
1717 1
1718 1
1719 1
1720 2
1721 1
1722 1
1723 1
1724 1
1725 1
1726 1
1727 2
1728 2
1729 1
1730 1
1731 1
1732 1
1733 1
1734 1
1735 1
1736 1
1737 3
1738 1
1739 1
1740 1
1741 2
1742 1
1743 7
1744 8
1745 1
1746 1
1747 8
1748 1
1749 1
1750 1
1751 1
1752 1
1753 1
1754 2
1755 1
1756 2
1757 2
1758 1
1759 2
1760 2
1761 1
1762 3
1763 5
1764 2
1765 1
1766 1
1767 1
1768 9
1769 1
1770 1
1771 8
1772 1
1773 1
1774 1
1775 1
1776 1
1777 1
1778 1
1779 3
1780 1
1781 1
1782 5
1783 2
1784 1
1785 1
1786 6
1787 1
1788 1
1789 1
1790 2
1791 1
1792 1
1793 2
1794 1
1795 1
1796 1
1797 1
1798 10
1799 3
1800 2
1801 2
1802 1
1803 5
1804 2
1805 1
1806 1
1807 1
1808 1
1809 1
1810 1
1811 1
1812 1
1813 1
1814 2
1815 2
1816 2
1817 1
1818 3
1819 1
1820 2
1821 1
1822 2
1823 1
1824 3
1825 5
1826 1
1827 1
1828 9
1829 1
1830 1
1831 4
1832 2
1833 1
1834 1
1835 2
1836 1
1837 2
1838 1
1839 1
1840 3
1841 1
1842 4
1843 2
1844 1
1845 1
1846 1
1847 5
1848 3
1849 1
1850 1
1851 1
1852 1
1853 1
1854 2
1855 1
1856 2
1857 1
1858 1
1859 1
1860 1
1861 1
1862 1
1863 4
1864 1
1865 3
1866 1
1867 1
1868 2
1869 1
1870 1
1871 3
1872 1
1873 1
1874 1
1875 2
1876 2
1877 1
1878 1
1879 1
1880 1
1881 1
1882 1
1883 8
1884 1
1885 1
1886 11
1887 1
1888 1
1889 1
1890 1
1891 3
1892 1
1893 1
1894 1
1895 1
1896 7
1897 1
1898 1
1899 1
1900 3
1901 1
1902 2
1903 1
1904 2
1905 1
1906 5
1907 2
1908 2
1909 1
1910 1
1911 1
1912 2
1913 1
1914 1
1915 1
1916 1
1917 1
1918 1
1919 4
1920 1
1921 1
1922 1
1923 1
1924 20
1925 1
1926 6
1927 1
1928 2
1929 1
1930 2
1931 1
1932 1
1933 1
1934 1
1935 1
1936 1
1937 1
1938 2
1939 1
1940 8
1941 51
1942 1
1943 2
1944 1
1945 1
1946 2
1947 10
1948 1
1949 1
1950 1
1951 1
1952 1
1953 1
1954 1
1955 5
1956 1
1957 1
1958 1
1959 1
1960 1
1961 1
1962 1
1963 1
1964 1
1965 1
1966 1
1967 2
1968 1
1969 2
1970 1
1971 5
1972 1
1973 1
1974 13
1975 2
1976 1
1977 1
1978 1
1979 1
1980 1
1981 1
1982 1
1983 2
1984 1
1985 2
1986 1
1987 1
1988 3
1989 3
1990 1
1991 5
1992 1
1993 1
1994 1
1995 1
1996 2
1997 3
1998 2
1999 1
2000 1
2001 1
2002 1
2003 1
2004 2
2005 17
2006 1
2007 1
2008 1
2009 1
2010 11
2011 1
2012 1
2013 1
2014 3
2015 4
2016 3
2017 1
2018 2
2019 1
2020 1
2021 1
2022 18
2023 3
2024 3
2025 2
2026 1
2027 1
2028 1
2029 1
2030 1
2031 1
2032 4
2033 1
2034 2
2035 5
2036 1
2037 1
2038 23
2039 2
2040 1
2041 2
2042 1
2043 1
2044 1
2045 1
2046 1
2047 5
2048 1
2049 1
2050 1
2051 1
2052 1
2053 1
2054 2
2055 1
2056 1
2057 1
2058 1
2059 1
2060 2
2061 1
2062 1
2063 2
2064 1
2065 1
2066 1
2067 1
2068 1
2069 1
2070 7
2071 1
2072 1
2073 1
2074 1
2075 2
2076 1
2077 2
2078 1
2079 1
2080 1
2081 1
2082 3
2083 1
2084 1
2085 1
2086 1
2087 1
2088 1
2089 5
2090 3
2091 1
2092 2
2093 2
2094 1
2095 1
2096 447
2097 1
2098 1
2099 1
2100 2
2101 1
2102 1
2103 1
2104 3
2105 4
2106 3
2107 1
2108 1
2109 1
2110 1
2111 1
2112 1
2113 1
2114 1
2115 1
2116 1
2117 2
2118 1
2119 4
2120 1
2121 1
2122 1
2123 1
2124 2
2125 1
2126 3
2127 1
2128 1
2129 1
2130 1
2131 1
2132 6
2133 2
2134 10
2135 4
2136 1
2137 1
2138 1
2139 2
2140 1
2141 1
2142 1
2143 1
2144 3
2145 3
2146 1
2147 1
2148 2
2149 1
2150 1
2151 5
2152 1
2153 1
2154 2
2155 4
2156 1
2157 5
2158 2
2159 1
2160 1
2161 4
2162 1
2163 1
2164 9
2165 1
2166 1
2167 1
2168 1
2169 1
2170 1
2171 1
2172 10
2173 1
2174 1
2175 1
2176 5
2177 1
2178 1
2179 1
2180 1
2181 4
2182 1
2183 1
2184 1
2185 1
2186 5
2187 1
2188 1
2189 2
2190 1
2191 1
2192 1
2193 1
2194 1
2195 1
2196 1
2197 1
2198 1
2199 4
2200 1
2201 1
2202 1
2203 3
2204 1
2205 2
2206 1
2207 3
2208 2
2209 12
2210 1
2211 1
2212 1
2213 2
2214 1
2215 9
2216 1
2217 2
2218 1
2219 1
2220 1
2221 2
2222 1
2223 1
2224 1
2225 1
2226 1
2227 1
2228 1
2229 1
2230 1
2231 1
2232 1
2233 1
2234 8
2235 1
2236 1
2237 2
2238 4
2239 1
2240 1
2241 2
2242 1
2243 3
2244 5
2245 1
2246 1
2247 3
2248 1
2249 1
2250 6
2251 1
2252 1
2253 1
2254 1
2255 1
2256 1
2257 3
2258 1
2259 1
2260 2
2261 1
2262 1
2263 3
2264 7
2265 1
2266 2
2267 1
2268 1
2269 1
2270 3
2271 9
2272 2
2273 2
2274 1
2275 1
2276 1
2277 1
2278 1
2279 1
2280 1
2281 1
2282 2
2283 9
2284 4
2285 1
2286 1
2287 5
2288 1
2289 2
2290 1
2291 1
2292 1
2293 3
2294 1
2295 1
2296 2
2297 1
2298 1
2299 1
2300 1
2301 1
2302 3
2303 1
2304 2
2305 1
2306 2
2307 1
2308 1
2309 1
2310 1
2311 1
2312 1
2313 2
2314 2
2315 4
2316 1
2317 1
2318 2
2319 1
2320 1
2321 2
2322 1
2323 3
2324 1
2325 1
2326 1
2327 1
2328 3
2329 1
2330 1
2331 1
2332 2
2333 1
2334 1
2335 1
2336 2
2337 1
2338 1
2339 1
2340 1
2341 3
2342 1
2343 1
2344 2
2345 1
2346 1
2347 1
2348 4
2349 1
2350 1
2351 1
2352 1
2353 1
2354 2
2355 1
2356 1
2357 10
2358 3
2359 1
2360 1
2361 1
2362 1
2363 1
2364 3
2365 1
2366 1
2367 1
2368 1
2369 1
2370 2
2371 1
2372 1
2373 1
2374 1
2375 4
2376 2
2377 1
2378 1
2379 1
2380 1
2381 1
2382 1
2383 1
2384 1
2385 9
2386 1
2387 1
2388 1
2389 1
2390 1
2391 2
2392 1
2393 4
2394 1
2395 1
2396 1
2397 1
2398 2
2399 1
2400 2
2401 1
2402 2
2403 1
2404 7
2405 1
2406 1
2407 6
2408 1
2409 1
2410 2
2411 27
2412 2
2413 1
2414 1
2415 1
2416 2
2417 1
2418 1
2419 1
2420 2
2421 1
2422 1
2423 1
2424 2
2425 1
2426 1
2427 1
2428 1
2429 2
2430 1
2431 1
2432 5
2433 2
2434 8
2435 1
2436 1
2437 2
2438 89
2439 8
2440 1
2441 1
2442 1
2443 1
2444 1
2445 4
2446 1
2447 1
2448 2
2449 1
2450 1
2451 1
2452 2
2453 1
2454 2
2455 1
2456 1
2457 1
2458 1
2459 1
2460 1
2461 1
2462 7
2463 1
2464 2
2465 1
2466 2
2467 2
2468 1
2469 1
2470 8
2471 1
2472 1
2473 1
2474 3
2475 1
2476 13
2477 1
2478 1
2479 2
2480 1
2481 6
2482 1
2483 1
2484 1
2485 2
2486 1
2487 1
2488 1
2489 2
2490 2
2491 1
2492 1
2493 1
2494 2
2495 1
2496 11
2497 1
2498 1
2499 1
2500 2
2501 1
2502 1
2503 1
2504 1
2505 1
2506 3
2507 5
2508 5
2509 1
2510 1
2511 1
2512 2
2513 1
2514 1
2515 1
2516 2
2517 1
2518 2
2519 1
2520 1
2521 1
2522 1
2523 1
2524 1
2525 1
2526 1
2527 1
2528 1
2529 1
2530 1
2531 1
2532 1
2533 1
2534 1
2535 4
2536 1
2537 1
2538 1
2539 2
2540 1
2541 1
2542 1
2543 9
2544 1
2545 1
2546 1
2547 2
2548 2
2549 1
2550 2
2551 13
2552 1
2553 1
2554 2
2555 2
2556 24
2557 2
2558 2
2559 1
2560 1
2561 1
2562 1
2563 1
2564 4
2565 1
2566 1
2567 47
2568 1
2569 1
2570 1
2571 1
2572 2
2573 1
2574 1
2575 1
2576 1
2577 1
2578 1
2579 4
2580 1
2581 1
2582 1
2583 1
2584 1
2585 2
2586 1
2587 1
2588 1
2589 1
2590 4
2591 1
2592 1
2593 3
2594 1
2595 2
2596 1
2597 1
2598 14
2599 1
2600 2
2601 1
2602 2
2603 1
2604 1
2605 1
2606 1
2607 1
2608 1
2609 1
2610 1
2611 1
2612 1
2613 1
2614 2
2615 2
2616 1
2617 1
2618 1
2619 1
2620 1
2621 2
2622 6
2623 1
2624 5
2625 2
2626 1
2627 1
2628 1
2629 1
2630 1
2631 1
2632 1
2633 1
2634 1
2635 2
2636 4
2637 1
2638 3
2639 1
2640 1
2641 1
2642 2
2643 3
2644 1
2645 1
2646 3
2647 1
2648 1
2649 1
2650 1
2651 34
2652 1
2653 1
2654 1
2655 1
2656 1
2657 4
2658 1
2659 1
2660 2
2661 2
2662 1
2663 1
2664 1
2665 1
2666 1
2667 1
2668 2
2669 2
2670 1
2671 1
2672 1
2673 1
2674 4
2675 1
2676 1
2677 1
2678 10
2679 1
2680 1
2681 1
2682 1
2683 1
2684 1
2685 1
2686 1
2687 1
2688 5
2689 1
2690 1
2691 2
2692 1
2693 1
2694 1
2695 1
2696 10
2697 1
2698 1
2699 1
2700 1
2701 1
2702 1
2703 1
2704 1
2705 2
2706 1
2707 3
2708 2
2709 1
2710 6
2711 1
2712 6
2713 1
2714 1
2715 11
2716 3
2717 1
2718 1
2719 1
2720 5
2721 2
2722 1
2723 1
2724 1
2725 1
2726 1
2727 3
2728 43
2729 2
2730 1
2731 1
2732 1
2733 1
2734 1
2735 1
2736 1
2737 3
2738 2
2739 1
2740 2
2741 1
2742 1
2743 3
2744 1
2745 1
2746 1
2747 2
2748 2
2749 1
2750 5
2751 1
2752 2
2753 1
2754 2
2755 3
2756 14
2757 1
2758 1
2759 1
2760 1
2761 1
2762 3
2763 1
2764 1
2765 1
2766 1
2767 1
2768 1
2769 1
2770 3
2771 1
2772 1
2773 1
2774 1
2775 1
2776 6
2777 1
2778 1
2779 1
2780 1
2781 7
2782 3
2783 10
2784 3
2785 1
2786 1
2787 1
2788 1
2789 1
2790 2
2791 1
2792 1
2793 3
2794 47
2795 1
2796 4
2797 1
2798 1
2799 1
2800 1
2801 1
2802 1
2803 3
2804 1
2805 3
2806 1
2807 2
2808 1
2809 1
2810 2
2811 2
2812 35
2813 31
2814 10
2815 1
2816 1
2817 1
2818 1
2819 1
2820 1
2821 2
2822 1
2823 3
2824 1
2825 1
2826 1
2827 3
2828 1
2829 1
2830 1
2831 16
2832 3
2833 1
2834 1
2835 5
2836 1
2837 1
2838 1
2839 1
2840 1
2841 2
2842 3
2843 1
2844 1
2845 2
2846 1
2847 1
2848 2
2849 1
2850 1
2851 1
2852 1
2853 1
2854 1
2855 2
2856 1
2857 1
2858 1
2859 1
2860 1
2861 1
2862 1
2863 5
2864 2
2865 1
2866 4
2867 2
2868 1
2869 1
2870 1
2871 2
2872 1
2873 6
2874 1
2875 1
2876 2
2877 1
2878 1
2879 1
2880 13
2881 1
2882 6
2883 224
2884 1
2885 1
2886 1
2887 1
2888 1
2889 1
2890 1
2891 1
2892 1
2893 2
2894 2
2895 1
2896 1
2897 1
2898 5
2899 1
2900 1
2901 1
2902 1
2903 1
2904 2
2905 1
2906 1
2907 4
2908 1
2909 1
2910 1
2911 1
2912 2
2913 2
2914 1
2915 1
2916 1
2917 1
2918 1
2919 1
2920 2
2921 4
2922 1
2923 1
2924 7
2925 3
2926 1
2927 1
2928 1
2929 1
2930 2
2931 1
2932 4
2933 1
2934 1
2935 1
2936 1
2937 1
2938 1
2939 1
2940 1
2941 5
2942 2
2943 1
2944 2
2945 1
2946 4
2947 1
2948 1
2949 1
2950 2
2951 2
2952 1
2953 3
2954 1
2955 3
2956 6
2957 1
2958 2
2959 1
2960 1
2961 4
2962 2
2963 1
2964 5
2965 1
2966 23
2967 3
2968 8
2969 1
2970 1
2971 2
2972 1
2973 1
2974 2
2975 1
2976 1
2977 1
2978 1
2979 1
2980 1
2981 2
2982 6
2983 1
2984 1
2985 1
2986 1
2987 5
2988 1
2989 1
2990 3
2991 1
2992 1
2993 1
2994 2
2995 1
2996 2
2997 1
2998 4
2999 1
3000 1
3001 2
3002 1
3003 1
3004 1
3005 2
3006 2
3007 6
3008 1
3009 1
3010 1
3011 1
3012 6
3013 1
3014 1
3015 1
3016 3
3017 2
3018 1
3019 1
3020 1
3021 1
3022 1
3023 1
3024 1
3025 4
3026 1
3027 5
3028 1
3029 1
3030 1
3031 6
3032 1
3033 1
3034 1
3035 1
3036 1
3037 3
3038 4
3039 3
3040 2
3041 1
3042 1
3043 2
3044 1
3045 1
3046 1
3047 1
3048 1
3049 11
3050 1
3051 1
3052 1
3053 1
3054 1
3055 1
3056 2
3057 1
3058 2
3059 5
3060 1
3061 5
3062 2
3063 1
3064 1
3065 2
3066 1
3067 7
3068 1
3069 1
3070 1
3071 1
3072 1
3073 1
3074 1
3075 1
3076 1
3077 2
3078 1
3079 1
3080 6
3081 1
3082 1
3083 3
3084 1
3085 1
3086 1
3087 2
3088 1
3089 1
3090 1
3091 2
3092 1
3093 1
3094 1
3095 1
3096 1
3097 3
3098 2
3099 1
3100 1
3101 2
3102 2
3103 9
3104 1
3105 1
3106 28
3107 1
3108 1
3109 14
3110 1
3111 1
3112 1
3113 1
3114 1
3115 3
3116 1
3117 1
3118 1
3119 1
3120 1
3121 2
3122 14
3123 1
3124 1
3125 1
3126 1
3127 1
3128 2
3129 2
3130 4
3131 2
3132 1
3133 1
3134 1
3135 1
3136 5
3137 1
3138 1
3139 1
3140 1
3141 1
3142 2
3143 1
3144 1
3145 1
3146 1
3147 34
3148 1
3149 1
3150 1
3151 1
3152 1
3153 1
3154 1
3155 2
3156 3
3157 1
3158 3
3159 5
3160 1
3161 1
3162 1
3163 1
3164 2
3165 1
3166 2
3167 2
3168 1
3169 1
3170 1
3171 1
3172 1
3173 1
3174 5
3175 1
3176 1
3177 1
3178 1
3179 1
3180 1
3181 2
3182 6
3183 1
3184 6
3185 1
3186 2
3187 1
3188 1
3189 6
3190 11
3191 1
3192 1
3193 3
3194 1
3195 1
3196 1
3197 2
3198 1
3199 1
3200 1
3201 2
3202 1
3203 1
