0 1271
1 26
2 1
3 1
4 2
5 1
6 1
7 1
8 2
9 1
10 2
11 1
12 5
13 1
14 2
15 1
16 1
17 1
18 6
19 1
20 3
21 2
22 1
23 2
24 2
25 1
26 1
27 1
28 1
29 1
30 1
31 1
32 1
33 1
34 1
35 1
36 1
37 1
38 1
39 1
40 1
41 3
42 2
43 1
44 1
45 1
46 1
47 10
48 1
49 2
50 9
51 1
52 1
53 1
54 1
55 1
56 2
57 1
58 1
59 1
60 2
61 2
62 1
63 1
64 1
65 1
66 2
67 1
68 1
69 2
70 1
71 2
72 2
73 1
74 1
75 1
76 1
77 2
78 1
79 1
80 2
81 1
82 49
83 1
84 1
85 1
86 1
87 1
88 1
89 1
90 1
91 3
92 1
93 1
94 1
95 2
96 1
97 1
98 1
99 6
100 3
101 4
102 1
103 3
104 1
105 2
106 1
107 1
108 2
109 1
110 1
111 4
112 1
113 1
114 1
115 1
116 1
117 2
118 16
119 1
120 3
121 1
122 1
123 2
124 1
125 1
126 5
127 1
128 1
129 1
130 1
131 3
132 1
133 1
134 1
135 1
136 4
137 2
138 1
139 1
140 1
141 3
142 1
143 1
144 2
145 2
146 1
147 1
148 2
149 1
150 1
151 1
152 1
153 1
154 1
155 1
156 1
157 1
158 2
159 1
160 1
161 11
162 4
163 1
164 1
165 1
166 5
167 1
168 1
169 1
170 1
171 1
172 1
173 8
174 4
175 1
176 1
177 1
178 1
179 7
180 1
181 1
182 6
183 1
184 1
185 1
186 2
187 5
188 5
189 3
190 1
191 1
192 1
193 1
194 1
195 1
196 2
197 1
198 3
199 4
200 1
201 4
202 1
203 1
204 1
205 1
206 1
207 2
208 1
209 5
210 1
211 1
212 2
213 3
214 1
215 1
216 1
217 1
218 3
219 1
220 3
221 1
222 1
223 2
224 1
225 2
226 1
227 1
228 1
229 1
230 1
231 1
232 1
233 1
234 1
235 1
236 1
237 1
238 1
239 5
240 4
241 2
242 1
243 1
244 2
245 3
246 3
247 1
248 1
249 54
250 3
251 2
252 5
253 2
254 1
255 1
256 1
257 12
258 1
259 6
260 21
261 11
262 1
263 1
264 4
265 4
266 1
267 1
268 3
269 1
270 4
271 1
272 1
273 1
274 6
275 1
276 2
277 1
278 1
279 1
280 1
281 3
282 5
283 1
284 1
285 1
286 1
287 1
288 2
289 2
290 1
291 1
292 11
293 1
294 1
295 1
296 1
297 1
298 5
299 1
300 1
301 5
302 1
303 2
304 2
305 1
306 14
307 1
308 1
309 1
310 1
311 1
312 1
313 1
314 1
315 2
316 1
317 1
318 3
319 1
320 1
321 1
322 1
323 1
324 1
325 1
326 2
327 2
328 6
329 1
330 1
331 1
332 2
333 1
334 1
335 1
336 2
337 3
338 1
339 13
340 1
341 1
342 2
343 1
344 1
345 2
346 1
347 1
348 1
349 1
350 1
351 1
352 1
353 1
354 2
355 1
356 1
357 2
358 2
359 1
360 1
361 1
362 1
363 1
364 1
365 1
366 1
367 1
368 1
369 1
370 1
371 5
372 1
373 1
374 1
375 5
376 1
377 1
378 2
379 2
380 2
381 1
382 2
383 1
384 1
385 2
386 1
387 1
388 23
389 2
390 4
391 1
392 1
393 1
394 1
395 1
396 1
397 1
398 13
399 1
400 1
401 1
402 1
403 1
404 1
405 1
406 1
407 5
408 1
409 1
410 1
411 1
412 1
413 1
414 2
415 1
416 1
417 1
418 1
419 2
420 2
421 1
422 1
423 1
424 1
425 1
426 2
427 1
428 1
429 1
430 2
431 1
432 1
433 3
434 1
435 1
436 2
437 1
438 1
439 1
440 1
441 1
442 2
443 1
444 1
445 2
446 1
447 1
448 1
449 1
450 1
451 1
452 1
453 2
454 1
455 1
456 2
457 1
458 1
459 1
460 1
461 1
462 1
463 2
464 1
465 1
466 1
467 1
468 1
469 1
470 1
471 1
472 2
473 2
474 3
475 2
476 1
477 1
478 1
479 1
480 1
481 5
482 1
483 2
484 1
485 1
486 2
487 3
488 1
489 1
490 1
491 1
492 4
493 6
494 1
495 1
496 5
497 1
498 1
499 1
500 1
501 1
502 1
503 1
504 1
505 1
506 4
507 1
508 2
509 1
510 2
511 18
512 35
513 1
514 1
515 8
516 1
517 1
518 1
519 7
520 1
521 1
522 1
523 2
524 1
525 1
526 1
527 3
528 1
529 1
530 4
531 1
532 1
533 1
534 1
535 1
536 1
537 1
538 2
539 1
540 10
541 2
542 1
543 1
544 1
545 1
546 1
547 9
548 9
549 3
550 1
551 1
552 1
553 1
554 7
555 1
556 1
557 1
558 3
559 1
560 1
561 2
562 1
563 1
564 3
565 1
566 1
567 1
568 1
569 1
570 1
571 1
572 1
573 1
574 1
575 31
576 1
577 1
578 1
579 14
580 1
581 1
582 2
583 1
584 9
585 1
586 1
587 1
588 1
589 1
590 1
591 1
592 5
593 1
594 1
595 1
596 1
597 1
598 1
599 1
600 3
601 246
602 1
603 1
604 1
605 8
606 1
607 1
608 2
609 1
610 1
611 1
612 1
613 2
614 1
615 1
616 1
617 2
618 1
619 4
620 1
621 1
622 1
623 16
624 1
625 1
626 1
627 1
628 1
629 1
630 1
631 4
632 5
633 5
634 1
635 1
636 1
637 1
638 1
639 1
640 2
641 3
642 1
643 1
644 1
645 1
646 3
647 1
648 1
649 1
650 2
651 1
652 1
653 2
654 1
655 1
656 5
657 1
658 1
659 2
660 1
661 1
662 3
663 1
664 1
665 2
666 5
667 1
668 1
669 103
670 1
671 1
672 1
673 2
674 8
675 2
676 1
677 1
678 1
679 1
680 2
681 1
682 1
683 1
684 2
685 1
686 1
687 1
688 1
689 1
690 2
691 1
692 1
693 1
694 1
695 4
696 1
697 18
698 1
699 1
700 3
701 3
702 1
703 1
704 3
705 1
706 1
707 2
708 6
709 9
710 1
711 2
712 1
713 1
714 1
715 1
716 3
717 1
718 1
719 1
720 2
721 2
722 1
723 1
724 1
725 2
726 2
727 2
728 1
729 1
730 1
731 1
732 1
733 2
734 1
735 14
736 1
737 1
738 1
739 1
740 10
741 1
742 2
743 1
744 1
745 1
746 1
747 1
748 4
749 1
750 1
751 1
752 2
753 1
754 3
755 1
756 3
757 1
758 1
759 1
760 7
761 1
762 1
763 3
764 10
765 1
766 1
767 1
768 4
769 1
770 1
771 1
772 1
773 1
774 1
775 1
776 1
777 1
778 3
779 1
780 4
781 1
782 1
783 1
784 1
785 1
786 3
787 1
788 1
789 1
790 1
791 1
792 1
793 2
794 1
795 1
796 1
797 1
798 1
799 1
800 3
801 1
802 1
803 1
804 1
805 2
806 1
807 1
808 1
809 1
810 3
811 5
812 1
813 1
814 1
815 2
816 1
817 1
818 1
819 1
820 1
821 1
822 1
823 1
824 1
825 1
826 2
827 2
828 1
829 1
830 3
831 1
832 2
833 1
834 1
835 7
836 3
837 1
838 1
839 1
840 1
841 18
842 1
843 6
844 1
845 1
846 1
847 1
848 1
849 1
850 1
851 1
852 1
853 4
854 2
855 3
856 1
857 1
858 8
859 1
860 1
861 1
862 1
863 1
864 1
865 1
866 4
867 1
868 1
869 1
870 1
871 3
872 8
873 12
874 1
875 3
876 4
877 4
878 1
879 1
880 1
881 1
882 2
883 6
884 2
885 1
886 1
887 1
888 1
889 1
890 3
891 1
892 2
893 1
894 1
895 1
896 1
897 2
898 1
899 5
900 1
901 1
902 1
903 1
904 1
905 1
906 1
907 4
908 2
909 1
910 1
911 1
912 38
913 1
914 1
915 1
916 1
917 1
918 1
919 1
920 4
921 2
922 2
923 1
924 1
925 4
926 1
927 10
928 1
929 1
930 2
931 1
932 1
933 3
934 1
935 1
936 2
937 1
938 1
939 3
940 1
941 1
942 1
943 1
944 2
945 1
946 1
947 1
948 4
949 7
950 1
951 2
952 1
953 55
954 1
955 1
956 1
957 1
958 1
959 1
960 3
961 1
962 1
963 6
964 1
965 1
966 1
967 1
968 1
969 1
970 2
971 1
972 1
973 1
974 1
975 1
976 1
977 1
978 5
979 1
980 1
981 1
982 1
983 1
984 4
985 9
986 1
987 1
988 1
989 1
990 1
991 1
992 1
993 1
994 1
995 1
996 1
997 8
998 1
999 1
1000 1
1001 3
1002 1
1003 1
1004 7
1005 1
1006 1
1007 1
1008 1
1009 1
1010 1
1011 1
1012 2
1013 1
1014 1
1015 1
1016 1
1017 1
1018 1
1019 4
1020 5
1021 1
1022 1
1023 19
1024 3
1025 2
1026 1
1027 1
1028 1
1029 1
1030 1
1031 2
1032 1
1033 1
1034 1
1035 1
1036 6
1037 4
1038 1
1039 1
1040 3
1041 1
1042 1
1043 1
1044 9
1045 1
1046 4
1047 1
1048 1
1049 1
1050 1
1051 1
1052 1
1053 2
1054 1
1055 1
1056 1
1057 1
1058 1
1059 3
1060 1
1061 3
1062 1
1063 1
1064 6
1065 2
1066 1
1067 1
1068 1
1069 1
1070 2
1071 2
1072 2
1073 4
1074 1
1075 1
1076 1
1077 1
1078 3
1079 3
1080 1
1081 1
1082 1
1083 1
1084 1
1085 2
1086 1
1087 1
1088 1
1089 1
1090 1
1091 4
1092 6
1093 3
1094 1
1095 1
1096 20
1097 1
1098 1
1099 1
1100 2
1101 2
1102 2
1103 7
1104 1
1105 1
1106 1
1107 3
1108 1
1109 1
1110 1
1111 5
1112 2
1113 1
1114 1
1115 2
1116 1
1117 1
1118 1
1119 1
1120 1
1121 41
1122 3
1123 7
1124 2
1125 1
1126 3
1127 2
1128 1
1129 1
1130 2
1131 1
1132 1
1133 1
1134 1
1135 1
1136 1
1137 1
1138 2
1139 1
1140 1
1141 49
1142 2
1143 1
1144 2
1145 1
1146 1
1147 3
1148 1
1149 1
1150 1
1151 1
1152 1
1153 1
1154 1
1155 1
1156 1
1157 4
1158 1
1159 3
1160 1
1161 2
1162 1
1163 1
1164 1
1165 1
1166 1
1167 5
1168 1
1169 1
1170 1
1171 3
1172 1
1173 2
1174 1
1175 1
1176 1
1177 1
1178 1
1179 1
1180 1
1181 1
1182 1
1183 1
1184 1
1185 2
1186 1
1187 1
1188 2
1189 1
1190 1
1191 2
1192 1
1193 1
1194 2
1195 1
1196 1
1197 2
1198 1
1199 1
1200 7
1201 2
1202 4
1203 1
1204 1
1205 1
1206 1
1207 1
1208 1
1209 2
1210 1
1211 1
1212 13
1213 1
1214 1
1215 1
1216 1
1217 2
1218 1
1219 1
1220 1
1221 1
1222 2
1223 1
1224 1
1225 1
1226 3
1227 1
1228 1
1229 1
1230 1
1231 1
1232 2
1233 1
1234 1
1235 1
1236 1
1237 1
1238 1
1239 1
1240 1
1241 2
1242 1
1243 1
1244 1
1245 3
1246 1
1247 1
1248 2
1249 1
1250 1
1251 3
1252 1
1253 3
1254 1
1255 1
1256 1
1257 1
1258 1
1259 3
1260 1
1261 2
1262 2
1263 2
1264 1
1265 1
1266 1
1267 1
1268 2
1269 3
1270 1
1271 1
1272 1
1273 1
1274 1
1275 1
1276 1
1277 34
1278 1
1279 1
1280 1
1281 1
1282 1
1283 1
1284 1
1285 1
1286 1
1287 2
1288 1
1289 1
1290 1
1291 1
1292 1
1293 1
1294 1
1295 1
1296 23
1297 1
1298 1
1299 4
1300 2
1301 2
1302 1
1303 1
1304 1
1305 1
1306 1
1307 280
1308 4
1309 3
1310 1
1311 9
1312 4
1313 1
1314 3
1315 1
1316 1
1317 1
1318 1
1319 1
1320 1
1321 2
1322 1
1323 1
1324 1
1325 1
1326 49
1327 1
1328 1
1329 1
1330 1
1331 4
1332 4
1333 1
1334 2
1335 2
1336 1
1337 2
1338 1
1339 1
1340 1
1341 1
1342 1
1343 1
1344 1
1345 1
1346 1
1347 1
1348 1
1349 1
1350 1
1351 1
1352 1
1353 1
1354 1
1355 3
1356 1
1357 1
1358 1
1359 1
1360 3
1361 1
1362 1
1363 2
1364 1
1365 1
1366 1
1367 1
1368 1
1369 1
1370 1
1371 1
1372 1
1373 3
1374 1
1375 3
1376 1
1377 1
1378 1
1379 1
1380 2
1381 1
1382 3
1383 1
1384 1
1385 10
1386 1
1387 1
1388 2
1389 1
1390 1
1391 13
1392 1
1393 1
1394 2
1395 1
1396 1
1397 1
1398 4
1399 1
1400 2
1401 2
1402 1
1403 2
1404 2
1405 2
1406 3
1407 1
1408 1
1409 1
1410 2
1411 2
1412 1
1413 2
1414 1
1415 1
1416 1
1417 1
1418 1
1419 1
1420 1
1421 1
1422 1
1423 21
1424 1
1425 1
1426 1
1427 1
1428 2
1429 1
1430 1
1431 3
1432 1
1433 3
1434 1
1435 3
1436 1
1437 1
1438 2
1439 1
1440 1
1441 9
1442 6
1443 1
1444 1
1445 1
1446 1
1447 1
1448 5
1449 10
1450 1
1451 1
1452 3
1453 1
1454 3
1455 1
1456 1
1457 7
1458 1
1459 2
1460 14
1461 1
1462 4
1463 6
1464 1
1465 4
1466 1
1467 1
1468 1
1469 2
1470 1
1471 1
1472 1
1473 1
1474 1
1475 2
1476 2
1477 1
1478 1
1479 1
1480 1
1481 4
1482 3
1483 2
1484 2
1485 3
1486 1
1487 1
1488 1
1489 1
1490 1
1491 2
1492 1
1493 3
1494 1
1495 4
1496 1
1497 1
1498 1
1499 2
1500 1
1501 1
1502 2
1503 1
1504 7
1505 3
1506 1
1507 1
1508 1
1509 4
1510 1
1511 1
1512 7
1513 2
1514 1
1515 1
1516 1
1517 3
1518 2
1519 1
1520 3
1521 1
1522 1
1523 1
1524 3
1525 6
1526 1
1527 1
1528 2
1529 1
1530 2
1531 1
1532 1
1533 1
1534 2
1535 1
1536 1
1537 1
1538 1
1539 1
1540 1
1541 1
1542 1
1543 11
1544 1
1545 1
1546 9
1547 1
1548 3
1549 1
1550 1
1551 1
1552 1
1553 1
1554 1
1555 1
1556 1
1557 1
1558 1
1559 1
1560 1
1561 2
1562 10
1563 1
1564 1
1565 2
1566 1
1567 2
1568 2
1569 1
1570 1
1571 1
1572 1
1573 3
1574 1
1575 1
1576 2
1577 1
1578 1
1579 1
1580 1
1581 1
1582 1
1583 1
1584 2
1585 8
1586 1
1587 1
1588 1
1589 1
1590 1
1591 1
1592 1
1593 5
1594 1
1595 1
1596 16
1597 1
1598 1
1599 1
1600 1
1601 1
1602 1
1603 1
1604 1
1605 6
1606 1
1607 1
1608 4
1609 1
1610 2
1611 1
1612 1
1613 1
1614 2
1615 1
1616 19
1617 1
1618 1
1619 1
1620 2
1621 1
1622 1
1623 1
1624 2
1625 1
1626 1
1627 2
1628 1
1629 1
1630 5
1631 3
1632 1
1633 5
1634 1
1635 3
1636 1
1637 5
1638 1
1639 1
1640 1
1641 1
1642 1
1643 2
1644 2
1645 1
1646 2
1647 1
1648 1
1649 1
1650 1
1651 1
1652 1
1653 1
1654 4
1655 1
1656 2
1657 3
1658 1
1659 1
1660 1
1661 1
1662 1
1663 1
1664 1
1665 1
1666 1
1667 1
1668 1
1669 1
1670 1
1671 1
1672 1
1673 2
1674 2
1675 1
1676 1
1677 4
1678 1
1679 1
1680 1
1681 2
1682 1
1683 2
1684 1
1685 1
1686 1
1687 1
1688 1
1689 1
1690 17
1691 1
1692 1
1693 1
1694 1
1695 20
1696 2
1697 1
1698 2
1699 2
1700 1
1701 2
1702 5
1703 2
1704 3
1705 1
1706 1
1707 1
1708 2
1709 1
1710 2
1711 3
1712 1
1713 1
1714 3
1715 2
1716 1
1717 2
1718 1
1719 1
1720 6
1721 1
1722 1
1723 1
1724 2
1725 1
1726 1
1727 1
1728 1
1729 1
1730 1
1731 1
1732 1
1733 3
1734 1
1735 9
1736 7
1737 1
1738 4
1739 1
1740 4
1741 1
1742 1
1743 1
1744 4
1745 4
1746 1
1747 1
1748 1
1749 1
1750 1
1751 1
1752 1
1753 3
1754 1
1755 3
1756 1
1757 1
1758 1
1759 11
1760 1
1761 1
1762 1
1763 1
1764 1
1765 1
1766 2
1767 1
1768 3
1769 1
1770 4
1771 3
1772 1
1773 1
1774 1
1775 4
1776 1
1777 1
1778 1
1779 1
1780 1
1781 1
1782 1
1783 4
1784 1
1785 1
1786 5
1787 2
1788 1
1789 1
1790 1
1791 1
1792 2
1793 1
1794 1
1795 1
1796 5
1797 1
1798 1
1799 11
1800 3
1801 1
1802 2
1803 1
1804 1
1805 1
1806 4
1807 1
1808 4
1809 1
1810 2
1811 1
1812 2
1813 1
1814 1
1815 1
1816 6
1817 2
1818 4
1819 1
1820 1
1821 1
1822 1
1823 1
1824 1
1825 2
1826 1
1827 4
1828 1
1829 1
1830 2
1831 1
1832 3
1833 1
1834 1
1835 1
1836 3
1837 1
1838 1
1839 2
1840 1
1841 1
1842 1
1843 1
1844 4
1845 1
1846 1
1847 1
1848 2
1849 1
1850 1
1851 3
1852 1
1853 4
1854 4
1855 1
1856 6
1857 1
1858 1
1859 1
1860 1
1861 1
1862 1
1863 1
1864 1
1865 1
1866 1
1867 1
1868 1
1869 1
1870 1
1871 2
1872 3
1873 1
1874 1
1875 1
1876 1
1877 1
1878 1
1879 1
1880 1
1881 1
1882 1
1883 3
1884 1
1885 1
1886 1
1887 1
1888 1
1889 1
1890 2
1891 1
1892 2
1893 1
1894 3
1895 1
1896 2
1897 1
1898 11
1899 1
1900 2
1901 4
1902 1
1903 1
1904 1
1905 1
1906 12
1907 1
1908 3
1909 1
1910 2
1911 1
1912 1
1913 1
1914 6
1915 1
1916 1
1917 1
1918 1
1919 1
1920 1
1921 1
1922 2
1923 1
1924 1
1925 2
1926 1
1927 1
1928 1
1929 1
1930 1
1931 1
1932 23
1933 1
1934 1
1935 2
1936 8
1937 1
1938 2
1939 1
1940 1
1941 1
1942 1
1943 1
1944 1
1945 1
1946 1
1947 1
1948 1
1949 1
1950 1
1951 3
1952 32
1953 2
1954 1
1955 5
1956 3
1957 1
1958 1
1959 2
1960 1
1961 1
1962 1
1963 1
1964 7
1965 2
1966 1
1967 1
1968 2
1969 1
1970 1
1971 1
1972 1
1973 3
1974 1
1975 3
1976 1
1977 9
1978 1
1979 2
1980 1
1981 2
1982 1
1983 1
1984 1
1985 1
1986 1
1987 1
1988 1
1989 1
1990 1
1991 1
1992 1
1993 1
1994 1
1995 2
1996 1
1997 1
1998 1
1999 1
2000 1
2001 2
2002 1
2003 1
2004 1
2005 1
2006 1
2007 1
2008 16
2009 1
2010 1
2011 1
2012 1
2013 2
2014 1
2015 1
2016 3
2017 1
2018 3
2019 1
2020 3
2021 1
2022 5
2023 2
2024 2
2025 1
2026 1
2027 2
2028 2
2029 4
2030 32
2031 6
2032 3
2033 4
2034 1
2035 4
2036 1
2037 10
2038 1
2039 9
2040 4
2041 1
2042 13
2043 1
2044 1
2045 19
2046 1
2047 1
2048 1
2049 1
2050 1
2051 1
2052 1
2053 1
2054 1
2055 1
2056 1
2057 1
2058 1
2059 1
2060 4
2061 9
2062 1
2063 1
2064 1
2065 6
2066 8
2067 1
2068 1
2069 1
2070 1
2071 3
2072 1
2073 1
2074 1
2075 1
2076 1
2077 1
2078 1
2079 1
2080 1
2081 1
2082 1
2083 1
2084 1
2085 1
2086 1
2087 1
2088 6
2089 1
2090 1
2091 3
2092 1
2093 2
2094 1
2095 2
2096 3
2097 1
2098 3
2099 1
2100 1
2101 1
2102 1
2103 1
2104 1
2105 1
2106 405
2107 2
2108 1
2109 1
2110 1
2111 1
2112 11
2113 1
2114 3
2115 1
2116 1
2117 3
2118 1
2119 2
2120 1
2121 1
2122 1
2123 1
2124 2
2125 1
2126 1
2127 2
2128 1
2129 1
2130 1
2131 2
2132 2
2133 1
2134 1
2135 1
2136 2
2137 1
2138 5
2139 2
2140 2
2141 2
2142 1
2143 1
2144 1
2145 2
2146 5
2147 1
2148 1
2149 2
2150 1
2151 3
2152 3
2153 1
2154 1
2155 1
2156 14
2157 4
2158 1
2159 2
2160 3
2161 1
2162 5
2163 6
2164 1
2165 1
2166 4
2167 1
2168 1
2169 2
2170 1
2171 1
2172 1
2173 1
2174 10
2175 3
2176 1
2177 1
2178 1
2179 3
2180 1
2181 13
2182 1
2183 1
2184 3
2185 2
2186 4
2187 1
2188 1
2189 1
2190 1
2191 1
2192 1
2193 1
2194 1
2195 1
2196 1
2197 1
2198 1
2199 1
2200 1
2201 1
2202 2
2203 1
2204 2
2205 1
2206 1
2207 2
2208 1
2209 3
2210 1
2211 1
2212 1
2213 1
2214 15
2215 1
2216 1
2217 1
2218 1
2219 1
2220 1
2221 11
2222 1
2223 1
2224 1
2225 1
2226 1
2227 5
2228 1
2229 1
2230 1
2231 1
2232 1
2233 1
2234 1
2235 1
2236 4
2237 1
2238 1
2239 1
2240 1
2241 1
2242 1
2243 1
2244 5
2245 6
2246 1
2247 1
2248 1
2249 1
2250 1
2251 1
2252 1
2253 2
2254 1
2255 1
2256 1
2257 2
2258 2
2259 1
2260 1
2261 3
2262 4
2263 2
2264 2
2265 1
2266 1
2267 5
2268 2
2269 1
2270 2
2271 8
2272 8
2273 1
2274 1
2275 6
2276 1
2277 1
2278 1
2279 1
2280 2
2281 1
2282 1
2283 1
2284 1
2285 1
2286 2
2287 1
2288 1
2289 7
2290 1
2291 1
2292 1
2293 2
2294 1
2295 1
2296 1
2297 1
2298 11
2299 1
2300 1
2301 1
2302 1
2303 2
2304 1
2305 1
2306 1
2307 1
2308 1
2309 1
2310 1
2311 1
2312 1
2313 1
2314 1
2315 3
2316 1
2317 1
2318 1
2319 1
2320 1
2321 1
2322 1
2323 1
2324 5
2325 1
2326 3
2327 1
2328 1
2329 1
2330 1
2331 1
2332 1
2333 6
2334 1
2335 1
2336 1
2337 1
2338 1
2339 1
2340 3
2341 1
2342 1
2343 1
2344 7
2345 1
2346 1
2347 1
2348 1
2349 1
2350 1
2351 17
2352 1
2353 1
2354 1
2355 2
2356 4
2357 1
2358 2
2359 1
2360 1
2361 2
2362 1
2363 1
2364 1
2365 6
2366 1
2367 1
2368 1
2369 1
2370 1
2371 2
2372 1
2373 2
2374 2
2375 1
2376 2
2377 1
2378 1
2379 1
2380 1
2381 1
2382 11
2383 1
2384 1
2385 1
2386 2
2387 1
2388 1
2389 1
2390 1
2391 1
2392 1
2393 2
2394 1
2395 1
2396 1
2397 230
2398 1
2399 2
2400 7
2401 1
2402 1
2403 34
2404 1
2405 1
2406 1
2407 3
2408 1
2409 1
2410 1
2411 1
2412 1
2413 1
2414 1
2415 1
2416 1
2417 2
2418 2
2419 1
2420 1
2421 16
2422 1
2423 1
2424 1
2425 1
2426 2
2427 2
2428 81
2429 2
2430 10
2431 1
2432 2
2433 1
2434 1
2435 1
2436 3
2437 1
2438 3
2439 1
2440 1
2441 1
2442 6
2443 1
2444 1
2445 1
2446 4
2447 1
2448 1
2449 1
2450 1
2451 1
2452 1
2453 1
2454 1
2455 1
2456 2
2457 1
2458 1
2459 1
2460 1
2461 7
2462 1
2463 1
2464 1
2465 1
2466 1
2467 1
2468 1
2469 1
2470 8
2471 1
2472 1
2473 1
2474 1
2475 1
2476 2
2477 1
2478 1
2479 1
2480 1
2481 1
2482 17
2483 1
2484 2
2485 1
2486 1
2487 1
2488 5
2489 1
2490 2
2491 2
2492 3
2493 4
2494 2
2495 2
2496 1
2497 1
2498 1
2499 1
2500 1
2501 2
2502 1
2503 33
2504 1
2505 1
2506 1
2507 1
2508 1
2509 1
2510 1
2511 1
2512 1
2513 1
2514 1
2515 1
2516 1
2517 1
2518 2
2519 1
2520 1
2521 5
2522 2
2523 1
2524 2
2525 1
2526 1
2527 1
2528 2
2529 9
2530 3
2531 1
2532 1
2533 1
2534 1
2535 1
2536 1
2537 1
2538 9
2539 1
2540 1
2541 2
2542 1
2543 1
2544 17
2545 2
2546 1
2547 1
2548 1
2549 2
2550 1
2551 1
2552 1
2553 9
2554 50
2555 5
2556 1
2557 1
2558 1
2559 1
2560 4
2561 1
2562 1
2563 2
2564 1
2565 1
2566 1
2567 1
2568 1
2569 1
2570 1
2571 2
2572 1
2573 1
2574 1
2575 1
2576 1
2577 1
2578 22
2579 1
2580 1
2581 1
2582 1
2583 1
2584 1
2585 8
2586 1
2587 1
2588 1
2589 1
2590 1
2591 1
2592 2
2593 2
2594 1
2595 1
2596 3
2597 1
2598 1
2599 2
2600 1
2601 1
2602 1
2603 3
2604 1
2605 1
2606 1
2607 1
2608 1
2609 2
2610 2
2611 1
2612 1
2613 1
2614 1
2615 1
2616 2
2617 2
2618 2
2619 1
2620 1
2621 1
2622 1
2623 1
2624 2
2625 1
2626 2
2627 1
2628 1
2629 1
2630 20
2631 1
2632 1
2633 1
2634 1
2635 1
2636 1
2637 2
2638 2
2639 2
2640 1
2641 1
2642 1
2643 3
2644 1
2645 1
2646 1
2647 1
2648 1
2649 1
2650 1
2651 1
2652 1
2653 1
2654 2
2655 1
2656 1
2657 1
2658 1
2659 1
2660 2
2661 7
2662 1
2663 2
2664 1
2665 1
2666 8
2667 2
2668 2
2669 1
2670 1
2671 1
2672 2
2673 1
2674 2
2675 1
2676 1
2677 2
2678 1
2679 1
2680 2
2681 3
2682 1
2683 10
2684 4
2685 3
2686 2
2687 16
2688 2
2689 1
2690 1
2691 1
2692 1
2693 1
2694 1
2695 2
2696 1
2697 4
2698 2
2699 7
2700 1
2701 1
2702 6
2703 1
2704 1
2705 3
2706 2
2707 5
2708 1
2709 2
2710 1
2711 1
2712 1
2713 1
2714 10
2715 1
2716 2
2717 1
2718 1
2719 1
2720 1
2721 3
2722 1
2723 1
2724 1
2725 1
2726 3
2727 47
2728 1
2729 1
2730 1
2731 1
2732 1
2733 1
2734 2
2735 1
2736 1
2737 3
2738 1
2739 1
2740 1
2741 2
2742 7
2743 1
2744 1
2745 1
2746 3
2747 1
2748 1
2749 2
2750 1
2751 1
2752 1
2753 11
2754 2
2755 1
2756 1
2757 1
2758 1
2759 1
2760 1
2761 1
2762 1
2763 1
2764 1
2765 3
2766 12
2767 2
2768 1
2769 7
2770 1
2771 1
2772 1
2773 1
2774 1
2775 2
2776 1
2777 1
2778 1
2779 1
2780 1
2781 2
2782 3
2783 1
2784 2
2785 1
2786 1
2787 12
2788 3
2789 2
2790 1
2791 1
2792 1
2793 2
2794 1
2795 1
2796 46
2797 3
2798 7
2799 1
2800 1
2801 1
2802 1
2803 1
2804 1
2805 1
2806 1
2807 1
2808 25
2809 36
2810 7
2811 1
2812 1
2813 1
2814 1
2815 7
2816 1
2817 1
2818 1
2819 1
2820 1
2821 1
2822 3
2823 1
2824 1
2825 10
2826 3
2827 1
2828 16
2829 1
2830 2
2831 3
2832 1
2833 1
2834 2
2835 1
2836 1
2837 1
2838 1
2839 24
2840 1
2841 1
2842 1
2843 1
2844 1
2845 1
2846 1
2847 3
2848 1
2849 1
2850 1
2851 1
2852 1
2853 1
2854 1
2855 3
2856 2
2857 1
2858 3
2859 1
2860 2
2861 3
2862 1
2863 4
2864 1
2865 2
2866 2
2867 7
2868 2
2869 1
2870 5
2871 2
2872 2
2873 1
2874 1
2875 1
2876 1
2877 1
2878 18
2879 1
2880 1
2881 3
2882 232
2883 2
2884 1
2885 1
2886 1
2887 6
2888 1
2889 1
2890 1
2891 1
2892 1
2893 1
2894 1
2895 1
2896 1
2897 1
2898 1
2899 1
2900 1
2901 1
2902 1
2903 1
2904 1
2905 2
2906 1
2907 2
2908 1
2909 1
2910 1
2911 2
2912 1
2913 2
2914 2
2915 1
2916 1
2917 1
2918 3
2919 1
2920 1
2921 1
2922 1
2923 1
2924 1
2925 1
2926 2
2927 1
2928 1
2929 1
2930 1
2931 1
2932 1
2933 1
2934 1
2935 1
2936 1
2937 2
2938 3
2939 1
2940 1
2941 2
2942 1
2943 2
2944 1
2945 2
2946 1
2947 1
2948 1
2949 1
2950 1
2951 1
2952 4
2953 1
2954 1
2955 1
2956 1
2957 1
2958 3
2959 1
2960 1
2961 1
2962 1
2963 1
2964 2
2965 1
2966 7
2967 1
2968 3
2969 1
2970 1
2971 4
2972 2
2973 2
2974 1
2975 34
2976 2
2977 1
2978 1
2979 1
2980 6
2981 2
2982 1
2983 1
2984 1
2985 1
2986 1
2987 1
2988 1
2989 2
2990 1
2991 1
2992 1
2993 4
2994 1
2995 1
2996 1
2997 5
2998 1
2999 7
3000 1
3001 1
3002 1
3003 3
3004 7
3005 1
3006 1
3007 2
3008 1
3009 1
3010 1
3011 1
3012 1
3013 4
3014 2
3015 1
3016 1
3017 3
3018 1
3019 1
3020 2
3021 1
3022 1
3023 4
3024 2
3025 4
3026 1
3027 1
3028 4
3029 1
3030 2
3031 1
3032 1
3033 2
3034 1
3035 2
3036 1
3037 1
3038 1
3039 3
3040 6
3041 1
3042 1
3043 2
3044 1
3045 4
3046 1
3047 3
3048 1
3049 1
3050 1
3051 1
3052 20
3053 14
3054 1
3055 1
3056 1
3057 1
3058 2
3059 2
3060 1
3061 1
3062 1
3063 1
3064 1
3065 4
3066 2
3067 1
3068 1
3069 1
3070 1
3071 7
3072 4
3073 1
3074 1
3075 2
3076 1
3077 1
3078 1
3079 1
3080 2
3081 4
3082 2
3083 3
3084 1
3085 15
3086 1
3087 1
3088 1
3089 1
3090 1
3091 1
3092 1
3093 1
3094 1
3095 1
3096 1
3097 1
3098 2
3099 2
3100 1
3101 7
3102 1
3103 1
3104 1
3105 1
3106 1
3107 1
3108 1
3109 2
3110 4
3111 1
3112 3
3113 21
3114 1
3115 1
3116 14
3117 1
3118 1
3119 1
3120 1
3121 6
3122 1
3123 1
3124 3
3125 1
3126 1
3127 1
3128 1
3129 1
3130 1
3131 1
3132 10
3133 2
3134 1
3135 2
3136 7
3137 1
3138 2
3139 1
3140 1
3141 1
3142 7
3143 1
3144 1
3145 1
3146 1
3147 1
3148 1
3149 1
3150 2
3151 1
3152 1
3153 3
3154 1
3155 1
3156 3
3157 2
3158 1
3159 2
3160 1
3161 1
3162 10
3163 1
3164 2
3165 1
3166 1
3167 1
3168 1
3169 1
3170 1
3171 1
3172 1
3173 1
3174 1
3175 1
3176 1
3177 2
3178 1
3179 1
3180 3
3181 9
3182 1
3183 3
3184 1
3185 1
3186 2
3187 1
3188 1
3189 8
3190 11
3191 1
3192 1
3193 1
3194 1
3195 1
3196 2
3197 1
3198 1
3199 1
3200 2
3201 2
3202 1
3203 1
3204 1
3205 1
