0 1132
1 1
2 1
3 22
4 1
5 1
6 1
7 1
8 1
9 3
10 4
11 2
12 1
13 2
14 2
15 2
16 1
17 1
18 1
19 3
20 8
21 1
22 2
23 1
24 2
25 1
26 1
27 1
28 1
29 1
30 1
31 1
32 1
33 1
34 1
35 1
36 1
37 1
38 1
39 11
40 1
41 1
42 7
43 1
44 1
45 1
46 1
47 2
48 1
49 1
50 1
51 1
52 1
53 1
54 1
55 7
56 1
57 1
58 1
59 1
60 1
61 1
62 1
63 1
64 2
65 1
66 4
67 5
68 1
69 1
70 1
71 1
72 1
73 29
74 1
75 4
76 1
77 1
78 1
79 1
80 1
81 1
82 2
83 1
84 3
85 1
86 1
87 1
88 5
89 1
90 12
91 1
92 1
93 1
94 5
95 6
96 3
97 5
98 1
99 1
100 1
101 1
102 8
103 1
104 3
105 1
106 1
107 1
108 4
109 2
110 2
111 1
112 1
113 1
114 1
115 1
116 6
117 1
118 10
119 1
120 1
121 3
122 2
123 2
124 7
125 1
126 1
127 1
128 2
129 1
130 1
131 1
132 1
133 1
134 2
135 1
136 1
137 1
138 1
139 1
140 1
141 6
142 1
143 1
144 1
145 11
146 5
147 1
148 1
149 1
150 1
151 4
152 1
153 1
154 8
155 1
156 3
157 1
158 1
159 1
160 4
161 1
162 1
163 5
164 1
165 3
166 1
167 1
168 1
169 1
170 5
171 6
172 6
173 1
174 1
175 1
176 1
177 1
178 1
179 2
180 1
181 13
182 1
183 2
184 4
185 4
186 1
187 1
188 1
189 4
190 1
191 46
192 1
193 2
194 3
195 2
196 1
197 2
198 4
199 1
200 4
201 1
202 1
203 2
204 2
205 1
206 3
207 1
208 3
209 1
210 1
211 1
212 1
213 1
214 1
215 1
216 1
217 1
218 1
219 1
220 2
221 1
222 1
223 38
224 2
225 2
226 3
227 1
228 2
229 3
230 1
231 1
232 13
233 1
234 1
235 6
236 1
237 1
238 19
239 1
240 1
241 2
242 3
243 1
244 2
245 1
246 2
247 1
248 1
249 1
250 1
251 1
252 2
253 2
254 1
255 1
256 1
257 1
258 4
259 1
260 2
261 1
262 1
263 1
264 1
265 6
266 2
267 13
268 2
269 2
270 2
271 3
272 1
273 2
274 1
275 1
276 1
277 12
278 1
279 1
280 1
281 1
282 1
283 1
284 1
285 1
286 2
287 1
288 1
289 1
290 1
291 1
292 1
293 1
294 1
295 1
296 9
297 1
298 3
299 1
300 1
301 2
302 1
303 1
304 2
305 15
306 1
307 1
308 1
309 2
310 1
311 1
312 2
313 1
314 1
315 1
316 1
317 1
318 1
319 2
320 1
321 1
322 1
323 1
324 1
325 1
326 1
327 1
328 1
329 3
330 1
331 1
332 1
333 1
334 3
335 7
336 1
337 1
338 2
339 1
340 1
341 1
342 1
343 1
344 1
345 2
346 1
347 1
348 1
349 13
350 2
351 1
352 3
353 1
354 1
355 1
356 3
357 1
358 1
359 1
360 17
361 1
362 1
363 1
364 1
365 2
366 1
367 1
368 1
369 1
370 4
371 1
372 1
373 1
374 3
375 1
376 1
377 1
378 2
379 2
380 1
381 1
382 1
383 2
384 1
385 1
386 1
387 1
388 1
389 2
390 1
391 1
392 1
393 3
394 1
395 1
396 1
397 1
398 1
399 1
400 1
401 1
402 1
403 6
404 1
405 1
406 1
407 2
408 1
409 1
410 1
411 1
412 1
413 1
414 1
415 1
416 1
417 1
418 1
419 1
420 1
421 1
422 1
423 1
424 1
425 2
426 1
427 2
428 1
429 3
430 5
431 2
432 1
433 1
434 1
435 1
436 1
437 3
438 1
439 1
440 1
441 5
442 1
443 1
444 2
445 7
446 5
447 18
448 1
449 1
450 44
451 3
452 1
453 3
454 1
455 1
456 1
457 14
458 46
459 4
460 1
461 2
462 1
463 2
464 1
465 1
466 1
467 1
468 1
469 1
470 1
471 2
472 1
473 1
474 1
475 1
476 2
477 1
478 3
479 5
480 1
481 1
482 1
483 1
484 1
485 12
486 2
487 1
488 2
489 6
490 6
491 6
492 1
493 1
494 6
495 1
496 1
497 4
498 1
499 1
500 1
501 1
502 1
503 2
504 1
505 1
506 3
507 1
508 1
509 1
510 1
511 2
512 4
513 1
514 3
515 1
516 1
517 1
518 1
519 1
520 1
521 1
522 1
523 1
524 1
525 1
526 1
527 1
528 1
529 7
530 1
531 1
532 2
533 2
534 10
535 1
536 1
537 2
538 1
539 1
540 1
541 1
542 1
543 301
544 1
545 9
546 1
547 1
548 1
549 1
550 1
551 1
552 3
553 1
554 1
555 1
556 1
557 1
558 1
559 15
560 1
561 1
562 1
563 2
564 1
565 1
566 1
567 4
568 4
569 5
570 1
571 1
572 1
573 1
574 3
575 1
576 2
577 5
578 1
579 1
580 1
581 2
582 1
583 1
584 1
585 1
586 1
587 26
588 2
589 1
590 2
591 1
592 1
593 1
594 2
595 1
596 1
597 1
598 1
599 1
600 2
601 1
602 1
603 1
604 1
605 1
606 1
607 1
608 1
609 1
610 1
611 1
612 2
613 2
614 2
615 1
616 1
617 2
618 2
619 1
620 3
621 1
622 2
623 2
624 1
625 1
626 4
627 26
628 1
629 6
630 2
631 1
632 1
633 7
634 1
635 6
636 1
637 4
638 1
639 1
640 2
641 1
642 1
643 1
644 2
645 3
646 1
647 1
648 1
649 1
650 1
651 1
652 1
653 1
654 1
655 1
656 1
657 1
658 5
659 1
660 2
661 1
662 1
663 5
664 15
665 4
666 3
667 1
668 2
669 1
670 1
671 2
672 1
673 1
674 1
675 1
676 1
677 5
678 1
679 1
680 3
681 1
682 1
683 2
684 1
685 2
686 1
687 1
688 2
689 1
690 1
691 1
692 1
693 4
694 5
695 2
696 1
697 1
698 1
699 1
700 1
701 1
702 1
703 1
704 1
705 1
706 1
707 1
708 1
709 1
710 1
711 1
712 2
713 1
714 1
715 1
716 1
717 1
718 1
719 1
720 5
721 1
722 2
723 1
724 4
725 4
726 1
727 1
728 2
729 1
730 1
731 1
732 1
733 1
734 3
735 6
736 2
737 1
738 3
739 1
740 1
741 1
742 1
743 1
744 1
745 1
746 1
747 1
748 1
749 1
750 1
751 1
752 5
753 1
754 1
755 1
756 1
757 10
758 1
759 3
760 1
761 6
762 1
763 26
764 15
765 1
766 1
767 1
768 1
769 3
770 8
771 2
772 5
773 1
774 1
775 2
776 1
777 1
778 1
779 2
780 1
781 1
782 2
783 1
784 1
785 1
786 1
787 7
788 1
789 1
790 7
791 2
792 1
793 1
794 1
795 3
796 1
797 1
798 1
799 4
800 2
801 1
802 3
803 7
804 3
805 1
806 1
807 5
808 3
809 1
810 1
811 1
812 1
813 1
814 1
815 1
816 1
817 2
818 1
819 1
820 1
821 1
822 2
823 1
824 1
825 2
826 5
827 2
828 1
829 1
830 1
831 1
832 4
833 1
834 2
835 2
836 1
837 1
838 1
839 1
840 16
841 3
842 1
843 1
844 1
845 1
846 1
847 1
848 1
849 2
850 1
851 1
852 4
853 2
854 1
855 1
856 1
857 1
858 1
859 14
860 1
861 1
862 1
863 1
864 2
865 2
866 1
867 1
868 1
869 2
870 2
871 3
872 1
873 19
874 6
875 1
876 1
877 1
878 1
879 2
880 3
881 1
882 1
883 1
884 1
885 5
886 1
887 2
888 1
889 1
890 1
891 1
892 1
893 3
894 1
895 1
896 1
897 1
898 1
899 2
900 1
901 2
902 2
903 3
904 4
905 1
906 1
907 1
908 1
909 1
910 2
911 1
912 3
913 1
914 1
915 1
916 9
917 2
918 1
919 3
920 1
921 1
922 1
923 1
924 1
925 1
926 8
927 1
928 1
929 1
930 1
931 1
932 3
933 1
934 1
935 1
936 3
937 1
938 1
939 3
940 1
941 1
942 1
943 3
944 4
945 22
946 18
947 1
948 1
949 3
950 1
951 1
952 1
953 1
954 1
955 5
956 6
957 1
958 92
959 8
960 4
961 1
962 1
963 4
964 1
965 4
966 1
967 3
968 1
969 1
970 1
971 1
972 1
973 3
974 1
975 9
976 3
977 1
978 3
979 1
980 7
981 5
982 1
983 3
984 1
985 1
986 3
987 1
988 1
989 1
990 1
991 2
992 1
993 2
994 1
995 2
996 4
997 1
998 1
999 1
1000 1
1001 1
1002 9
1003 1
1004 4
1005 1
1006 30
1007 1
1008 1
1009 1
1010 2
1011 1
1012 16
1013 1
1014 3
1015 1
1016 2
1017 1
1018 2
1019 2
1020 1
1021 1
1022 1
1023 1
1024 1
1025 2
1026 1
1027 2
1028 1
1029 1
1030 2
1031 1
1032 1
1033 1
1034 1
1035 1
1036 2
1037 1
1038 1
1039 3
1040 1
1041 4
1042 1
1043 3
1044 2
1045 1
1046 1
1047 1
1048 5
1049 1
1050 1
1051 1
1052 2
1053 3
1054 1
1055 3
1056 1
1057 1
1058 1
1059 1
1060 1
1061 2
1062 1
1063 56
1064 2
1065 1
1066 1
1067 1
1068 3
1069 3
1070 1
1071 1
1072 3
1073 3
1074 1
1075 1
1076 4
1077 1
1078 1
1079 1
1080 1
1081 1
1082 1
1083 4
1084 1
1085 1
1086 1
1087 2
1088 2
1089 4
1090 1
1091 1
1092 3
1093 1
1094 2
1095 1
1096 1
1097 1
1098 1
1099 2
1100 1
1101 2
1102 1
1103 1
1104 1
1105 1
1106 1
1107 1
1108 1
1109 1
1110 1
1111 1
1112 1
1113 1
1114 1
1115 1
1116 2
1117 7
1118 1
1119 5
1120 1
1121 1
1122 1
1123 1
1124 1
1125 1
1126 11
1127 1
1128 1
1129 1
1130 1
1131 1
1132 2
1133 1
1134 1
1135 2
1136 1
1137 1
1138 1
1139 1
1140 1
1141 1
1142 1
1143 1
1144 1
1145 6
1146 1
1147 3
1148 1
1149 4
1150 1
1151 4
1152 1
1153 2
1154 3
1155 1
1156 1
1157 1
1158 1
1159 1
1160 2
1161 1
1162 2
1163 2
1164 1
1165 1
1166 1
1167 1
1168 2
1169 1
1170 2
1171 1
1172 1
1173 1
1174 1
1175 1
1176 1
1177 1
1178 1
1179 1
1180 3
1181 1
1182 1
1183 37
1184 1
1185 1
1186 1
1187 1
1188 1
1189 1
1190 1
1191 3
1192 1
1193 1
1194 1
1195 1
1196 1
1197 8
1198 6
1199 1
1200 1
1201 1
1202 1
1203 1
1204 1
1205 247
1206 2
1207 1
1208 1
1209 5
1210 1
1211 1
1212 2
1213 2
1214 1
1215 1
1216 1
1217 1
1218 2
1219 1
1220 3
1221 1
1222 1
1223 1
1224 2
1225 1
1226 1
1227 1
1228 1
1229 1
1230 1
1231 1
1232 1
1233 2
1234 3
1235 1
1236 1
1237 1
1238 1
1239 1
1240 1
1241 1
1242 1
1243 1
1244 1
1245 1
1246 1
1247 45
1248 1
1249 1
1250 1
1251 2
1252 4
1253 2
1254 1
1255 1
1256 2
1257 1
1258 2
1259 1
1260 2
1261 1
1262 1
1263 2
1264 1
1265 4
1266 1
1267 1
1268 1
1269 1
1270 5
1271 1
1272 2
1273 1
1274 1
1275 2
1276 3
1277 8
1278 5
1279 1
1280 9
1281 1
1282 3
1283 1
1284 1
1285 1
1286 1
1287 1
1288 1
1289 1
1290 1
1291 10
1292 1
1293 1
1294 1
1295 1
1296 1
1297 4
1298 1
1299 1
1300 1
1301 1
1302 1
1303 4
1304 1
1305 3
1306 1
1307 1
1308 28
1309 1
1310 1
1311 3
1312 1
1313 1
1314 1
1315 1
1316 6
1317 1
1318 1
1319 1
1320 1
1321 1
1322 1
1323 1
1324 2
1325 3
1326 1
1327 1
1328 2
1329 1
1330 1
1331 1
1332 3
1333 7
1334 1
1335 1
1336 1
1337 9
1338 1
1339 6
1340 1
1341 1
1342 13
1343 2
1344 1
1345 1
1346 5
1347 4
1348 1
1349 1
1350 1
1351 1
1352 1
1353 1
1354 2
1355 1
1356 1
1357 3
1358 1
1359 1
1360 1
1361 1
1362 2
1363 5
1364 1
1365 1
1366 1
1367 1
1368 1
1369 1
1370 1
1371 1
1372 1
1373 5
1374 1
1375 1
1376 1
1377 1
1378 1
1379 4
1380 3
1381 1
1382 3
1383 1
1384 3
1385 1
1386 9
1387 1
1388 1
1389 1
1390 1
1391 1
1392 9
1393 1
1394 1
1395 1
1396 5
1397 1
1398 1
1399 3
1400 1
1401 1
1402 2
1403 2
1404 1
1405 1
1406 1
1407 1
1408 2
1409 2
1410 5
1411 2
1412 1
1413 1
1414 2
1415 2
1416 1
1417 1
1418 1
1419 1
1420 1
1421 1
1422 1
1423 1
1424 1
1425 1
1426 3
1427 1
1428 3
1429 1
1430 4
1431 1
1432 1
1433 1
1434 1
1435 1
1436 1
1437 2
1438 4
1439 1
1440 1
1441 1
1442 1
1443 1
1444 1
1445 1
1446 1
1447 1
1448 1
1449 1
1450 2
1451 1
1452 4
1453 1
1454 1
1455 11
1456 1
1457 1
1458 1
1459 2
1460 1
1461 1
1462 1
1463 1
1464 1
1465 4
1466 1
1467 1
1468 2
1469 1
1470 1
1471 1
1472 2
1473 1
1474 1
1475 3
1476 1
1477 2
1478 1
1479 1
1480 1
1481 1
1482 3
1483 2
1484 2
1485 1
1486 1
1487 6
1488 1
1489 13
1490 1
1491 1
1492 5
1493 1
1494 1
1495 1
1496 3
1497 1
1498 3
1499 1
1500 1
1501 1
1502 1
1503 2
1504 4
1505 1
1506 1
1507 1
1508 1
1509 1
1510 5
1511 1
1512 1
1513 2
1514 1
1515 2
1516 2
1517 3
1518 1
1519 1
1520 1
1521 1
1522 18
1523 1
1524 2
1525 1
1526 2
1527 3
1528 2
1529 2
1530 1
1531 1
1532 2
1533 1
1534 1
1535 2
1536 1
1537 1
1538 1
1539 5
1540 1
1541 1
1542 1
1543 2
1544 1
1545 1
1546 1
1547 1
1548 1
1549 2
1550 1
1551 1
1552 2
1553 1
1554 1
1555 1
1556 1
1557 1
1558 1
1559 1
1560 1
1561 1
1562 1
1563 1
1564 1
1565 2
1566 1
1567 2
1568 2
1569 1
1570 1
1571 1
1572 3
1573 1
1574 1
1575 1
1576 2
1577 1
1578 1
1579 3
1580 1
1581 1
1582 1
1583 1
1584 23
1585 1
1586 2
1587 2
1588 1
1589 26
1590 2
1591 1
1592 1
1593 1
1594 1
1595 2
1596 5
1597 1
1598 1
1599 1
1600 4
1601 1
1602 1
1603 1
1604 1
1605 8
1606 1
1607 1
1608 3
1609 1
1610 1
1611 1
1612 1
1613 1
1614 1
1615 5
1616 1
1617 1
1618 1
1619 2
1620 7
1621 1
1622 6
1623 1
1624 1
1625 1
1626 1
1627 4
1628 1
1629 14
1630 1
1631 1
1632 1
1633 1
1634 2
1635 1
1636 1
1637 3
1638 1
1639 1
1640 2
1641 1
1642 1
1643 7
1644 1
1645 1
1646 1
1647 1
1648 1
1649 1
1650 1
1651 1
1652 6
1653 1
1654 1
1655 1
1656 1
1657 1
1658 1
1659 2
1660 2
1661 2
1662 1
1663 1
1664 1
1665 8
1666 1
1667 1
1668 2
1669 1
1670 3
1671 1
1672 1
1673 1
1674 1
1675 1
1676 2
1677 1
1678 1
1679 16
1680 1
1681 1
1682 1
1683 1
1684 1
1685 1
1686 1
1687 4
1688 3
1689 1
1690 3
1691 1
1692 2
1693 1
1694 1
1695 1
1696 2
1697 2
1698 1
1699 2
1700 3
1701 1
1702 1
1703 1
1704 1
1705 1
1706 1
1707 9
1708 1
1709 2
1710 2
1711 1
1712 2
1713 1
1714 10
1715 1
1716 1
1717 3
1718 1
1719 4
1720 1
1721 1
1722 1
1723 6
1724 16
1725 1
1726 1
1727 1
1728 1
1729 1
1730 1
1731 1
1732 1
1733 1
1734 3
1735 1
1736 1
1737 1
1738 1
1739 2
1740 1
1741 1
1742 2
1743 1
1744 1
1745 1
1746 2
1747 11
1748 1
1749 1
1750 1
1751 1
1752 9
1753 1
1754 2
1755 3
1756 1
1757 1
1758 9
1759 1
1760 2
1761 1
1762 1
1763 2
1764 1
1765 27
1766 1
1767 1
1768 1
1769 2
1770 1
1771 1
1772 10
1773 2
1774 1
1775 1
1776 3
1777 1
1778 1
1779 1
1780 1
1781 3
1782 5
1783 1
1784 2
1785 1
1786 1
1787 1
1788 1
1789 1
1790 1
1791 1
1792 1
1793 1
1794 1
1795 1
1796 1
1797 2
1798 1
1799 1
1800 1
1801 2
1802 22
1803 9
1804 2
1805 1
1806 1
1807 1
1808 1
1809 7
1810 1
1811 1
1812 1
1813 1
1814 1
1815 1
1816 3
1817 1
1818 1
1819 1
1820 32
1821 1
1822 1
1823 3
1824 1
1825 7
1826 1
1827 1
1828 2
1829 1
1830 1
1831 1
1832 1
1833 1
1834 1
1835 1
1836 1
1837 1
1838 2
1839 1
1840 1
1841 4
1842 1
1843 1
1844 14
1845 1
1846 7
1847 1
1848 1
1849 1
1850 2
1851 1
1852 2
1853 2
1854 1
1855 1
1856 4
1857 1
1858 4
1859 3
1860 1
1861 1
1862 1
1863 1
1864 2
1865 1
1866 1
1867 2
1868 1
1869 1
1870 1
1871 1
1872 1
1873 1
1874 1
1875 1
1876 2
1877 10
1878 1
1879 1
1880 1
1881 1
1882 7
1883 1
1884 1
1885 1
1886 1
1887 2
1888 2
1889 6
1890 2
1891 3
1892 1
1893 2
1894 1
1895 2
1896 1
1897 2
1898 22
1899 1
1900 1
1901 1
1902 1
1903 2
1904 5
1905 2
1906 1
1907 1
1908 1
1909 15
1910 6
1911 1
1912 10
1913 25
1914 1
1915 1
1916 1
1917 1
1918 1
1919 1
1920 2
1921 5
1922 1
1923 1
1924 1
1925 3
1926 1
1927 5
1928 1
1929 1
1930 1
1931 1
1932 5
1933 1
1934 1
1935 3
1936 1
1937 1
1938 2
1939 1
1940 1
1941 1
1942 3
1943 1
1944 2
1945 1
1946 1
1947 2
1948 1
1949 1
1950 2
1951 2
1952 7
1953 1
1954 1
1955 1
1956 1
1957 1
1958 1
1959 1
1960 17
1961 1
1962 1
1963 1
1964 1
1965 5
1966 1
1967 1
1968 1
1969 1
1970 1
1971 1
1972 426
1973 1
1974 2
1975 1
1976 1
1977 1
1978 1
1979 1
1980 1
1981 2
1982 2
1983 3
1984 1
1985 2
1986 2
1987 1
1988 2
1989 2
1990 1
1991 4
1992 1
1993 6
1994 1
1995 1
1996 1
1997 1
1998 2
1999 1
2000 1
2001 2
2002 1
2003 1
2004 1
2005 1
2006 1
2007 1
2008 3
2009 1
2010 1
2011 2
2012 1
2013 2
2014 1
2015 5
2016 2
2017 1
2018 2
2019 1
2020 15
2021 1
2022 1
2023 5
2024 2
2025 1
2026 1
2027 1
2028 5
2029 1
2030 5
2031 1
2032 1
2033 1
2034 3
2035 8
2036 1
2037 1
2038 2
2039 1
2040 2
2041 3
2042 1
2043 2
2044 1
2045 1
2046 1
2047 6
2048 1
2049 1
2050 1
2051 1
2052 1
2053 1
2054 1
2055 2
2056 1
2057 1
2058 1
2059 3
2060 1
2061 1
2062 1
2063 3
2064 1
2065 1
2066 1
2067 1
2068 2
2069 1
2070 2
2071 2
2072 2
2073 1
2074 11
2075 1
2076 1
2077 1
2078 1
2079 13
2080 1
2081 1
2082 1
2083 2
2084 1
2085 1
2086 1
2087 1
2088 1
2089 1
2090 1
2091 1
2092 1
2093 1
2094 1
2095 1
2096 1
2097 1
2098 1
2099 8
2100 1
2101 1
2102 1
2103 7
2104 2
2105 1
2106 2
2107 1
2108 1
2109 4
2110 2
2111 1
2112 1
2113 1
2114 1
2115 2
2116 1
2117 1
2118 1
2119 3
2120 2
2121 16
2122 1
2123 3
2124 1
2125 1
2126 1
2127 1
2128 1
2129 3
2130 4
2131 1
2132 2
2133 1
2134 1
2135 3
2136 1
2137 1
2138 2
2139 2
2140 1
2141 1
2142 3
2143 1
2144 1
2145 1
2146 1
2147 1
2148 1
2149 1
2150 2
2151 3
2152 1
2153 1
2154 2
2155 1
2156 1
2157 2
2158 1
2159 1
2160 1
2161 1
2162 1
2163 1
2164 1
2165 2
2166 1
2167 1
2168 8
2169 1
2170 2
2171 1
2172 1
2173 1
2174 1
2175 5
2176 1
2177 1
2178 1
2179 1
2180 1
2181 1
2182 1
2183 1
2184 1
2185 1
2186 2
2187 1
2188 1
2189 1
2190 1
2191 11
2192 1
2193 1
2194 1
2195 1
2196 5
2197 1
2198 1
2199 3
2200 1
2201 3
2202 1
2203 1
2204 1
2205 1
2206 1
2207 18
2208 7
2209 1
2210 2
2211 1
2212 2
2213 1
2214 1
2215 2
2216 1
2217 1
2218 4
2219 1
2220 1
2221 3
2222 1
2223 1
2224 1
2225 1
2226 1
2227 5
2228 1
2229 4
2230 1
2231 1
2232 1
2233 10
2234 1
2235 1
2236 1
2237 1
2238 1
2239 1
2240 1
2241 1
2242 1
2243 1
2244 2
2245 2
2246 1
2247 193
2248 1
2249 1
2250 1
2251 4
2252 1
2253 1
2254 1
2255 20
2256 1
2257 6
2258 1
2259 1
2260 1
2261 3
2262 1
2263 2
2264 1
2265 2
2266 1
2267 3
2268 2
2269 1
2270 11
2271 1
2272 1
2273 1
2274 2
2275 1
2276 1
2277 1
2278 1
2279 1
2280 1
2281 4
2282 1
2283 1
2284 83
2285 5
2286 3
2287 1
2288 1
2289 3
2290 1
2291 1
2292 1
2293 1
2294 1
2295 2
2296 2
2297 4
2298 1
2299 1
2300 1
2301 1
2302 4
2303 1
2304 1
2305 1
2306 1
2307 1
2308 2
2309 1
2310 1
2311 1
2312 5
2313 1
2314 1
2315 3
2316 1
2317 1
2318 3
2319 3
2320 4
2321 3
2322 1
2323 1
2324 1
2325 1
2326 1
2327 1
2328 3
2329 15
2330 2
2331 1
2332 1
2333 1
2334 1
2335 1
2336 1
2337 1
2338 2
2339 2
2340 1
2341 9
2342 1
2343 1
2344 1
2345 1
2346 1
2347 1
2348 2
2349 1
2350 5
2351 2
2352 1
2353 1
2354 1
2355 2
2356 1
2357 1
2358 1
2359 3
2360 1
2361 1
2362 1
2363 2
2364 1
2365 1
2366 1
2367 1
2368 2
2369 1
2370 1
2371 1
2372 2
2373 1
2374 1
2375 1
2376 1
2377 10
2378 1
2379 1
2380 1
2381 1
2382 1
2383 1
2384 1
2385 27
2386 1
2387 2
2388 1
2389 7
2390 9
2391 6
2392 1
2393 17
2394 1
2395 1
2396 2
2397 1
2398 1
2399 1
2400 1
2401 8
2402 2
2403 60
2404 1
2405 1
2406 1
2407 1
2408 3
2409 2
2410 1
2411 2
2412 1
2413 1
2414 1
2415 1
2416 3
2417 2
2418 1
2419 1
2420 1
2421 2
2422 1
2423 1
2424 1
2425 1
2426 14
2427 2
2428 1
2429 1
2430 1
2431 2
2432 1
2433 1
2434 1
2435 1
2436 2
2437 1
2438 1
2439 3
2440 1
2441 1
2442 1
2443 1
2444 1
2445 1
2446 1
2447 1
2448 1
2449 4
2450 1
2451 1
2452 1
2453 1
2454 2
2455 1
2456 1
2457 1
2458 1
2459 1
2460 1
2461 1
2462 1
2463 2
2464 1
2465 1
2466 1
2467 1
2468 1
2469 1
2470 2
2471 1
2472 1
2473 1
2474 1
2475 1
2476 2
2477 3
2478 1
2479 1
2480 1
2481 1
2482 1
2483 1
2484 1
2485 26
2486 6
2487 1
2488 1
2489 1
2490 1
2491 3
2492 1
2493 2
2494 1
2495 1
2496 1
2497 1
2498 1
2499 1
2500 1
2501 1
2502 2
2503 2
2504 1
2505 3
2506 1
2507 1
2508 1
2509 1
2510 1
2511 2
2512 1
2513 9
2514 1
2515 3
2516 1
2517 5
2518 1
2519 1
2520 2
2521 3
2522 1
2523 1
2524 1
2525 1
2526 2
2527 1
2528 1
2529 1
2530 1
2531 3
2532 1
2533 1
2534 1
2535 1
2536 1
2537 2
2538 2
2539 1
2540 14
2541 1
2542 1
2543 1
2544 1
2545 2
2546 1
2547 1
2548 1
2549 1
2550 1
2551 2
2552 1
2553 1
2554 1
2555 3
2556 1
2557 2
2558 9
2559 2
2560 1
2561 2
2562 1
2563 3
2564 1
2565 2
2566 1
2567 1
2568 9
2569 1
2570 1
2571 1
2572 2
2573 1
2574 1
2575 1
2576 4
2577 1
2578 1
2579 1
2580 1
2581 1
2582 1
2583 1
2584 1
2585 1
2586 1
2587 1
2588 1
2589 1
2590 1
2591 35
2592 1
2593 1
2594 1
2595 1
2596 1
2597 1
2598 3
2599 1
2600 1
2601 1
2602 3
2603 1
2604 1
2605 2
2606 1
2607 10
2608 1
2609 1
2610 1
2611 1
2612 1
2613 4
2614 1
2615 15
2616 8
2617 1
2618 1
2619 2
2620 1
2621 2
2622 2
2623 1
2624 3
2625 1
2626 1
2627 2
2628 2
2629 1
2630 1
2631 1
2632 2
2633 11
2634 1
2635 2
2636 1
2637 1
2638 2
2639 2
2640 1
2641 1
2642 1
2643 64
2644 1
2645 1
2646 1
2647 1
2648 1
2649 1
2650 1
2651 1
2652 32
2653 38
2654 16
2655 1
2656 2
2657 1
2658 1
2659 1
2660 1
2661 1
2662 8
2663 1
2664 2
2665 1
2666 2
2667 2
2668 1
2669 2
2670 1
2671 1
2672 1
2673 2
2674 2
2675 4
2676 12
2677 1
2678 1
2679 3
2680 1
2681 1
2682 1
2683 1
2684 1
2685 2
2686 1
2687 1
2688 1
2689 1
2690 1
2691 2
2692 1
2693 1
2694 4
2695 1
2696 1
2697 1
2698 1
2699 1
2700 1
2701 2
2702 1
2703 1
2704 2
2705 4
2706 1
2707 10
2708 2
2709 1
2710 2
2711 1
2712 2
2713 1
2714 1
2715 1
2716 1
2717 1
2718 6
2719 1
2720 1
2721 1
2722 2
2723 1
2724 12
2725 1
2726 1
2727 5
2728 6
2729 257
2730 1
2731 1
2732 1
2733 2
2734 1
2735 5
2736 1
2737 2
2738 5
2739 1
2740 1
2741 3
2742 1
2743 3
2744 1
2745 1
2746 1
2747 1
2748 1
2749 2
2750 1
2751 1
2752 2
2753 1
2754 1
2755 1
2756 1
2757 1
2758 1
2759 3
2760 1
2761 1
2762 3
2763 1
2764 1
2765 1
2766 1
2767 1
2768 2
2769 1
2770 3
2771 1
2772 1
2773 4
2774 1
2775 3
2776 1
2777 4
2778 1
2779 1
2780 2
2781 3
2782 1
2783 2
2784 1
2785 3
2786 1
2787 1
2788 1
2789 3
2790 2
2791 1
2792 3
2793 1
2794 1
2795 1
2796 3
2797 1
2798 2
2799 1
2800 1
2801 1
2802 1
2803 1
2804 5
2805 1
2806 1
2807 1
2808 2
2809 1
2810 2
2811 1
2812 1
2813 28
2814 1
2815 1
2816 1
2817 2
2818 1
2819 1
2820 1
2821 3
2822 1
2823 2
2824 1
2825 1
2826 2
2827 1
2828 1
2829 1
2830 3
2831 1
2832 1
2833 1
2834 1
2835 1
2836 2
2837 1
2838 2
2839 1
2840 1
2841 1
2842 3
2843 4
2844 1
2845 2
2846 1
2847 2
2848 1
2849 3
2850 1
2851 1
2852 1
2853 1
2854 6
2855 1
2856 1
2857 4
2858 1
2859 1
2860 2
2861 4
2862 1
2863 1
2864 1
2865 1
2866 2
2867 2
2868 1
2869 3
2870 3
2871 1
2872 1
2873 1
2874 1
2875 1
2876 1
2877 1
2878 2
2879 1
2880 1
2881 1
2882 1
2883 1
2884 1
2885 8
2886 1
2887 1
2888 1
2889 1
2890 5
2891 1
2892 1
2893 1
2894 1
2895 1
2896 3
2897 2
2898 1
2899 1
2900 2
2901 2
2902 1
2903 3
2904 2
2905 1
2906 1
2907 2
2908 1
2909 2
2910 2
2911 2
2912 1
2913 1
2914 8
2915 5
2916 1
2917 1
2918 1
2919 1
2920 3
2921 1
2922 2
2923 1
2924 1
2925 1
2926 1
2927 3
2928 1
2929 2
2930 2
2931 1
2932 1
2933 20
2934 1
2935 2
2936 17
2937 1
2938 1
2939 1
2940 1
2941 1
2942 1
2943 1
2944 1
2945 4
2946 1
2947 15
2948 1
2949 1
2950 2
2951 3
2952 1
2953 2
2954 1
2955 1
2956 1
2957 1
2958 1
2959 1
2960 1
2961 5
2962 2
2963 2
2964 3
2965 1
2966 1
2967 1
2968 1
2969 3
2970 31
2971 2
2972 1
2973 3
2974 4
2975 2
2976 1
2977 3
2978 1
2979 1
2980 1
2981 1
2982 1
2983 2
2984 1
2985 1
2986 1
2987 1
2988 1
2989 1
2990 1
2991 1
2992 1
2993 1
2994 3
2995 4
2996 5
2997 1
2998 2
2999 1
3000 1
3001 1
3002 1
3003 2
3004 1
3005 1
3006 9
3007 12
3008 3
3009 1
3010 1
3011 2
3012 1
3013 1
3014 1
3015 1
3016 1
3017 1
3018 1
3019 1
3020 2
3021 2
