0 1237
1 18
2 1
3 1
4 1
5 5
6 1
7 2
8 2
9 1
10 1
11 1
12 1
13 1
14 1
15 1
16 1
17 1
18 1
19 3
20 1
21 4
22 1
23 1
24 2
25 1
26 5
27 3
28 2
29 1
30 1
31 1
32 1
33 2
34 1
35 2
36 1
37 1
38 1
39 1
40 1
41 1
42 1
43 2
44 1
45 5
46 1
47 1
48 13
49 5
50 1
51 1
52 1
53 1
54 1
55 2
56 1
57 2
58 2
59 2
60 9
61 1
62 1
63 4
64 1
65 1
66 2
67 1
68 1
69 1
70 1
71 1
72 1
73 1
74 1
75 1
76 1
77 1
78 1
79 1
80 1
81 1
82 1
83 1
84 2
85 1
86 1
87 1
88 1
89 1
90 1
91 1
92 1
93 2
94 1
95 1
96 12
97 1
98 1
99 1
100 1
101 2
102 3
103 1
104 1
105 1
106 1
107 34
108 10
109 1
110 1
111 1
112 3
113 1
114 2
115 1
116 1
117 1
118 1
119 2
120 1
121 1
122 4
123 1
124 5
125 1
126 1
127 8
128 1
129 1
130 1
131 4
132 5
133 1
134 1
135 4
136 1
137 1
138 1
139 1
140 12
141 8
142 1
143 4
144 1
145 1
146 1
147 1
148 1
149 2
150 3
151 3
152 22
153 1
154 1
155 1
156 1
157 1
158 1
159 8
160 1
161 1
162 1
163 2
164 5
165 2
166 1
167 1
168 1
169 1
170 1
171 1
172 1
173 1
174 4
175 1
176 1
177 1
178 1
179 1
180 2
181 4
182 1
183 3
184 1
185 1
186 1
187 2
188 2
189 1
190 1
191 1
192 1
193 4
194 1
195 1
196 1
197 11
198 1
199 8
200 1
201 1
202 3
203 2
204 1
205 1
206 1
207 1
208 4
209 1
210 2
211 2
212 2
213 1
214 1
215 1
216 2
217 7
218 1
219 3
220 2
221 2
222 2
223 2
224 2
225 1
226 1
227 1
228 3
229 1
230 2
231 5
232 1
233 1
234 5
235 1
236 2
237 4
238 6
239 1
240 1
241 1
242 1
243 1
244 1
245 1
246 1
247 1
248 43
249 1
250 1
251 1
252 2
253 1
254 1
255 1
256 2
257 1
258 2
259 1
260 1
261 1
262 1
263 2
264 1
265 1
266 1
267 3
268 1
269 1
270 1
271 1
272 1
273 1
274 1
275 1
276 1
277 1
278 1
279 1
280 1
281 1
282 1
283 3
284 1
285 2
286 53
287 4
288 5
289 1
290 1
291 3
292 2
293 7
294 2
295 2
296 2
297 1
298 2
299 10
300 1
301 1
302 1
303 1
304 3
305 1
306 1
307 1
308 1
309 2
310 1
311 9
312 1
313 1
314 1
315 1
316 1
317 8
318 1
319 1
320 3
321 1
322 1
323 5
324 2
325 1
326 1
327 2
328 1
329 1
330 3
331 1
332 1
333 1
334 1
335 5
336 1
337 11
338 1
339 1
340 1
341 1
342 1
343 3
344 1
345 1
346 2
347 1
348 1
349 1
350 1
351 10
352 2
353 1
354 1
355 1
356 1
357 1
358 5
359 1
360 4
361 1
362 1
363 1
364 1
365 1
366 1
367 8
368 1
369 1
370 1
371 2
372 1
373 1
374 1
375 1
376 1
377 1
378 1
379 17
380 1
381 1
382 2
383 1
384 1
385 1
386 1
387 1
388 3
389 3
390 1
391 1
392 2
393 1
394 1
395 1
396 1
397 1
398 1
399 1
400 1
401 1
402 2
403 1
404 1
405 1
406 2
407 1
408 3
409 5
410 1
411 1
412 2
413 1
414 1
415 1
416 1
417 1
418 1
419 1
420 2
421 1
422 1
423 1
424 2
425 13
426 1
427 1
428 2
429 1
430 2
431 1
432 1
433 4
434 13
435 1
436 5
437 1
438 2
439 1
440 2
441 1
442 1
443 1
444 1
445 1
446 1
447 2
448 1
449 1
450 1
451 1
452 2
453 1
454 1
455 2
456 1
457 1
458 1
459 2
460 3
461 1
462 2
463 2
464 1
465 3
466 1
467 1
468 1
469 1
470 1
471 1
472 3
473 9
474 1
475 1
476 2
477 1
478 1
479 1
480 3
481 1
482 2
483 1
484 1
485 3
486 2
487 1
488 1
489 1
490 1
491 1
492 1
493 1
494 1
495 1
496 1
497 1
498 1
499 1
500 1
501 1
502 2
503 1
504 1
505 1
506 1
507 1
508 2
509 3
510 1
511 1
512 1
513 2
514 1
515 3
516 4
517 1
518 1
519 1
520 8
521 1
522 1
523 2
524 2
525 10
526 1
527 1
528 1
529 2
530 1
531 1
532 1
533 1
534 1
535 1
536 1
537 1
538 1
539 3
540 1
541 3
542 1
543 1
544 19
545 55
546 1
547 1
548 1
549 1
550 1
551 1
552 1
553 2
554 1
555 1
556 1
557 2
558 2
559 1
560 1
561 4
562 3
563 1
564 1
565 1
566 1
567 7
568 1
569 1
570 1
571 1
572 2
573 1
574 1
575 7
576 3
577 1
578 2
579 1
580 2
581 1
582 1
583 1
584 7
585 3
586 3
587 2
588 3
589 1
590 1
591 1
592 10
593 2
594 1
595 7
596 1
597 1
598 3
599 1
600 2
601 5
602 1
603 1
604 1
605 1
606 1
607 4
608 2
609 1
610 2
611 16
612 2
613 1
614 2
615 1
616 1
617 2
618 1
619 4
620 1
621 1
622 2
623 1
624 1
625 4
626 1
627 1
628 1
629 1
630 2
631 1
632 1
633 1
634 2
635 226
636 1
637 2
638 1
639 7
640 1
641 1
642 1
643 1
644 1
645 1
646 3
647 1
648 2
649 1
650 4
651 1
652 1
653 1
654 1
655 13
656 1
657 1
658 1
659 1
660 1
661 2
662 3
663 1
664 1
665 1
666 1
667 2
668 1
669 1
670 1
671 1
672 7
673 1
674 1
675 1
676 1
677 6
678 1
679 1
680 1
681 1
682 1
683 1
684 3
685 1
686 2
687 6
688 1
689 2
690 1
691 3
692 1
693 1
694 1
695 1
696 1
697 1
698 5
699 2
700 1
701 1
702 1
703 122
704 1
705 1
706 1
707 1
708 1
709 1
710 1
711 1
712 1
713 1
714 1
715 1
716 2
717 2
718 1
719 1
720 2
721 2
722 1
723 1
724 1
725 1
726 2
727 1
728 6
729 1
730 1
731 1
732 1
733 1
734 2
735 1
736 1
737 1
738 1
739 2
740 1
741 2
742 6
743 1
744 1
745 1
746 2
747 1
748 1
749 5
750 2
751 1
752 1
753 1
754 2
755 3
756 1
757 1
758 4
759 1
760 1
761 1
762 2
763 1
764 1
765 1
766 2
767 1
768 2
769 4
770 1
771 1
772 1
773 1
774 1
775 1
776 2
777 1
778 1
779 1
780 1
781 1
782 1
783 1
784 2
785 2
786 1
787 1
788 1
789 6
790 5
791 1
792 1
793 1
794 1
795 1
796 1
797 1
798 1
799 1
800 1
801 1
802 1
803 1
804 4
805 3
806 1
807 1
808 1
809 1
810 1
811 1
812 1
813 4
814 1
815 1
816 1
817 1
818 1
819 2
820 1
821 1
822 4
823 1
824 1
825 1
826 1
827 1
828 1
829 2
830 1
831 1
832 1
833 1
834 1
835 1
836 2
837 1
838 2
839 5
840 3
841 2
842 1
843 1
844 2
845 1
846 2
847 1
848 2
849 1
850 1
851 1
852 1
853 2
854 1
855 4
856 1
857 3
858 1
859 1
860 1
861 1
862 1
863 1
864 6
865 1
866 1
867 2
868 1
869 2
870 25
871 8
872 3
873 1
874 3
875 1
876 1
877 1
878 1
879 2
880 3
881 4
882 1
883 1
884 4
885 2
886 1
887 1
888 1
889 5
890 3
891 1
892 1
893 1
894 1
895 1
896 1
897 1
898 1
899 1
900 40
901 1
902 1
903 1
904 1
905 1
906 1
907 11
908 1
909 1
910 1
911 10
912 8
913 2
914 1
915 2
916 1
917 2
918 1
919 1
920 1
921 1
922 2
923 6
924 6
925 2
926 1
927 1
928 1
929 1
930 1
931 1
932 1
933 1
934 1
935 1
936 1
937 1
938 1
939 1
940 1
941 1
942 1
943 5
944 1
945 1
946 1
947 11
948 1
949 1
950 1
951 1
952 1
953 1
954 1
955 1
956 1
957 1
958 1
959 1
960 21
961 2
962 1
963 1
964 1
965 1
966 1
967 1
968 3
969 1
970 2
971 1
972 1
973 2
974 9
975 2
976 10
977 1
978 1
979 1
980 1
981 1
982 1
983 1
984 1
985 2
986 2
987 4
988 1
989 3
990 3
991 1
992 1
993 1
994 2
995 1
996 1
997 2
998 2
999 2
1000 1
1001 24
1002 1
1003 1
1004 1
1005 4
1006 1
1007 1
1008 2
1009 1
1010 1
1011 1
1012 1
1013 1
1014 1
1015 1
1016 1
1017 1
1018 1
1019 1
1020 1
1021 1
1022 2
1023 4
1024 1
1025 1
1026 1
1027 2
1028 3
1029 1
1030 2
1031 11
1032 1
1033 2
1034 1
1035 1
1036 2
1037 2
1038 2
1039 2
1040 2
1041 2
1042 1
1043 1
1044 1
1045 4
1046 1
1047 1
1048 1
1049 3
1050 1
1051 1
1052 1
1053 1
1054 5
1055 1
1056 1
1057 1
1058 1
1059 1
1060 1
1061 7
1062 23
1063 11
1064 1
1065 1
1066 2
1067 1
1068 1
1069 1
1070 7
1071 1
1072 5
1073 1
1074 4
1075 1
1076 4
1077 1
1078 1
1079 1
1080 1
1081 1
1082 1
1083 1
1084 2
1085 2
1086 1
1087 1
1088 1
1089 1
1090 1
1091 1
1092 1
1093 1
1094 1
1095 5
1096 2
1097 1
1098 1
1099 9
1100 6
1101 1
1102 1
1103 2
1104 2
1105 2
1106 1
1107 1
1108 1
1109 1
1110 3
1111 1
1112 2
1113 4
1114 1
1115 1
1116 1
1117 1
1118 2
1119 1
1120 1
1121 1
1122 1
1123 2
1124 1
1125 2
1126 1
1127 1
1128 4
1129 3
1130 1
1131 19
1132 1
1133 1
1134 1
1135 1
1136 2
1137 3
1138 1
1139 6
1140 1
1141 10
1142 1
1143 1
1144 1
1145 2
1146 1
1147 1
1148 1
1149 2
1150 2
1151 2
1152 1
1153 1
1154 1
1155 1
1156 1
1157 6
1158 1
1159 1
1160 2
1161 2
1162 3
1163 1
1164 2
1165 4
1166 8
1167 2
1168 1
1169 2
1170 1
1171 1
1172 1
1173 1
1174 2
1175 45
1176 1
1177 2
1178 2
1179 1
1180 1
1181 1
1182 5
1183 1
1184 1
1185 1
1186 1
1187 2
1188 1
1189 1
1190 1
1191 1
1192 3
1193 1
1194 1
1195 1
1196 2
1197 1
1198 1
1199 1
1200 1
1201 4
1202 3
1203 1
1204 1
1205 2
1206 1
1207 9
1208 2
1209 1
1210 1
1211 1
1212 3
1213 1
1214 1
1215 1
1216 1
1217 1
1218 1
1219 1
1220 2
1221 3
1222 1
1223 1
1224 1
1225 1
1226 1
1227 1
1228 2
1229 1
1230 1
1231 1
1232 1
1233 1
1234 3
1235 1
1236 1
1237 1
1238 7
1239 2
1240 1
1241 1
1242 1
1243 18
1244 1
1245 1
1246 1
1247 2
1248 1
1249 2
1250 1
1251 3
1252 1
1253 2
1254 1
1255 1
1256 1
1257 2
1258 2
1259 1
1260 1
1261 1
1262 2
1263 1
1264 1
1265 1
1266 1
1267 1
1268 1
1269 2
1270 1
1271 1
1272 1
1273 2
1274 2
1275 6
1276 1
1277 1
1278 7
1279 2
1280 1
1281 1
1282 4
1283 1
1284 1
1285 1
1286 33
1287 4
1288 1
1289 2
1290 1
1291 1
1292 1
1293 2
1294 1
1295 1
1296 3
1297 1
1298 1
1299 3
1300 2
1301 2
1302 1
1303 1
1304 1
1305 1
1306 4
1307 1
1308 1
1309 1
1310 1
1311 2
1312 2
1313 1
1314 1
1315 1
1316 1
1317 8
1318 2
1319 1
1320 1
1321 1
1322 2
1323 2
1324 4
1325 1
1326 1
1327 1
1328 2
1329 2
1330 1
1331 1
1332 2
1333 1
1334 1
1335 1
1336 258
1337 2
1338 5
1339 19
1340 1
1341 4
1342 1
1343 1
1344 1
1345 1
1346 2
1347 1
1348 1
1349 1
1350 1
1351 2
1352 1
1353 1
1354 1
1355 1
1356 2
1357 1
1358 1
1359 1
1360 1
1361 1
1362 1
1363 1
1364 1
1365 1
1366 2
1367 1
1368 1
1369 1
1370 1
1371 1
1372 1
1373 1
1374 1
1375 1
1376 1
1377 1
1378 1
1379 1
1380 31
1381 1
1382 1
1383 2
1384 1
1385 4
1386 3
1387 6
1388 1
1389 1
1390 1
1391 2
1392 1
1393 1
1394 1
1395 2
1396 1
1397 2
1398 1
1399 4
1400 1
1401 4
1402 1
1403 1
1404 1
1405 1
1406 1
1407 1
1408 1
1409 1
1410 1
1411 10
1412 1
1413 2
1414 2
1415 1
1416 1
1417 3
1418 1
1419 2
1420 1
1421 1
1422 1
1423 1
1424 1
1425 1
1426 3
1427 1
1428 1
1429 1
1430 2
1431 2
1432 1
1433 1
1434 1
1435 2
1436 5
1437 3
1438 3
1439 24
1440 1
1441 1
1442 2
1443 1
1444 4
1445 1
1446 1
1447 1
1448 1
1449 2
1450 3
1451 2
1452 1
1453 1
1454 3
1455 1
1456 1
1457 1
1458 1
1459 1
1460 1
1461 1
1462 1
1463 1
1464 1
1465 1
1466 4
1467 23
1468 2
1469 2
1470 1
1471 1
1472 6
1473 1
1474 11
1475 1
1476 1
1477 1
1478 1
1479 1
1480 12
1481 5
1482 4
1483 1
1484 4
1485 2
1486 1
1487 1
1488 1
1489 2
1490 1
1491 1
1492 1
1493 1
1494 1
1495 4
1496 1
1497 1
1498 1
1499 1
1500 1
1501 2
1502 2
1503 1
1504 1
1505 2
1506 3
1507 1
1508 1
1509 1
1510 1
1511 1
1512 2
1513 1
1514 1
1515 1
1516 1
1517 2
1518 4
1519 1
1520 1
1521 1
1522 1
1523 1
1524 2
1525 11
1526 5
1527 3
1528 7
1529 1
1530 5
1531 2
1532 1
1533 1
1534 1
1535 1
1536 2
1537 1
1538 2
1539 1
1540 2
1541 1
1542 4
1543 2
1544 3
1545 1
1546 1
1547 1
1548 1
1549 2
1550 1
1551 1
1552 1
1553 1
1554 1
1555 3
1556 1
1557 1
1558 1
1559 1
1560 4
1561 2
1562 1
1563 3
1564 1
1565 1
1566 3
1567 1
1568 1
1569 1
1570 1
1571 6
1572 2
1573 8
1574 2
1575 1
1576 1
1577 2
1578 1
1579 1
1580 1
1581 2
1582 1
1583 1
1584 1
1585 1
1586 1
1587 1
1588 1
1589 3
1590 12
1591 4
1592 1
1593 1
1594 1
1595 9
1596 1
1597 1
1598 1
1599 1
1600 3
1601 1
1602 1
1603 2
1604 2
1605 1
1606 1
1607 1
1608 1
1609 1
1610 1
1611 1
1612 1
1613 1
1614 1
1615 1
1616 1
1617 1
1618 1
1619 1
1620 2
1621 15
1622 1
1623 1
1624 1
1625 3
1626 1
1627 1
1628 1
1629 1
1630 1
1631 3
1632 2
1633 1
1634 1
1635 1
1636 1
1637 1
1638 11
1639 2
1640 2
1641 6
1642 1
1643 1
1644 1
1645 1
1646 1
1647 1
1648 1
1649 2
1650 1
1651 1
1652 1
1653 1
1654 1
1655 1
1656 1
1657 1
1658 1
1659 1
1660 1
1661 4
1662 1
1663 17
1664 2
1665 1
1666 1
1667 1
1668 1
1669 1
1670 3
1671 1
1672 2
1673 2
1674 2
1675 1
1676 1
1677 3
1678 1
1679 1
1680 1
1681 1
1682 1
1683 1
1684 1
1685 7
1686 1
1687 1
1688 1
1689 1
1690 5
1691 1
1692 2
1693 2
1694 1
1695 1
1696 1
1697 1
1698 1
1699 1
1700 1
1701 1
1702 1
1703 1
1704 7
1705 1
1706 2
1707 1
1708 1
1709 2
1710 1
1711 2
1712 2
1713 7
1714 1
1715 1
1716 2
1717 1
1718 2
1719 4
1720 1
1721 1
1722 2
1723 2
1724 4
1725 1
1726 1
1727 5
1728 1
1729 1
1730 1
1731 3
1732 1
1733 1
1734 1
1735 5
1736 1
1737 4
1738 1
1739 2
1740 23
1741 1
1742 4
1743 1
1744 2
1745 2
1746 26
1747 1
1748 1
1749 3
1750 1
1751 4
1752 11
1753 2
1754 1
1755 1
1756 6
1757 1
1758 1
1759 1
1760 1
1761 1
1762 1
1763 2
1764 2
1765 1
1766 1
1767 1
1768 1
1769 1
1770 1
1771 1
1772 2
1773 2
1774 1
1775 1
1776 1
1777 1
1778 1
1779 2
1780 1
1781 1
1782 1
1783 11
1784 8
1785 1
1786 1
1787 6
1788 2
1789 1
1790 1
1791 5
1792 1
1793 1
1794 6
1795 5
1796 2
1797 1
1798 1
1799 1
1800 1
1801 1
1802 2
1803 2
1804 1
1805 1
1806 1
1807 2
1808 1
1809 1
1810 1
1811 1
1812 3
1813 1
1814 2
1815 1
1816 1
1817 8
1818 1
1819 1
1820 1
1821 1
1822 1
1823 4
1824 1
1825 1
1826 5
1827 1
1828 3
1829 1
1830 4
1831 1
1832 7
1833 1
1834 5
1835 1
1836 1
1837 1
1838 2
1839 1
1840 2
1841 1
1842 2
1843 1
1844 1
1845 11
1846 1
1847 1
1848 2
1849 2
1850 2
1851 1
1852 1
1853 1
1854 1
1855 1
1856 1
1857 2
1858 2
1859 1
1860 18
1861 1
1862 1
1863 1
1864 2
1865 1
1866 1
1867 21
1868 3
1869 1
1870 1
1871 2
1872 1
1873 1
1874 2
1875 1
1876 1
1877 1
1878 1
1879 1
1880 5
1881 2
1882 1
1883 1
1884 2
1885 3
1886 1
1887 1
1888 1
1889 2
1890 3
1891 1
1892 1
1893 6
1894 1
1895 1
1896 3
1897 1
1898 1
1899 1
1900 1
1901 1
1902 1
1903 3
1904 1
1905 1
1906 4
1907 1
1908 1
1909 1
1910 1
1911 1
1912 2
1913 2
1914 3
1915 2
1916 2
1917 1
1918 1
1919 7
1920 8
1921 1
1922 1
1923 1
1924 1
1925 1
1926 2
1927 1
1928 1
1929 1
1930 1
1931 2
1932 2
1933 1
1934 1
1935 2
1936 1
1937 1
1938 1
1939 3
1940 1
1941 1
1942 1
1943 2
1944 1
1945 1
1946 3
1947 1
1948 1
1949 1
1950 1
1951 1
1952 1
1953 1
1954 1
1955 1
1956 4
1957 2
1958 2
1959 6
1960 1
1961 3
1962 2
1963 1
1964 1
1965 1
1966 1
1967 1
1968 1
1969 1
1970 3
1971 1
1972 1
1973 1
1974 1
1975 1
1976 2
1977 3
1978 1
1979 1
1980 1
1981 1
1982 1
1983 4
1984 2
1985 1
1986 1
1987 1
1988 2
1989 1
1990 21
1991 1
1992 2
1993 4
1994 1
1995 1
1996 1
1997 1
1998 1
1999 1
2000 1
2001 1
2002 2
2003 3
2004 41
2005 3
2006 1
2007 1
2008 3
2009 1
2010 4
2011 1
2012 1
2013 1
2014 1
2015 1
2016 2
2017 1
2018 1
2019 1
2020 1
2021 2
2022 1
2023 1
2024 1
2025 1
2026 1
2027 1
2028 1
2029 4
2030 1
2031 1
2032 2
2033 2
2034 11
2035 4
2036 2
2037 1
2038 2
2039 1
2040 2
2041 1
2042 1
2043 1
2044 2
2045 1
2046 1
2047 1
2048 1
2049 1
2050 1
2051 2
2052 1
2053 1
2054 1
2055 1
2056 1
2057 1
2058 1
2059 1
2060 2
2061 1
2062 1
2063 1
2064 1
2065 1
2066 1
2067 1
2068 2
2069 1
2070 2
2071 1
2072 1
2073 9
2074 2
2075 1
2076 1
2077 1
2078 1
2079 1
2080 1
2081 1
2082 1
2083 2
2084 3
2085 2
2086 2
2087 1
2088 1
2089 5
2090 1
2091 1
2092 3
2093 1
2094 2
2095 3
2096 29
2097 2
2098 1
2099 1
2100 5
2101 3
2102 1
2103 2
2104 3
2105 1
2106 11
2107 10
2108 3
2109 8
2110 1
2111 22
2112 4
2113 1
2114 1
2115 1
2116 3
2117 1
2118 1
2119 1
2120 2
2121 2
2122 1
2123 3
2124 7
2125 1
2126 1
2127 1
2128 1
2129 2
2130 1
2131 1
2132 1
2133 1
2134 1
2135 1
2136 1
2137 5
2138 1
2139 1
2140 1
2141 1
2142 1
2143 4
2144 2
2145 1
2146 1
2147 3
2148 1
2149 1
2150 1
2151 2
2152 1
2153 3
2154 1
2155 3
2156 1
2157 1
2158 1
2159 1
2160 1
2161 1
2162 1
2163 1
2164 1
2165 1
2166 1
2167 1
2168 437
2169 1
2170 1
2171 1
2172 1
2173 1
2174 1
2175 1
2176 7
2177 4
2178 3
2179 1
2180 1
2181 1
2182 1
2183 1
2184 1
2185 1
2186 3
2187 1
2188 1
2189 1
2190 1
2191 1
2192 5
2193 1
2194 2
2195 8
2196 1
2197 2
2198 4
2199 1
2200 1
2201 2
2202 1
2203 1
2204 1
2205 2
2206 1
2207 1
2208 1
2209 3
2210 1
2211 1
2212 2
2213 4
2214 2
2215 4
2216 1
2217 2
2218 1
2219 2
2220 2
2221 2
2222 1
2223 1
2224 1
2225 5
2226 1
2227 8
2228 1
2229 2
2230 1
2231 2
2232 11
2233 3
2234 2
2235 1
2236 4
2237 1
2238 2
2239 1
2240 4
2241 1
2242 1
2243 13
2244 1
2245 2
2246 2
2247 1
2248 1
2249 1
2250 1
2251 2
2252 1
2253 1
2254 2
2255 1
2256 1
2257 1
2258 1
2259 1
2260 1
2261 1
2262 2
2263 1
2264 1
2265 1
2266 1
2267 1
2268 1
2269 1
2270 1
2271 1
2272 1
2273 1
2274 2
2275 15
2276 8
2277 1
2278 1
2279 1
2280 1
2281 6
2282 4
2283 5
2284 2
2285 3
2286 1
2287 1
2288 2
2289 8
2290 2
2291 1
2292 1
2293 1
2294 2
2295 1
2296 4
2297 4
2298 2
2299 1
2300 1
2301 6
2302 1
2303 2
2304 1
2305 1
2306 1
2307 1
2308 2
2309 5
2310 6
2311 1
2312 1
2313 2
2314 1
2315 4
2316 2
2317 1
2318 1
2319 1
2320 2
2321 1
2322 1
2323 2
2324 2
2325 1
2326 1
2327 3
2328 1
2329 1
2330 1
2331 1
2332 8
2333 12
2334 1
2335 1
2336 1
2337 1
2338 1
2339 1
2340 1
2341 3
2342 1
2343 1
2344 1
2345 1
2346 1
2347 1
2348 2
2349 1
2350 1
2351 2
2352 1
2353 1
2354 1
2355 1
2356 1
2357 1
2358 8
2359 1
2360 2
2361 1
2362 1
2363 1
2364 2
2365 2
2366 2
2367 1
2368 1
2369 1
2370 1
2371 1
2372 1
2373 1
2374 1
2375 1
2376 1
2377 2
2378 1
2379 1
2380 1
2381 1
2382 1
2383 1
2384 1
2385 1
2386 1
2387 1
2388 1
2389 1
2390 1
2391 1
2392 1
2393 1
2394 1
2395 1
2396 2
2397 1
2398 1
2399 1
2400 1
2401 1
2402 1
2403 2
2404 4
2405 2
2406 1
2407 4
2408 1
2409 1
2410 5
2411 2
2412 1
2413 1
2414 1
2415 9
2416 1
2417 1
2418 3
2419 1
2420 1
2421 1
2422 1
2423 1
2424 1
2425 21
2426 1
2427 1
2428 1
2429 1
2430 1
2431 1
2432 2
2433 1
2434 1
2435 1
2436 1
2437 1
2438 1
2439 1
2440 1
2441 2
2442 1
2443 1
2444 1
2445 1
2446 1
2447 7
2448 1
2449 2
2450 1
2451 1
2452 1
2453 1
2454 1
2455 2
2456 1
2457 5
2458 3
2459 1
2460 1
2461 2
2462 1
2463 1
2464 4
2465 1
2466 1
2467 1
2468 1
2469 1
2470 1
2471 1
2472 1
2473 1
2474 1
2475 211
2476 2
2477 1
2478 1
2479 3
2480 3
2481 1
2482 1
2483 1
2484 3
2485 1
2486 1
2487 1
2488 1
2489 33
2490 1
2491 1
2492 1
2493 1
2494 2
2495 1
2496 2
2497 1
2498 1
2499 1
2500 1
2501 2
2502 1
2503 1
2504 2
2505 1
2506 1
2507 1
2508 1
2509 1
2510 63
2511 5
2512 1
2513 4
2514 1
2515 1
2516 1
2517 2
2518 1
2519 1
2520 1
2521 5
2522 1
2523 3
2524 1
2525 1
2526 1
2527 3
2528 2
2529 1
2530 1
2531 1
2532 1
2533 1
2534 1
2535 2
2536 1
2537 2
2538 3
2539 2
2540 1
2541 1
2542 1
2543 7
2544 2
2545 1
2546 1
2547 1
2548 1
2549 1
2550 1
2551 3
2552 2
2553 1
2554 2
2555 1
2556 1
2557 1
2558 1
2559 11
2560 1
2561 1
2562 1
2563 1
2564 1
2565 1
2566 1
2567 1
2568 1
2569 1
2570 2
2571 1
2572 2
2573 1
2574 1
2575 20
2576 1
2577 1
2578 1
2579 1
2580 1
2581 3
2582 1
2583 9
2584 1
2585 1
2586 1
2587 1
2588 1
2589 1
2590 3
2591 1
2592 3
2593 1
2594 1
2595 1
2596 3
2597 1
2598 2
2599 1
2600 1
2601 1
2602 1
2603 1
2604 1
2605 1
2606 1
2607 3
2608 1
2609 1
2610 2
2611 1
2612 1
2613 1
2614 1
2615 2
2616 1
2617 1
2618 10
2619 1
2620 1
2621 1
2622 1
2623 3
2624 2
2625 1
2626 1
2627 1
2628 1
2629 4
2630 5
2631 1
2632 1
2633 11
2634 1
2635 1
2636 1
2637 14
2638 1
2639 1
2640 1
2641 1
2642 2
2643 1
2644 1
2645 6
2646 1
2647 1
2648 1
2649 47
2650 1
2651 1
2652 1
2653 1
2654 1
2655 1
2656 1
2657 1
2658 1
2659 1
2660 2
2661 1
2662 1
2663 4
2664 1
2665 1
2666 1
2667 1
2668 2
2669 2
2670 1
2671 1
2672 1
2673 1
2674 12
2675 1
2676 2
2677 1
2678 1
2679 4
2680 1
2681 1
2682 4
2683 1
2684 3
2685 1
2686 3
2687 1
2688 1
2689 2
2690 1
2691 1
2692 1
2693 1
2694 5
2695 1
2696 4
2697 1
2698 1
2699 1
2700 1
2701 1
2702 2
2703 1
2704 1
2705 2
2706 2
2707 1
2708 1
2709 2
2710 1
2711 2
2712 1
2713 1
2714 1
2715 1
2716 2
2717 1
2718 1
2719 2
2720 1
2721 1
2722 1
2723 1
2724 1
2725 2
2726 24
2727 5
2728 1
2729 1
2730 1
2731 5
2732 1
2733 1
2734 1
2735 1
2736 1
2737 1
2738 1
2739 1
2740 1
2741 4
2742 1
2743 1
2744 1
2745 1
2746 3
2747 2
2748 1
2749 1
2750 2
2751 4
2752 1
2753 1
2754 1
2755 7
2756 7
2757 2
2758 1
2759 1
2760 1
2761 1
2762 1
2763 2
2764 1
2765 1
2766 1
2767 1
2768 18
2769 1
2770 1
2771 1
2772 1
2773 1
2774 1
2775 2
2776 1
2777 1
2778 4
2779 2
2780 2
2781 1
2782 1
2783 1
2784 2
2785 1
2786 1
2787 1
2788 10
2789 1
2790 7
2791 1
2792 1
2793 1
2794 2
2795 2
2796 10
2797 1
2798 3
2799 1
2800 1
2801 1
2802 1
2803 2
2804 11
2805 1
2806 2
2807 1
2808 2
2809 1
2810 1
2811 1
2812 1
2813 1
2814 1
2815 1
2816 1
2817 1
2818 1
2819 3
2820 34
2821 2
2822 2
2823 1
2824 1
2825 1
2826 2
2827 1
2828 1
2829 7
2830 1
2831 1
2832 1
2833 1
2834 2
2835 5
2836 1
2837 1
2838 1
2839 2
2840 3
2841 1
2842 2
2843 1
2844 2
2845 1
2846 6
2847 2
2848 1
2849 1
2850 1
2851 1
2852 1
2853 17
2854 3
2855 1
2856 1
2857 8
2858 1
2859 1
2860 2
2861 1
2862 2
2863 1
2864 1
2865 1
2866 5
2867 1
2868 1
2869 2
2870 2
2871 1
2872 1
2873 2
2874 2
2875 1
2876 1
2877 14
2878 1
2879 1
2880 5
2881 1
2882 1
2883 1
2884 3
2885 1
2886 39
2887 1
2888 3
2889 1
2890 1
2891 1
2892 1
2893 1
2894 1
2895 1
2896 1
2897 1
2898 1
2899 2
2900 1
2901 39
2902 37
2903 9
2904 1
2905 1
2906 1
2907 1
2908 2
2909 1
2910 8
2911 1
2912 1
2913 1
2914 1
2915 1
2916 1
2917 3
2918 1
2919 3
2920 1
2921 1
2922 1
2923 2
2924 2
2925 1
2926 13
2927 1
2928 1
2929 8
2930 1
2931 2
2932 1
2933 1
2934 2
2935 1
2936 1
2937 1
2938 1
2939 1
2940 1
2941 3
2942 4
2943 3
2944 1
2945 1
2946 1
2947 1
2948 1
2949 1
2950 1
2951 2
2952 1
2953 2
2954 1
2955 1
2956 4
2957 9
2958 1
2959 1
2960 1
2961 1
2962 1
2963 1
2964 1
2965 1
2966 9
2967 1
2968 4
2969 2
2970 7
2971 1
2972 1
2973 1
2974 1
2975 10
2976 1
2977 4
2978 1
2979 1
2980 2
2981 196
2982 1
2983 1
2984 1
2985 1
2986 6
2987 1
2988 10
2989 1
2990 1
2991 1
2992 1
2993 1
2994 1
2995 2
2996 1
2997 1
2998 1
2999 2
3000 1
3001 1
3002 1
3003 1
3004 1
3005 1
3006 4
3007 1
3008 2
3009 1
3010 1
3011 1
3012 1
3013 1
3014 1
3015 1
3016 1
3017 1
3018 1
3019 1
3020 2
3021 1
3022 1
3023 1
3024 1
3025 1
3026 1
3027 1
3028 1
3029 1
3030 1
3031 2
3032 1
3033 1
3034 1
3035 1
3036 1
3037 6
3038 1
3039 1
3040 1
3041 17
3042 1
3043 2
3044 1
3045 3
3046 1
3047 2
3048 1
3049 2
3050 3
3051 3
3052 1
3053 2
3054 1
3055 2
3056 1
3057 1
3058 1
3059 1
3060 1
3061 2
3062 1
3063 2
3064 1
3065 1
3066 1
3067 9
3068 1
3069 1
3070 2
3071 1
3072 7
3073 6
3074 1
3075 1
3076 1
3077 1
3078 1
3079 1
3080 1
3081 2
3082 1
3083 1
3084 1
3085 4
3086 3
3087 1
3088 1
3089 1
3090 3
3091 1
3092 3
3093 1
3094 1
3095 1
3096 2
3097 1
3098 1
3099 3
3100 1
3101 2
3102 1
3103 1
3104 1
3105 1
3106 1
3107 1
3108 2
3109 2
3110 1
3111 3
3112 3
3113 1
3114 2
3115 1
3116 2
3117 2
3118 2
3119 1
3120 3
3121 1
3122 1
3123 2
3124 1
3125 2
3126 4
3127 1
3128 1
3129 1
3130 1
3131 1
3132 1
3133 1
3134 3
3135 1
3136 1
3137 1
3138 1
3139 3
3140 2
3141 2
3142 5
3143 1
3144 2
3145 1
3146 1
3147 1
3148 3
3149 2
3150 1
3151 1
3152 1
3153 1
3154 1
3155 1
3156 1
3157 1
3158 1
3159 1
3160 1
3161 1
3162 14
3163 3
3164 1
3165 1
3166 1
3167 1
3168 5
3169 1
3170 3
3171 1
3172 1
3173 1
3174 2
3175 1
3176 1
3177 2
3178 1
3179 1
3180 1
3181 1
3182 1
3183 8
3184 1
3185 1
3186 2
3187 1
3188 1
3189 1
3190 2
3191 1
3192 2
3193 2
3194 1
3195 1
3196 1
3197 10
3198 1
3199 2
3200 1
3201 1
3202 1
3203 1
3204 1
3205 1
3206 1
3207 1
3208 1
3209 2
3210 4
3211 3
3212 4
3213 3
3214 1
3215 2
3216 5
3217 2
3218 24
3219 1
3220 1
3221 13
3222 1
3223 6
3224 1
3225 1
3226 2
3227 1
3228 1
3229 2
3230 1
3231 1
3232 4
3233 1
3234 1
3235 1
3236 1
3237 1
3238 2
3239 2
3240 10
3241 1
3242 1
3243 1
3244 4
3245 1
3246 1
3247 1
3248 1
3249 3
3250 1
3251 1
3252 1
3253 4
3254 1
3255 4
3256 1
3257 1
3258 5
3259 2
3260 1
3261 1
3262 1
3263 2
3264 1
3265 1
3266 28
3267 2
3268 1
3269 2
3270 1
3271 1
3272 1
3273 1
3274 1
3275 1
3276 1
3277 1
3278 1
3279 3
3280 1
3281 1
3282 1
3283 4
3284 3
3285 4
3286 1
3287 1
3288 1
3289 1
3290 1
3291 1
3292 1
3293 1
3294 1
3295 3
3296 2
3297 2
3298 6
3299 1
3300 3
3301 1
3302 1
3303 1
3304 2
3305 1
3306 2
3307 1
3308 5
3309 8
3310 1
3311 1
3312 2
3313 1
3314 1
3315 1
3316 1
3317 1
3318 1
3319 1
3320 1
3321 2
3322 3
