0 2
1 1259
2 18
3 2
4 1
5 1
6 1
7 2
8 2
9 1
10 2
11 1
12 1
13 1
14 4
15 1
16 2
17 1
18 1
19 3
20 1
21 13
22 2
23 4
24 1
25 2
26 2
27 2
28 1
29 1
30 1
31 1
32 1
33 1
34 1
35 1
36 2
37 1
38 1
39 1
40 1
41 1
42 1
43 2
44 5
45 1
46 4
47 1
48 1
49 1
50 1
51 1
52 1
53 1
54 2
55 2
56 1
57 3
58 1
59 1
60 1
61 1
62 1
63 1
64 1
65 1
66 1
67 8
68 1
69 1
70 1
71 1
72 1
73 2
74 1
75 4
76 1
77 1
78 1
79 1
80 43
81 2
82 1
83 2
84 1
85 7
86 1
87 1
88 1
89 2
90 3
91 1
92 13
93 1
94 1
95 1
96 1
97 1
98 2
99 4
100 1
101 6
102 2
103 1
104 1
105 1
106 1
107 1
108 1
109 4
110 2
111 1
112 1
113 4
114 1
115 1
116 3
117 8
118 1
119 1
120 1
121 1
122 5
123 1
124 1
125 1
126 1
127 3
128 1
129 1
130 1
131 1
132 1
133 1
134 2
135 1
136 1
137 2
138 1
139 2
140 1
141 1
142 1
143 1
144 1
145 1
146 1
147 1
148 9
149 1
150 1
151 1
152 2
153 4
154 1
155 1
156 1
157 1
158 1
159 6
160 1
161 1
162 1
163 1
164 3
165 2
166 3
167 1
168 1
169 1
170 1
171 1
172 1
173 1
174 1
175 2
176 2
177 1
178 2
179 1
180 7
181 7
182 1
183 1
184 1
185 1
186 2
187 1
188 7
189 1
190 1
191 1
192 1
193 5
194 2
195 5
196 1
197 1
198 1
199 1
200 1
201 1
202 1
203 2
204 1
205 1
206 1
207 1
208 3
209 1
210 6
211 1
212 1
213 2
214 1
215 1
216 1
217 1
218 1
219 1
220 1
221 3
222 1
223 1
224 10
225 1
226 1
227 1
228 2
229 1
230 1
231 1
232 2
233 1
234 1
235 1
236 51
237 3
238 3
239 6
240 1
241 1
242 2
243 10
244 4
245 1
246 16
247 10
248 1
249 1
250 2
251 4
252 1
253 1
254 1
255 1
256 4
257 4
258 1
259 1
260 2
261 4
262 1
263 1
264 2
265 1
266 1
267 1
268 1
269 1
270 1
271 1
272 11
273 3
274 1
275 1
276 1
277 1
278 4
279 1
280 1
281 3
282 1
283 1
284 3
285 1
286 1
287 1
288 4
289 4
290 1
291 1
292 11
293 1
294 3
295 11
296 1
297 2
298 1
299 1
300 1
301 1
302 2
303 1
304 1
305 1
306 1
307 11
308 1
309 1
310 1
311 10
312 1
313 1
314 1
315 1
316 2
317 1
318 1
319 1
320 1
321 1
322 1
323 1
324 1
325 3
326 23
327 1
328 1
329 1
330 1
331 1
332 2
333 1
334 1
335 1
336 2
337 1
338 1
339 1
340 4
341 1
342 1
343 7
344 1
345 2
346 1
347 1
348 1
349 1
350 1
351 1
352 1
353 1
354 1
355 2
356 2
357 1
358 1
359 5
360 1
361 3
362 2
363 1
364 1
365 3
366 1
367 2
368 1
369 1
370 1
371 1
372 1
373 1
374 20
375 2
376 3
377 1
378 1
379 2
380 1
381 1
382 1
383 1
384 15
385 1
386 1
387 1
388 1
389 1
390 1
391 1
392 1
393 1
394 2
395 1
396 1
397 1
398 1
399 1
400 1
401 1
402 1
403 1
404 1
405 1
406 1
407 1
408 2
409 1
410 2
411 1
412 1
413 1
414 1
415 1
416 2
417 2
418 1
419 1
420 2
421 2
422 1
423 1
424 1
425 1
426 1
427 2
428 1
429 1
430 1
431 1
432 1
433 1
434 1
435 1
436 3
437 1
438 1
439 1
440 13
441 1
442 1
443 1
444 1
445 1
446 3
447 2
448 3
449 1
450 5
451 1
452 1
453 1
454 1
455 1
456 2
457 4
458 1
459 1
460 1
461 1
462 1
463 5
464 1
465 8
466 1
467 1
468 1
469 2
470 1
471 1
472 5
473 1
474 1
475 1
476 1
477 1
478 1
479 1
480 1
481 3
482 18
483 50
484 1
485 1
486 2
487 1
488 1
489 1
490 1
491 1
492 4
493 1
494 1
495 1
496 1
497 1
498 2
499 2
500 1
501 1
502 1
503 1
504 1
505 1
506 1
507 1
508 1
509 1
510 1
511 10
512 1
513 6
514 1
515 1
516 2
517 10
518 4
519 8
520 4
521 1
522 1
523 1
524 1
525 1
526 10
527 2
528 1
529 2
530 1
531 1
532 1
533 3
534 1
535 1
536 3
537 4
538 1
539 4
540 1
541 1
542 1
543 5
544 1
545 1
546 1
547 1
548 1
549 1
550 1
551 22
552 1
553 1
554 1
555 1
556 1
557 1
558 1
559 2
560 1
561 2
562 1
563 1
564 6
565 1
566 1
567 1
568 1
569 1
570 1
571 2
572 1
573 1
574 1
575 1
576 1
577 249
578 1
579 1
580 2
581 2
582 3
583 1
584 5
585 2
586 1
587 2
588 1
589 1
590 2
591 1
592 1
593 18
594 1
595 1
596 1
597 1
598 1
599 2
600 3
601 5
602 1
603 1
604 1
605 1
606 1
607 1
608 1
609 1
610 2
611 1
612 1
613 1
614 6
615 1
616 1
617 1
618 1
619 2
620 3
621 1
622 1
623 1
624 4
625 1
626 1
627 1
628 1
629 2
630 1
631 1
632 1
633 109
634 1
635 1
636 1
637 1
638 1
639 2
640 1
641 1
642 1
643 2
644 1
645 1
646 1
647 1
648 5
649 1
650 1
651 6
652 1
653 3
654 2
655 1
656 6
657 1
658 2
659 1
660 1
661 1
662 3
663 1
664 1
665 1
666 6
667 1
668 5
669 5
670 1
671 8
672 1
673 1
674 2
675 3
676 1
677 1
678 1
679 1
680 1
681 1
682 1
683 6
684 2
685 1
686 1
687 1
688 3
689 2
690 1
691 1
692 1
693 6
694 4
695 1
696 10
697 3
698 1
699 1
700 1
701 1
702 1
703 11
704 1
705 2
706 2
707 1
708 5
709 2
710 1
711 1
712 1
713 3
714 1
715 2
716 1
717 1
718 1
719 1
720 1
721 1
722 1
723 1
724 1
725 1
726 1
727 1
728 3
729 1
730 1
731 3
732 2
733 1
734 1
735 1
736 1
737 2
738 1
739 1
740 1
741 6
742 15
743 1
744 1
745 1
746 1
747 3
748 3
749 1
750 2
751 1
752 1
753 3
754 1
755 1
756 1
757 1
758 4
759 1
760 1
761 1
762 1
763 1
764 1
765 1
766 3
767 1
768 1
769 1
770 1
771 1
772 1
773 1
774 1
775 4
776 1
777 1
778 3
779 1
780 1
781 1
782 1
783 1
784 1
785 1
786 2
787 3
788 1
789 1
790 3
791 2
792 1
793 1
794 1
795 2
796 1
797 2
798 1
799 11
800 2
801 1
802 2
803 1
804 20
805 1
806 8
807 2
808 1
809 1
810 3
811 2
812 1
813 1
814 3
815 1
816 1
817 7
818 1
819 1
820 1
821 1
822 1
823 4
824 1
825 1
826 1
827 1
828 1
829 3
830 1
831 3
832 7
833 1
834 1
835 1
836 1
837 10
838 1
839 1
840 1
841 1
842 8
843 1
844 10
845 1
846 1
847 1
848 8
849 1
850 2
851 1
852 21
853 1
854 1
855 1
856 1
857 6
858 1
859 1
860 1
861 1
862 1
863 2
864 1
865 1
866 1
867 1
868 1
869 1
870 1
871 3
872 1
873 1
874 1
875 1
876 4
877 1
878 1
879 1
880 5
881 7
882 1
883 1
884 1
885 1
886 1
887 2
888 1
889 1
890 1
891 3
892 3
893 1
894 1
895 1
896 1
897 1
898 1
899 1
900 15
901 1
902 3
903 1
904 1
905 1
906 1
907 1
908 1
909 1
910 1
911 2
912 1
913 1
914 1
915 1
916 15
917 1
918 2
919 1
920 1
921 2
922 1
923 4
924 6
925 1
926 1
927 1
928 1
929 1
930 2
931 1
932 1
933 1
934 1
935 1
936 1
937 1
938 2
939 29
940 3
941 5
942 1
943 2
944 1
945 1
946 1
947 3
948 1
949 1
950 1
951 1
952 3
953 1
954 2
955 1
956 2
957 2
958 1
959 5
960 1
961 1
962 3
963 1
964 4
965 1
966 1
967 1
968 1
969 8
970 1
971 1
972 1
973 1
974 1
975 1
976 5
977 2
978 13
979 1
980 1
981 4
982 2
983 1
984 1
985 1
986 1
987 1
988 2
989 1
990 1
991 1
992 2
993 2
994 1
995 1
996 1
997 2
998 3
999 1
1000 18
1001 19
1002 1
1003 1
1004 2
1005 1
1006 1
1007 1
1008 4
1009 1
1010 2
1011 1
1012 8
1013 1
1014 1
1015 2
1016 1
1017 1
1018 1
1019 4
1020 1
1021 1
1022 1
1023 1
1024 2
1025 1
1026 1
1027 7
1028 1
1029 1
1030 3
1031 2
1032 7
1033 1
1034 1
1035 4
1036 5
1037 2
1038 1
1039 1
1040 1
1041 1
1042 3
1043 1
1044 1
1045 1
1046 3
1047 3
1048 4
1049 2
1050 1
1051 2
1052 1
1053 1
1054 3
1055 1
1056 1
1057 2
1058 1
1059 3
1060 1
1061 1
1062 1
1063 1
1064 21
1065 1
1066 1
1067 1
1068 1
1069 1
1070 1
1071 3
1072 1
1073 1
1074 1
1075 4
1076 1
1077 2
1078 1
1079 2
1080 1
1081 1
1082 5
1083 1
1084 1
1085 1
1086 9
1087 1
1088 1
1089 1
1090 1
1091 1
1092 1
1093 1
1094 1
1095 1
1096 1
1097 1
1098 3
1099 1
1100 1
1101 9
1102 5
1103 1
1104 1
1105 1
1106 2
1107 3
1108 1
1109 1
1110 56
1111 1
1112 2
1113 3
1114 1
1115 1
1116 1
1117 4
1118 1
1119 5
1120 1
1121 1
1122 1
1123 2
1124 2
1125 2
1126 1
1127 1
1128 3
1129 1
1130 1
1131 1
1132 2
1133 1
1134 1
1135 1
1136 2
1137 1
1138 1
1139 4
1140 1
1141 2
1142 3
1143 1
1144 2
1145 1
1146 1
1147 2
1148 1
1149 2
1150 2
1151 1
1152 1
1153 1
1154 2
1155 1
1156 1
1157 1
1158 1
1159 1
1160 1
1161 8
1162 1
1163 1
1164 4
1165 1
1166 1
1167 1
1168 2
1169 1
1170 1
1171 3
1172 1
1173 2
1174 1
1175 1
1176 1
1177 1
1178 1
1179 1
1180 4
1181 1
1182 1
1183 1
1184 1
1185 1
1186 1
1187 2
1188 1
1189 1
1190 7
1191 1
1192 1
1193 1
1194 1
1195 1
1196 1
1197 2
1198 2
1199 1
1200 2
1201 1
1202 4
1203 2
1204 2
1205 1
1206 1
1207 1
1208 1
1209 1
1210 1
1211 7
1212 1
1213 1
1214 9
1215 1
1216 2
1217 2
1218 2
1219 1
1220 1
1221 3
1222 1
1223 1
1224 1
1225 1
1226 1
1227 1
1228 1
1229 6
1230 34
1231 1
1232 1
1233 2
1234 1
1235 1
1236 11
1237 3
1238 1
1239 1
1240 1
1241 1
1242 1
1243 1
1244 3
1245 1
1246 1
1247 1
1248 2
1249 3
1250 260
1251 1
1252 1
1253 5
1254 1
1255 1
1256 1
1257 1
1258 1
1259 1
1260 1
1261 1
1262 1
1263 1
1264 2
1265 2
1266 1
1267 1
1268 1
1269 1
1270 1
1271 4
1272 1
1273 1
1274 1
1275 1
1276 3
1277 1
1278 1
1279 4
1280 1
1281 1
1282 1
1283 1
1284 1
1285 1
1286 1
1287 1
1288 1
1289 1
1290 1
1291 1
1292 1
1293 1
1294 1
1295 1
1296 31
1297 1
1298 1
1299 2
1300 1
1301 3
1302 1
1303 1
1304 7
1305 1
1306 1
1307 1
1308 1
1309 1
1310 1
1311 2
1312 2
1313 1
1314 1
1315 1
1316 1
1317 1
1318 1
1319 1
1320 2
1321 1
1322 1
1323 3
1324 2
1325 5
1326 1
1327 2
1328 1
1329 1
1330 18
1331 2
1332 1
1333 3
1334 1
1335 1
1336 1
1337 6
1338 1
1339 1
1340 1
1341 2
1342 1
1343 1
1344 1
1345 1
1346 1
1347 1
1348 2
1349 1
1350 1
1351 1
1352 3
1353 1
1354 1
1355 1
1356 1
1357 1
1358 1
1359 3
1360 1
1361 30
1362 1
1363 1
1364 2
1365 1
1366 1
1367 1
1368 1
1369 3
1370 1
1371 1
1372 1
1373 1
1374 1
1375 1
1376 1
1377 2
1378 2
1379 2
1380 1
1381 2
1382 5
1383 11
1384 1
1385 1
1386 3
1387 6
1388 2
1389 5
1390 1
1391 1
1392 1
1393 5
1394 1
1395 1
1396 1
1397 1
1398 3
1399 1
1400 1
1401 1
1402 3
1403 1
1404 4
1405 1
1406 1
1407 1
1408 2
1409 1
1410 2
1411 1
1412 1
1413 1
1414 1
1415 1
1416 1
1417 1
1418 1
1419 2
1420 1
1421 1
1422 1
1423 1
1424 2
1425 8
1426 2
1427 1
1428 1
1429 1
1430 10
1431 1
1432 1
1433 1
1434 1
1435 7
1436 1
1437 1
1438 3
1439 1
1440 3
1441 6
1442 1
1443 2
1444 1
1445 2
1446 2
1447 1
1448 1
1449 1
1450 2
1451 1
1452 2
1453 1
1454 1
1455 2
1456 1
1457 2
1458 1
1459 1
1460 1
1461 1
1462 1
1463 1
1464 1
1465 1
1466 2
1467 1
1468 1
1469 1
1470 1
1471 1
1472 4
1473 1
1474 4
1475 1
1476 1
1477 1
1478 3
1479 1
1480 1
1481 1
1482 1
1483 1
1484 2
1485 1
1486 1
1487 1
1488 1
1489 2
1490 3
1491 3
1492 1
1493 2
1494 8
1495 1
1496 1
1497 1
1498 1
1499 1
1500 2
1501 2
1502 1
1503 3
1504 1
1505 1
1506 1
1507 1
1508 1
1509 1
1510 1
1511 1
1512 2
1513 1
1514 1
1515 2
1516 2
1517 2
1518 1
1519 4
1520 2
1521 1
1522 1
1523 1
1524 2
1525 1
1526 1
1527 1
1528 1
1529 18
1530 1
1531 1
1532 4
1533 1
1534 9
1535 1
1536 2
1537 1
1538 1
1539 1
1540 1
1541 3
1542 3
1543 2
1544 1
1545 1
1546 1
1547 2
1548 2
1549 1
1550 1
1551 1
1552 1
1553 3
1554 1
1555 1
1556 1
1557 2
1558 2
1559 1
1560 11
1561 2
1562 1
1563 1
1564 1
1565 6
1566 1
1567 1
1568 2
1569 1
1570 4
1571 1
1572 1
1573 1
1574 1
1575 1
1576 1
1577 1
1578 1
1579 1
1580 2
1581 2
1582 1
1583 1
1584 1
1585 1
1586 1
1587 1
1588 1
1589 1
1590 2
1591 1
1592 2
1593 1
1594 1
1595 1
1596 1
1597 1
1598 1
1599 4
1600 2
1601 1
1602 1
1603 1
1604 2
1605 1
1606 1
1607 1
1608 2
1609 1
1610 1
1611 1
1612 1
1613 1
1614 1
1615 19
1616 1
1617 23
1618 9
1619 1
1620 3
1621 1
1622 5
1623 8
1624 2
1625 1
1626 1
1627 2
1628 5
1629 1
1630 1
1631 1
1632 1
1633 1
1634 1
1635 1
1636 1
1637 1
1638 1
1639 1
1640 1
1641 1
1642 2
1643 1
1644 2
1645 1
1646 1
1647 1
1648 2
1649 1
1650 7
1651 6
1652 1
1653 2
1654 1
1655 6
1656 1
1657 3
1658 1
1659 1
1660 1
1661 2
1662 1
1663 1
1664 1
1665 1
1666 1
1667 1
1668 1
1669 5
1670 3
1671 1
1672 1
1673 1
1674 1
1675 1
1676 7
1677 1
1678 1
1679 2
1680 1
1681 1
1682 1
1683 1
1684 34
1685 1
1686 4
1687 1
1688 1
1689 4
1690 1
1691 4
1692 1
1693 1
1694 1
1695 1
1696 1
1697 2
1698 1
1699 1
1700 1
1701 1
1702 6
1703 1
1704 2
1705 1
1706 1
1707 1
1708 1
1709 1
1710 2
1711 1
1712 2
1713 1
1714 10
1715 1
1716 1
1717 3
1718 1
1719 33
1720 3
1721 1
1722 3
1723 1
1724 3
1725 1
1726 3
1727 1
1728 27
1729 1
1730 2
1731 2
1732 1
1733 1
1734 1
1735 2
1736 2
1737 1
1738 1
1739 2
1740 1
1741 2
1742 3
1743 1
1744 1
1745 1
1746 1
1747 2
1748 6
1749 1
1750 4
1751 1
1752 1
1753 1
1754 1
1755 1
1756 1
1757 1
1758 8
1759 1
1760 1
1761 1
1762 16
1763 1
1764 1
1765 1
1766 1
1767 1
1768 1
1769 2
1770 1
1771 1
1772 1
1773 1
1774 1
1775 1
1776 3
1777 1
1778 1
1779 1
1780 1
1781 1
1782 1
1783 2
1784 2
1785 2
1786 1
1787 2
1788 1
1789 1
1790 1
1791 1
1792 1
1793 1
1794 13
1795 1
1796 5
1797 2
1798 1
1799 1
1800 2
1801 1
1802 5
1803 1
1804 3
1805 2
1806 5
1807 1
1808 1
1809 2
1810 1
1811 1
1812 1
1813 2
1814 1
1815 1
1816 1
1817 1
1818 1
1819 1
1820 1
1821 1
1822 1
1823 1
1824 1
1825 1
1826 1
1827 1
1828 1
1829 1
1830 1
1831 1
1832 1
1833 15
1834 8
1835 1
1836 1
1837 1
1838 1
1839 2
1840 1
1841 1
1842 1
1843 1
1844 1
1845 4
1846 44
1847 1
1848 1
1849 1
1850 1
1851 1
1852 8
1853 1
1854 1
1855 4
1856 1
1857 2
1858 2
1859 1
1860 1
1861 1
1862 7
1863 1
1864 4
1865 2
1866 1
1867 3
1868 1
1869 1
1870 1
1871 3
1872 3
1873 1
1874 1
1875 3
1876 2
1877 1
1878 7
1879 1
1880 1
1881 5
1882 9
1883 1
1884 1
1885 1
1886 1
1887 1
1888 1
1889 1
1890 3
1891 1
1892 1
1893 1
1894 1
1895 1
1896 1
1897 1
1898 1
1899 2
1900 1
1901 5
1902 1
1903 1
1904 1
1905 1
1906 1
1907 1
1908 1
1909 2
1910 1
1911 1
1912 1
1913 1
1914 1
1915 1
1916 6
1917 1
1918 1
1919 1
1920 1
1921 13
1922 1
1923 1
1924 1
1925 1
1926 1
1927 1
1928 1
1929 1
1930 1
1931 1
1932 1
1933 1
1934 3
1935 33
1936 5
1937 1
1938 1
1939 1
1940 4
1941 2
1942 1
1943 1
1944 9
1945 1
1946 18
1947 8
1948 1
1949 1
1950 1
1951 4
1952 2
1953 1
1954 1
1955 1
1956 13
1957 1
1958 3
1959 1
1960 8
1961 1
1962 1
1963 29
1964 1
1965 1
1966 1
1967 1
1968 1
1969 3
1970 10
1971 1
1972 1
1973 1
1974 2
1975 1
1976 1
1977 1
1978 2
1979 1
1980 1
1981 1
1982 1
1983 1
1984 3
1985 1
1986 1
1987 1
1988 1
1989 1
1990 2
1991 1
1992 1
1993 4
1994 1
1995 1
1996 1
1997 1
1998 3
1999 1
2000 1
2001 2
2002 1
2003 1
2004 1
2005 1
2006 1
2007 1
2008 8
2009 2
2010 1
2011 1
2012 2
2013 1
2014 1
2015 1
2016 1
2017 481
2018 2
2019 1
2020 1
2021 2
2022 5
2023 1
2024 3
2025 1
2026 1
2027 1
2028 1
2029 2
2030 4
2031 1
2032 1
2033 1
2034 1
2035 3
2036 3
2037 4
2038 1
2039 2
2040 2
2041 2
2042 1
2043 2
2044 1
2045 1
2046 1
2047 1
2048 1
2049 1
2050 1
2051 2
2052 1
2053 1
2054 1
2055 1
2056 1
2057 1
2058 3
2059 1
2060 2
2061 1
2062 1
2063 1
2064 4
2065 1
2066 1
2067 1
2068 1
2069 1
2070 11
2071 2
2072 2
2073 1
2074 2
2075 2
2076 4
2077 1
2078 1
2079 2
2080 1
2081 2
2082 2
2083 1
2084 1
2085 11
2086 1
2087 1
2088 2
2089 1
2090 1
2091 1
2092 1
2093 1
2094 1
2095 1
2096 2
2097 1
2098 1
2099 1
2100 1
2101 4
2102 1
2103 1
2104 1
2105 1
2106 3
2107 1
2108 1
2109 1
2110 2
2111 1
2112 1
2113 1
2114 1
2115 15
2116 2
2117 1
2118 1
2119 1
2120 1
2121 1
2122 1
2123 1
2124 2
2125 1
2126 1
2127 2
2128 1
2129 1
2130 1
2131 1
2132 1
2133 1
2134 1
2135 2
2136 4
2137 1
2138 1
2139 1
2140 1
2141 1
2142 1
2143 1
2144 1
2145 2
2146 3
2147 1
2148 1
2149 1
2150 1
2151 2
2152 2
2153 1
2154 1
2155 1
2156 1
2157 1
2158 1
2159 2
2160 1
2161 7
2162 1
2163 1
2164 3
2165 1
2166 4
2167 1
2168 1
2169 1
2170 2
2171 1
2172 6
2173 8
2174 1
2175 1
2176 1
2177 1
2178 1
2179 1
2180 1
2181 4
2182 1
2183 1
2184 1
2185 2
2186 2
2187 1
2188 1
2189 1
2190 1
2191 4
2192 1
2193 7
2194 2
2195 1
2196 1
2197 1
2198 1
2199 1
2200 2
2201 1
2202 1
2203 1
2204 1
2205 1
2206 1
2207 1
2208 1
2209 1
2210 5
2211 2
2212 1
2213 2
2214 1
2215 1
2216 1
2217 1
2218 6
2219 1
2220 1
2221 1
2222 2
2223 1
2224 1
2225 3
2226 1
2227 1
2228 1
2229 1
2230 1
2231 1
2232 1
2233 4
2234 1
2235 1
2236 1
2237 13
2238 1
2239 1
2240 1
2241 1
2242 1
2243 1
2244 2
2245 6
2246 1
2247 2
2248 1
2249 1
2250 3
2251 1
2252 1
2253 1
2254 1
2255 14
2256 1
2257 3
2258 2
2259 1
2260 1
2261 1
2262 1
2263 1
2264 5
2265 2
2266 1
2267 1
2268 1
2269 1
2270 1
2271 1
2272 1
2273 4
2274 3
2275 1
2276 1
2277 1
2278 1
2279 1
2280 1
2281 16
2282 1
2283 4
2284 1
2285 1
2286 3
2287 1
2288 1
2289 5
2290 1
2291 1
2292 2
2293 1
2294 2
2295 1
2296 2
2297 205
2298 1
2299 4
2300 1
2301 1
2302 1
2303 1
2304 1
2305 39
2306 2
2307 1
2308 1
2309 2
2310 1
2311 1
2312 1
2313 1
2314 3
2315 1
2316 1
2317 1
2318 1
2319 1
2320 1
2321 1
2322 7
2323 1
2324 1
2325 1
2326 87
2327 3
2328 2
2329 1
2330 1
2331 1
2332 6
2333 3
2334 1
2335 1
2336 1
2337 2
2338 1
2339 2
2340 2
2341 9
2342 1
2343 2
2344 2
2345 1
2346 1
2347 1
2348 1
2349 1
2350 1
2351 2
2352 1
2353 1
2354 1
2355 1
2356 1
2357 1
2358 1
2359 1
2360 1
2361 1
2362 1
2363 14
2364 1
2365 1
2366 1
2367 1
2368 3
2369 1
2370 1
2371 1
2372 1
2373 1
2374 1
2375 1
2376 1
2377 1
2378 16
2379 1
2380 1
2381 1
2382 1
2383 1
2384 1
2385 5
2386 1
2387 1
2388 3
2389 1
2390 11
2391 1
2392 1
2393 2
2394 1
2395 2
2396 1
2397 1
2398 1
2399 2
2400 2
2401 2
2402 1
2403 1
2404 1
2405 1
2406 1
2407 1
2408 1
2409 1
2410 1
2411 1
2412 1
2413 1
2414 1
2415 3
2416 3
2417 1
2418 1
2419 1
2420 1
2421 1
2422 1
2423 4
2424 1
2425 2
2426 1
2427 1
2428 1
2429 1
2430 1
2431 1
2432 13
2433 1
2434 1
2435 1
2436 2
2437 1
2438 11
2439 1
2440 1
2441 1
2442 1
2443 7
2444 1
2445 1
2446 1
2447 1
2448 2
2449 1
2450 2
2451 7
2452 1
2453 47
2454 4
2455 1
2456 1
2457 2
2458 1
2459 1
2460 1
2461 1
2462 2
2463 4
2464 2
2465 4
2466 1
2467 1
2468 5
2469 1
2470 9
2471 1
2472 1
2473 1
2474 1
2475 1
2476 1
2477 1
2478 1
2479 1
2480 2
2481 1
2482 2
2483 2
2484 1
2485 1
2486 1
2487 2
2488 2
2489 1
2490 1
2491 1
2492 1
2493 1
2494 2
2495 2
2496 2
2497 1
2498 1
2499 1
2500 2
2501 1
2502 1
2503 1
2504 2
2505 2
2506 1
2507 1
2508 1
2509 2
2510 1
2511 1
2512 1
2513 2
2514 1
2515 1
2516 1
2517 1
2518 1
2519 1
2520 25
2521 3
2522 3
2523 1
2524 1
2525 1
2526 1
2527 1
2528 1
2529 1
2530 1
2531 1
2532 1
2533 1
2534 1
2535 1
2536 1
2537 1
2538 1
2539 2
2540 1
2541 3
2542 2
2543 20
2544 1
2545 1
2546 1
2547 1
2548 1
2549 5
2550 2
2551 1
2552 1
2553 1
2554 18
2555 1
2556 2
2557 1
2558 1
2559 1
2560 1
2561 2
2562 1
2563 5
2564 1
2565 1
2566 1
2567 1
2568 1
2569 2
2570 1
2571 4
2572 10
2573 5
2574 1
2575 1
2576 7
2577 6
2578 1
2579 1
2580 1
2581 3
2582 10
2583 1
2584 1
2585 1
2586 1
2587 2
2588 1
2589 1
2590 1
2591 1
2592 1
2593 1
2594 1
2595 1
2596 1
2597 1
2598 1
2599 1
2600 26
2601 1
2602 1
2603 1
2604 1
2605 1
2606 2
2607 1
2608 1
2609 1
2610 1
2611 1
2612 1
2613 2
2614 2
2615 2
2616 1
2617 2
2618 1
2619 1
2620 2
2621 1
2622 1
2623 8
2624 1
2625 1
2626 1
2627 1
2628 1
2629 11
2630 2
2631 1
2632 1
2633 6
2634 1
2635 1
2636 1
2637 1
2638 3
2639 2
2640 1
2641 1
2642 2
2643 2
2644 1
2645 2
2646 1
2647 1
2648 1
2649 5
2650 11
2651 1
2652 2
2653 6
2654 1
2655 1
2656 1
2657 39
2658 2
2659 1
2660 1
2661 1
2662 1
2663 1
2664 1
2665 1
2666 1
2667 1
2668 1
2669 1
2670 35
2671 41
2672 10
2673 1
2674 2
2675 1
2676 9
2677 5
2678 1
2679 3
2680 1
2681 1
2682 2
2683 1
2684 1
2685 1
2686 1
2687 1
2688 1
2689 1
2690 2
2691 1
2692 1
2693 15
2694 2
2695 1
2696 1
2697 1
2698 1
2699 1
2700 1
2701 1
2702 1
2703 2
2704 1
2705 1
2706 1
2707 1
2708 1
2709 3
2710 1
2711 1
2712 1
2713 1
2714 1
2715 1
2716 3
2717 1
2718 1
2719 1
2720 1
2721 1
2722 1
2723 1
2724 1
2725 4
2726 1
2727 2
2728 1
2729 2
2730 1
2731 1
2732 1
2733 1
2734 7
2735 3
2736 1
2737 2
2738 4
2739 1
2740 1
2741 1
2742 1
2743 1
2744 2
2745 1
2746 1
2747 11
2748 1
2749 3
2750 220
2751 1
2752 2
2753 2
2754 1
2755 2
2756 1
2757 1
2758 1
2759 1
2760 1
2761 1
2762 2
2763 2
2764 1
2765 2
2766 1
2767 2
2768 2
2769 1
2770 1
2771 1
2772 1
2773 1
2774 1
2775 3
2776 1
2777 2
2778 2
2779 3
2780 1
2781 1
2782 1
2783 1
2784 2
2785 2
2786 1
2787 1
2788 2
2789 1
2790 5
2791 3
2792 1
2793 1
2794 1
2795 1
2796 2
2797 1
2798 1
2799 1
2800 3
2801 1
2802 1
2803 3
2804 1
2805 2
2806 1
2807 1
2808 1
2809 3
2810 4
2811 2
2812 1
2813 1
2814 1
2815 1
2816 1
2817 1
2818 1
2819 7
2820 1
2821 1
2822 1
2823 3
2824 2
2825 2
2826 5
2827 1
2828 9
2829 1
2830 1
2831 3
2832 1
2833 1
2834 3
2835 3
2836 1
2837 1
2838 1
2839 1
2840 1
2841 2
2842 1
2843 1
2844 1
2845 3
2846 4
2847 1
2848 1
2849 1
2850 10
2851 1
2852 1
2853 1
2854 1
2855 1
2856 1
2857 2
2858 1
2859 3
2860 1
2861 1
2862 1
2863 1
2864 1
2865 1
2866 1
2867 5
2868 2
2869 2
2870 1
2871 1
2872 1
2873 7
2874 1
2875 2
2876 3
2877 1
2878 1
2879 1
2880 1
2881 1
2882 1
2883 4
2884 1
2885 1
2886 4
2887 4
2888 3
2889 1
2890 1
2891 3
2892 1
2893 1
2894 1
2895 1
2896 4
2897 2
2898 2
2899 3
2900 1
2901 1
2902 1
2903 1
2904 1
2905 1
2906 11
2907 1
2908 1
2909 2
2910 1
2911 1
2912 1
2913 5
2914 5
2915 3
2916 1
2917 1
2918 1
2919 1
2920 2
2921 1
2922 18
2923 6
2924 1
2925 1
2926 1
2927 1
2928 1
2929 1
2930 1
2931 1
2932 2
2933 1
2934 1
2935 1
2936 1
2937 9
2938 1
2939 6
2940 1
2941 1
2942 1
2943 3
2944 2
2945 1
2946 2
2947 1
2948 1
2949 2
2950 1
2951 1
2952 1
2953 1
2954 1
2955 3
2956 1
2957 2
2958 26
2959 1
2960 17
2961 1
2962 1
2963 1
2964 1
2965 1
2966 2
2967 1
2968 2
2969 1
2970 1
2971 1
2972 2
2973 1
2974 1
2975 3
2976 1
2977 11
2978 1
2979 1
2980 1
2981 3
2982 2
2983 3
2984 1
2985 1
2986 1
2987 1
2988 6
2989 1
2990 1
2991 1
2992 3
2993 1
2994 1
2995 1
2996 2
2997 1
2998 1
2999 2
3000 2
3001 4
3002 2
3003 3
3004 1
3005 1
3006 1
3007 1
3008 1
3009 1
3010 1
3011 1
3012 1
3013 2
3014 1
3015 1
3016 1
3017 1
3018 3
3019 2
3020 1
3021 6
3022 1
3023 1
3024 2
3025 2
3026 1
3027 1
3028 2
3029 6
3030 1
3031 1
3032 7
3033 1
3034 1
3035 1
3036 1
3037 1
3038 1
3039 1
3040 9
3041 4
3042 1
3043 1
3044 1
3045 1
3046 2
3047 1
3048 1
3049 1
3050 2
3051 1
