0 1173
1 21
2 1
3 1
4 1
5 3
6 1
7 1
8 48
9 1
10 1
11 1
12 1
13 1
14 2
15 1
16 1
17 1
18 10
19 1
20 2
21 1
22 1
23 1
24 1
25 1
26 1
27 1
28 1
29 1
30 1
31 1
32 1
33 1
34 2
35 1
36 1
37 4
38 1
39 1
40 1
41 2
42 2
43 1
44 8
45 1
46 4
47 1
48 1
49 3
50 2
51 1
52 1
53 1
54 1
55 1
56 1
57 2
58 1
59 1
60 1
61 1
62 1
63 1
64 2
65 1
66 2
67 1
68 2
69 1
70 1
71 2
72 1
73 1
74 2
75 2
76 1
77 1
78 1
79 1
80 1
81 1
82 2
83 1
84 1
85 1
86 1
87 1
88 1
89 5
90 1
91 34
92 1
93 1
94 1
95 1
96 1
97 1
98 1
99 1
100 4
101 1
102 1
103 2
104 1
105 1
106 1
107 1
108 1
109 3
110 1
111 1
112 1
113 2
114 1
115 1
116 7
117 1
118 1
119 1
120 1
121 1
122 2
123 3
124 1
125 1
126 5
127 1
128 1
129 1
130 1
131 1
132 1
133 1
134 6
135 1
136 2
137 1
138 2
139 4
140 2
141 1
142 1
143 1
144 3
145 3
146 13
147 1
148 1
149 1
150 1
151 1
152 7
153 1
154 1
155 1
156 1
157 1
158 1
159 4
160 1
161 1
162 1
163 3
164 1
165 1
166 1
167 1
168 1
169 5
170 3
171 1
172 2
173 1
174 1
175 1
176 1
177 1
178 1
179 2
180 1
181 1
182 1
183 1
184 1
185 1
186 1
187 2
188 1
189 1
190 1
191 2
192 1
193 1
194 2
195 2
196 1
197 1
198 1
199 5
200 1
201 3
202 1
203 1
204 1
205 5
206 1
207 1
208 1
209 2
210 1
211 1
212 4
213 4
214 2
215 3
216 2
217 1
218 1
219 1
220 1
221 1
222 5
223 1
224 1
225 5
226 5
227 3
228 1
229 1
230 1
231 3
232 4
233 1
234 1
235 45
236 1
237 1
238 1
239 1
240 3
241 1
242 3
243 1
244 1
245 2
246 2
247 1
248 1
249 1
250 1
251 2
252 1
253 1
254 1
255 1
256 1
257 1
258 2
259 1
260 2
261 1
262 1
263 1
264 1
265 1
266 1
267 1
268 1
269 2
270 1
271 1
272 37
273 2
274 4
275 1
276 1
277 1
278 7
279 6
280 1
281 1
282 1
283 12
284 1
285 1
286 1
287 1
288 1
289 3
290 1
291 4
292 1
293 1
294 7
295 1
296 1
297 3
298 2
299 1
300 1
301 3
302 1
303 1
304 3
305 1
306 1
307 1
308 1
309 1
310 1
311 1
312 1
313 1
314 1
315 5
316 1
317 1
318 1
319 6
320 1
321 2
322 1
323 1
324 3
325 1
326 1
327 2
328 4
329 4
330 1
331 17
332 1
333 1
334 1
335 1
336 1
337 1
338 1
339 1
340 1
341 2
342 1
343 3
344 1
345 1
346 1
347 1
348 1
349 1
350 1
351 3
352 1
353 1
354 8
355 1
356 1
357 1
358 1
359 1
360 2
361 1
362 1
363 2
364 1
365 9
366 2
367 2
368 3
369 1
370 2
371 1
372 1
373 2
374 1
375 2
376 1
377 1
378 1
379 1
380 2
381 1
382 1
383 1
384 5
385 1
386 1
387 1
388 1
389 1
390 1
391 1
392 6
393 8
394 2
395 1
396 1
397 1
398 1
399 1
400 1
401 3
402 1
403 1
404 1
405 25
406 3
407 4
408 3
409 2
410 1
411 1
412 1
413 1
414 1
415 18
416 11
417 1
418 1
419 1
420 1
421 1
422 2
423 2
424 1
425 1
426 2
427 1
428 1
429 1
430 10
431 1
432 1
433 1
434 1
435 1
436 1
437 1
438 1
439 1
440 2
441 1
442 1
443 2
444 1
445 3
446 3
447 2
448 1
449 1
450 2
451 1
452 2
453 1
454 1
455 1
456 1
457 1
458 1
459 1
460 1
461 1
462 1
463 1
464 1
465 1
466 1
467 1
468 1
469 15
470 1
471 1
472 4
473 1
474 2
475 1
476 1
477 1
478 3
479 1
480 2
481 1
482 1
483 1
484 1
485 1
486 1
487 1
488 1
489 6
490 1
491 3
492 1
493 2
494 1
495 1
496 3
497 3
498 1
499 11
500 4
501 16
502 1
503 2
504 1
505 1
506 1
507 1
508 1
509 1
510 1
511 1
512 1
513 2
514 27
515 49
516 1
517 1
518 1
519 2
520 1
521 1
522 1
523 1
524 1
525 1
526 1
527 1
528 2
529 1
530 2
531 2
532 1
533 1
534 1
535 1
536 2
537 1
538 1
539 2
540 6
541 1
542 1
543 1
544 2
545 3
546 1
547 1
548 1
549 1
550 7
551 4
552 3
553 10
554 1
555 1
556 1
557 1
558 10
559 4
560 1
561 1
562 2
563 1
564 3
565 5
566 2
567 8
568 3
569 1
570 1
571 3
572 1
573 5
574 1
575 1
576 18
577 1
578 1
579 2
580 22
581 2
582 7
583 2
584 2
585 1
586 1
587 2
588 1
589 1
590 2
591 1
592 1
593 1
594 1
595 1
596 1
597 2
598 1
599 1
600 1
601 2
602 1
603 1
604 339
605 1
606 1
607 1
608 1
609 2
610 1
611 1
612 2
613 1
614 2
615 1
616 1
617 1
618 2
619 1
620 1
621 1
622 1
623 1
624 1
625 1
626 1
627 1
628 1
629 3
630 1
631 1
632 1
633 1
634 1
635 2
636 1
637 1
638 1
639 1
640 1
641 1
642 1
643 8
644 1
645 1
646 6
647 1
648 5
649 1
650 1
651 1
652 2
653 1
654 1
655 1
656 1
657 1
658 1
659 5
660 1
661 1
662 1
663 1
664 1
665 1
666 1
667 1
668 1
669 108
670 1
671 1
672 1
673 1
674 1
675 2
676 1
677 2
678 1
679 1
680 6
681 1
682 4
683 1
684 1
685 1
686 1
687 1
688 2
689 2
690 1
691 1
692 1
693 1
694 1
695 29
696 1
697 1
698 1
699 1
700 1
701 2
702 1
703 2
704 5
705 1
706 1
707 1
708 1
709 1
710 1
711 4
712 1
713 2
714 3
715 1
716 1
717 1
718 1
719 1
720 1
721 1
722 1
723 1
724 1
725 1
726 1
727 3
728 1
729 1
730 1
731 1
732 1
733 3
734 2
735 1
736 12
737 2
738 2
739 1
740 2
741 1
742 1
743 4
744 1
745 1
746 8
747 1
748 1
749 1
750 12
751 2
752 3
753 1
754 5
755 1
756 2
757 2
758 1
759 1
760 1
761 1
762 1
763 1
764 1
765 1
766 1
767 1
768 1
769 2
770 1
771 1
772 2
773 1
774 1
775 1
776 1
777 1
778 1
779 1
780 1
781 1
782 1
783 27
784 1
785 1
786 1
787 3
788 1
789 1
790 1
791 1
792 1
793 1
794 1
795 3
796 2
797 1
798 2
799 1
800 2
801 3
802 1
803 1
804 1
805 2
806 1
807 1
808 2
809 1
810 1
811 2
812 1
813 1
814 3
815 1
816 4
817 3
818 1
819 1
820 1
821 4
822 1
823 9
824 1
825 1
826 2
827 1
828 1
829 5
830 1
831 3
832 1
833 1
834 1
835 1
836 1
837 1
838 1
839 1
840 2
841 2
842 1
843 1
844 1
845 14
846 3
847 1
848 2
849 2
850 23
851 6
852 1
853 1
854 1
855 1
856 1
857 1
858 2
859 1
860 1
861 1
862 5
863 1
864 2
865 1
866 5
867 3
868 2
869 1
870 2
871 1
872 1
873 1
874 1
875 1
876 1
877 1
878 5
879 1
880 1
881 1
882 1
883 1
884 1
885 1
886 2
887 12
888 1
889 1
890 8
891 2
892 1
893 1
894 1
895 1
896 1
897 1
898 1
899 25
900 1
901 1
902 1
903 1
904 4
905 6
906 3
907 2
908 1
909 1
910 1
911 3
912 3
913 4
914 1
915 2
916 1
917 5
918 1
919 4
920 1
921 1
922 1
923 2
924 8
925 1
926 1
927 3
928 1
929 1
930 1
931 2
932 1
933 3
934 1
935 1
936 1
937 1
938 1
939 13
940 4
941 1
942 1
943 1
944 1
945 1
946 1
947 2
948 2
949 1
950 1
951 1
952 1
953 5
954 1
955 11
956 2
957 1
958 1
959 1
960 2
961 2
962 1
963 1
964 3
965 2
966 3
967 1
968 1
969 1
970 1
971 1
972 4
973 1
974 1
975 1
976 2
977 1
978 1
979 1
980 1
981 1
982 1
983 1
984 9
985 1
986 2
987 1
988 2
989 1
990 1
991 1
992 1
993 2
994 1
995 1
996 1
997 1
998 2
999 1
1000 1
1001 1
1002 1
1003 1
1004 2
1005 1
1006 1
1007 3
1008 1
1009 2
1010 2
1011 1
1012 2
1013 1
1014 4
1015 21
1016 1
1017 3
1018 2
1019 2
1020 2
1021 1
1022 1
1023 1
1024 2
1025 1
1026 1
1027 3
1028 1
1029 1
1030 1
1031 10
1032 1
1033 4
1034 1
1035 1
1036 2
1037 1
1038 1
1039 2
1040 1
1041 1
1042 1
1043 1
1044 1
1045 1
1046 1
1047 1
1048 2
1049 1
1050 2
1051 1
1052 28
1053 1
1054 3
1055 1
1056 1
1057 1
1058 7
1059 1
1060 3
1061 1
1062 4
1063 1
1064 1
1065 1
1066 4
1067 1
1068 1
1069 2
1070 3
1071 1
1072 1
1073 1
1074 8
1075 2
1076 2
1077 1
1078 1
1079 1
1080 1
1081 3
1082 9
1083 3
1084 1
1085 1
1086 3
1087 1
1088 5
1089 1
1090 1
1091 1
1092 1
1093 1
1094 1
1095 1
1096 1
1097 3
1098 1
1099 1
1100 1
1101 1
1102 1
1103 3
1104 1
1105 1
1106 2
1107 1
1108 1
1109 1
1110 1
1111 1
1112 1
1113 1
1114 2
1115 1
1116 1
1117 1
1118 4
1119 5
1120 1
1121 1
1122 25
1123 1
1124 1
1125 1
1126 1
1127 1
1128 1
1129 3
1130 1
1131 1
1132 9
1133 1
1134 3
1135 1
1136 2
1137 2
1138 2
1139 1
1140 1
1141 1
1142 1
1143 1
1144 1
1145 1
1146 1
1147 3
1148 1
1149 2
1150 1
1151 1
1152 1
1153 1
1154 1
1155 1
1156 1
1157 3
1158 2
1159 1
1160 1
1161 1
1162 1
1163 1
1164 1
1165 1
1166 7
1167 1
1168 1
1169 2
1170 1
1171 1
1172 1
1173 2
1174 4
1175 5
1176 1
1177 53
1178 2
1179 1
1180 1
1181 2
1182 1
1183 1
1184 1
1185 1
1186 3
1187 1
1188 4
1189 1
1190 1
1191 2
1192 1
1193 1
1194 1
1195 1
1196 3
1197 1
1198 1
1199 8
1200 4
1201 2
1202 1
1203 1
1204 1
1205 1
1206 1
1207 2
1208 1
1209 2
1210 2
1211 1
1212 2
1213 1
1214 4
1215 1
1216 1
1217 3
1218 1
1219 1
1220 2
1221 1
1222 2
1223 1
1224 1
1225 1
1226 3
1227 1
1228 1
1229 5
1230 5
1231 1
1232 1
1233 1
1234 4
1235 1
1236 1
1237 1
1238 1
1239 1
1240 8
1241 1
1242 1
1243 1
1244 2
1245 1
1246 1
1247 1
1248 1
1249 1
1250 2
1251 1
1252 1
1253 1
1254 1
1255 1
1256 1
1257 1
1258 1
1259 1
1260 1
1261 1
1262 1
1263 1
1264 1
1265 5
1266 1
1267 1
1268 6
1269 3
1270 4
1271 1
1272 1
1273 1
1274 2
1275 1
1276 1
1277 2
1278 1
1279 1
1280 1
1281 1
1282 2
1283 2
1284 1
1285 1
1286 1
1287 1
1288 2
1289 8
1290 1
1291 1
1292 3
1293 1
1294 3
1295 1
1296 1
1297 38
1298 1
1299 1
1300 1
1301 1
1302 1
1303 2
1304 1
1305 1
1306 1
1307 1
1308 3
1309 2
1310 1
1311 1
1312 1
1313 1
1314 1
1315 1
1316 271
1317 2
1318 1
1319 1
1320 1
1321 4
1322 5
1323 1
1324 5
1325 1
1326 1
1327 1
1328 2
1329 1
1330 1
1331 1
1332 4
1333 7
1334 2
1335 1
1336 1
1337 1
1338 2
1339 2
1340 2
1341 1
1342 1
1343 1
1344 2
1345 1
1346 3
1347 1
1348 1
1349 1
1350 1
1351 1
1352 3
1353 1
1354 27
1355 1
1356 2
1357 1
1358 1
1359 1
1360 6
1361 3
1362 1
1363 2
1364 1
1365 2
1366 3
1367 2
1368 1
1369 1
1370 1
1371 1
1372 1
1373 1
1374 1
1375 1
1376 1
1377 1
1378 1
1379 2
1380 1
1381 2
1382 1
1383 2
1384 1
1385 10
1386 3
1387 2
1388 1
1389 1
1390 9
1391 1
1392 1
1393 1
1394 2
1395 2
1396 1
1397 1
1398 1
1399 1
1400 1
1401 1
1402 1
1403 5
1404 1
1405 1
1406 2
1407 1
1408 1
1409 6
1410 10
1411 1
1412 1
1413 36
1414 1
1415 1
1416 1
1417 1
1418 1
1419 1
1420 1
1421 1
1422 1
1423 2
1424 1
1425 4
1426 1
1427 1
1428 2
1429 1
1430 1
1431 1
1432 1
1433 1
1434 3
1435 6
1436 1
1437 5
1438 9
1439 1
1440 2
1441 1
1442 1
1443 1
1444 1
1445 7
1446 8
1447 1
1448 2
1449 4
1450 14
1451 1
1452 1
1453 2
1454 1
1455 2
1456 1
1457 1
1458 1
1459 4
1460 2
1461 1
1462 1
1463 1
1464 1
1465 1
1466 1
1467 1
1468 1
1469 1
1470 1
1471 1
1472 1
1473 1
1474 1
1475 1
1476 1
1477 1
1478 4
1479 2
1480 2
1481 1
1482 1
1483 1
1484 1
1485 1
1486 10
1487 5
1488 1
1489 1
1490 1
1491 2
1492 7
1493 1
1494 1
1495 2
1496 1
1497 6
1498 7
1499 3
1500 1
1501 2
1502 1
1503 2
1504 1
1505 1
1506 1
1507 193
1508 1
1509 1
1510 2
1511 1
1512 1
1513 1
1514 2
1515 2
1516 1
1517 1
1518 1
1519 1
1520 2
1521 1
1522 1
1523 1
1524 1
1525 1
1526 1
1527 1
1528 6
1529 1
1530 5
1531 1
1532 1
1533 1
1534 1
1535 1
1536 1
1537 1
1538 1
1539 2
1540 1
1541 2
1542 1
1543 3
1544 1
1545 1
1546 3
1547 1
1548 3
1549 1
1550 1
1551 8
1552 1
1553 3
1554 3
1555 1
1556 1
1557 1
1558 1
1559 1
1560 6
1561 1
1562 1
1563 1
1564 1
1565 1
1566 1
1567 1
1568 12
1569 1
1570 1
1571 2
1572 1
1573 1
1574 1
1575 2
1576 1
1577 1
1578 1
1579 1
1580 1
1581 2
1582 1
1583 2
1584 11
1585 1
1586 1
1587 21
1588 1
1589 1
1590 1
1591 1
1592 2
1593 1
1594 1
1595 1
1596 1
1597 2
1598 1
1599 1
1600 1
1601 1
1602 3
1603 4
1604 1
1605 1
1606 2
1607 1
1608 1
1609 1
1610 1
1611 2
1612 1
1613 1
1614 4
1615 1
1616 1
1617 1
1618 1
1619 1
1620 12
1621 1
1622 1
1623 1
1624 1
1625 6
1626 1
1627 5
1628 2
1629 1
1630 2
1631 1
1632 1
1633 1
1634 2
1635 1
1636 1
1637 1
1638 1
1639 1
1640 2
1641 1
1642 1
1643 1
1644 3
1645 3
1646 1
1647 1
1648 1
1649 2
1650 2
1651 1
1652 1
1653 2
1654 1
1655 2
1656 1
1657 2
1658 1
1659 1
1660 1
1661 1
1662 1
1663 2
1664 4
1665 4
1666 1
1667 2
1668 1
1669 1
1670 2
1671 1
1672 2
1673 5
1674 1
1675 1
1676 1
1677 1
1678 1
1679 1
1680 1
1681 2
1682 1
1683 2
1684 1
1685 19
1686 2
1687 3
1688 1
1689 1
1690 1
1691 37
1692 1
1693 3
1694 1
1695 1
1696 10
1697 2
1698 1
1699 1
1700 1
1701 2
1702 5
1703 1
1704 1
1705 1
1706 1
1707 2
1708 1
1709 1
1710 3
1711 1
1712 1
1713 1
1714 1
1715 1
1716 8
1717 1
1718 1
1719 1
1720 1
1721 1
1722 6
1723 1
1724 1
1725 1
1726 2
1727 2
1728 2
1729 8
1730 6
1731 12
1732 1
1733 1
1734 5
1735 4
1736 15
1737 1
1738 1
1739 1
1740 1
1741 1
1742 1
1743 1
1744 2
1745 1
1746 1
1747 1
1748 1
1749 1
1750 1
1751 5
1752 1
1753 1
1754 1
1755 2
1756 1
1757 1
1758 1
1759 3
1760 2
1761 1
1762 1
1763 2
1764 2
1765 1
1766 1
1767 1
1768 2
1769 2
1770 1
1771 2
1772 1
1773 1
1774 1
1775 1
1776 8
1777 7
1778 1
1779 2
1780 4
1781 1
1782 3
1783 1
1784 1
1785 1
1786 2
1787 3
1788 1
1789 1
1790 1
1791 13
1792 2
1793 3
1794 1
1795 2
1796 1
1797 1
1798 1
1799 1
1800 25
1801 2
1802 1
1803 1
1804 1
1805 6
1806 3
1807 2
1808 2
1809 1
1810 1
1811 1
1812 1
1813 1
1814 1
1815 1
1816 1
1817 1
1818 1
1819 1
1820 2
1821 2
1822 1
1823 4
1824 13
1825 1
1826 1
1827 4
1828 1
1829 3
1830 1
1831 1
1832 8
1833 1
1834 1
1835 1
1836 1
1837 1
1838 1
1839 1
1840 2
1841 1
1842 1
1843 1
1844 1
1845 2
1846 4
1847 1
1848 1
1849 2
1850 1
1851 1
1852 3
1853 1
1854 1
1855 1
1856 1
1857 1
1858 1
1859 1
1860 1
1861 1
1862 1
1863 1
1864 1
1865 1
1866 1
1867 1
1868 4
1869 1
1870 3
1871 1
1872 3
1873 1
1874 1
1875 1
1876 1
1877 8
1878 1
1879 1
1880 5
1881 1
1882 1
1883 1
1884 13
1885 4
1886 1
1887 1
1888 1
1889 2
1890 2
1891 1
1892 1
1893 6
1894 1
1895 1
1896 5
1897 1
1898 1
1899 2
1900 1
1901 1
1902 2
1903 5
1904 1
1905 1
1906 1
1907 1
1908 1
1909 2
1910 1
1911 1
1912 2
1913 1
1914 1
1915 2
1916 1
1917 1
1918 1
1919 1
1920 1
1921 1
1922 1
1923 1
1924 1
1925 1
1926 1
1927 21
1928 2
1929 1
1930 3
1931 1
1932 1
1933 3
1934 1
1935 1
1936 3
1937 1
1938 1
1939 1
1940 1
1941 2
1942 1
1943 6
1944 51
1945 1
1946 2
1947 8
1948 1
1949 1
1950 1
1951 1
1952 1
1953 1
1954 1
1955 1
1956 1
1957 2
1958 1
1959 1
1960 3
1961 1
1962 1
1963 1
1964 1
1965 1
1966 1
1967 1
1968 2
1969 1
1970 12
1971 2
1972 2
1973 1
1974 1
1975 1
1976 2
1977 1
1978 1
1979 1
1980 2
1981 1
1982 1
1983 1
1984 1
1985 1
1986 1
1987 1
1988 1
1989 1
1990 1
1991 2
1992 1
1993 1
1994 1
1995 1
1996 1
1997 2
1998 1
1999 1
2000 1
2001 1
2002 3
2003 1
2004 1
2005 1
2006 3
2007 1
2008 1
2009 1
2010 1
2011 1
2012 10
2013 2
2014 1
2015 1
2016 2
2017 1
2018 1
2019 1
2020 1
2021 1
2022 1
2023 1
2024 3
2025 1
2026 6
2027 5
2028 1
2029 3
2030 1
2031 1
2032 4
2033 1
2034 21
2035 1
2036 1
2037 1
2038 5
2039 3
2040 1
2041 1
2042 1
2043 1
2044 12
2045 1
2046 3
2047 1
2048 9
2049 1
2050 1
2051 1
2052 1
2053 1
2054 1
2055 1
2056 3
2057 1
2058 1
2059 1
2060 4
2061 1
2062 1
2063 2
2064 1
2065 4
2066 1
2067 1
2068 2
2069 1
2070 1
2071 2
2072 1
2073 1
2074 1
2075 1
2076 2
2077 1
2078 1
2079 4
2080 1
2081 2
2082 1
2083 1
2084 1
2085 6
2086 1
2087 3
2088 1
2089 1
2090 1
2091 2
2092 1
2093 2
2094 1
2095 1
2096 2
2097 1
2098 1
2099 1
2100 1
2101 1
2102 2
2103 3
2104 455
2105 1
2106 1
2107 13
2108 1
2109 3
2110 1
2111 1
2112 2
2113 1
2114 1
2115 1
2116 1
2117 1
2118 1
2119 8
2120 1
2121 1
2122 1
2123 1
2124 3
2125 4
2126 3
2127 5
2128 1
2129 1
2130 1
2131 1
2132 1
2133 1
2134 4
2135 1
2136 1
2137 1
2138 1
2139 1
2140 6
2141 1
2142 2
2143 1
2144 1
2145 3
2146 1
2147 1
2148 1
2149 1
2150 1
2151 1
2152 3
2153 1
2154 2
2155 1
2156 1
2157 7
2158 1
2159 1
2160 1
2161 1
2162 1
2163 2
2164 1
2165 1
2166 1
2167 1
2168 10
2169 3
2170 1
2171 1
2172 1
2173 1
2174 1
2175 7
2176 1
2177 1
2178 1
2179 2
2180 1
2181 1
2182 1
2183 1
2184 1
2185 2
2186 1
2187 1
2188 2
2189 2
2190 1
2191 1
2192 1
2193 1
2194 1
2195 1
2196 1
2197 1
2198 2
2199 1
2200 2
2201 2
2202 1
2203 16
2204 1
2205 1
2206 11
2207 3
2208 1
2209 8
2210 3
2211 1
2212 3
2213 1
2214 1
2215 1
2216 1
2217 1
2218 1
2219 1
2220 1
2221 1
2222 1
2223 4
2224 1
2225 3
2226 2
2227 1
2228 1
2229 7
2230 1
2231 1
2232 1
2233 1
2234 2
2235 1
2236 1
2237 2
2238 1
2239 1
2240 1
2241 1
2242 1
2243 1
2244 6
2245 1
2246 2
2247 1
2248 1
2249 1
2250 75
2251 1
2252 2
2253 1
2254 1
2255 1
2256 1
2257 4
2258 2
2259 1
2260 1
2261 1
2262 8
2263 1
2264 8
2265 1
2266 2
2267 1
2268 1
2269 1
2270 1
2271 1
2272 3
2273 2
2274 1
2275 3
2276 2
2277 1
2278 1
2279 1
2280 1
2281 1
2282 1
2283 3
2284 1
2285 1
2286 4
2287 12
2288 1
2289 1
2290 2
2291 1
2292 2
2293 1
2294 2
2295 1
2296 1
2297 6
2298 1
2299 2
2300 2
2301 3
2302 1
2303 1
2304 1
2305 1
2306 1
2307 1
2308 1
2309 2
2310 1
2311 1
2312 3
2313 1
2314 1
2315 1
2316 1
2317 1
2318 1
2319 2
2320 1
2321 1
2322 1
2323 1
2324 1
2325 2
2326 1
2327 1
2328 1
2329 1
2330 1
2331 9
2332 1
2333 3
2334 1
2335 1
2336 2
2337 6
2338 2
2339 1
2340 1
2341 2
2342 2
2343 1
2344 20
2345 1
2346 1
2347 2
2348 2
2349 1
2350 1
2351 2
2352 1
2353 1
2354 1
2355 1
2356 1
2357 1
2358 1
2359 2
2360 1
2361 10
2362 1
2363 1
2364 2
2365 1
2366 1
2367 1
2368 1
2369 2
2370 1
2371 2
2372 2
2373 10
2374 2
2375 1
2376 1
2377 4
2378 1
2379 3
2380 1
2381 1
2382 1
2383 3
2384 1
2385 1
2386 1
2387 1
2388 2
2389 3
2390 1
2391 1
2392 2
2393 3
2394 1
2395 1
2396 1
2397 3
2398 1
2399 1
2400 1
2401 1
2402 1
2403 27
2404 2
2405 1
2406 1
2407 2
2408 1
2409 2
2410 1
2411 1
2412 1
2413 1
2414 4
2415 1
2416 2
2417 2
2418 2
2419 1
2420 2
2421 1
2422 1
2423 8
2424 1
2425 3
2426 72
2427 6
2428 1
2429 1
2430 1
2431 1
2432 1
2433 1
2434 1
2435 1
2436 1
2437 4
2438 1
2439 2
2440 1
2441 1
2442 1
2443 1
2444 1
2445 2
2446 1
2447 1
2448 1
2449 1
2450 1
2451 1
2452 1
2453 6
2454 1
2455 3
2456 7
2457 1
2458 1
2459 3
2460 1
2461 1
2462 1
2463 1
2464 1
2465 1
2466 2
2467 1
2468 11
2469 1
2470 1
2471 1
2472 1
2473 1
2474 1
2475 1
2476 1
2477 2
2478 1
2479 1
2480 1
2481 1
2482 18
2483 1
2484 2
2485 1
2486 26
2487 1
2488 2
2489 6
2490 1
2491 1
2492 1
2493 1
2494 2
2495 1
2496 2
2497 1
2498 4
2499 1
2500 1
2501 1
2502 1
2503 2
2504 1
2505 1
2506 2
2507 1
2508 1
2509 1
2510 4
2511 3
2512 2
2513 1
2514 2
2515 2
2516 1
2517 2
2518 1
2519 1
2520 10
2521 1
2522 1
2523 1
2524 1
2525 1
2526 2
2527 1
2528 1
2529 1
2530 1
2531 10
2532 1
2533 1
2534 1
2535 12
2536 1
2537 1
2538 1
2539 1
2540 4
2541 1
2542 10
2543 54
2544 1
2545 2
2546 3
2547 1
2548 1
2549 2
2550 2
2551 1
2552 2
2553 1
2554 1
2555 2
2556 2
2557 1
2558 1
2559 1
2560 2
2561 1
2562 1
2563 12
2564 1
2565 1
2566 1
2567 3
2568 1
2569 1
2570 1
2571 1
2572 2
2573 1
2574 1
2575 3
2576 1
2577 1
2578 1
2579 1
2580 1
2581 1
2582 1
2583 5
2584 1
2585 1
2586 4
2587 1
2588 1
2589 1
2590 1
2591 1
2592 1
2593 1
2594 1
2595 1
2596 2
2597 4
2598 2
2599 2
2600 1
2601 1
2602 1
2603 1
2604 1
2605 3
2606 1
2607 1
2608 1
2609 1
2610 4
2611 1
2612 2
2613 23
2614 1
2615 1
2616 1
2617 1
2618 1
2619 2
2620 1
2621 2
2622 1
2623 1
2624 1
2625 1
2626 1
2627 2
2628 7
2629 1
2630 1
2631 1
2632 1
2633 1
2634 1
2635 1
2636 1
2637 1
2638 1
2639 5
2640 1
2641 1
2642 1
2643 3
2644 3
2645 9
2646 2
2647 2
2648 1
2649 1
2650 1
2651 1
2652 1
2653 1
2654 1
2655 1
2656 2
2657 1
2658 1
2659 2
2660 1
2661 1
2662 1
2663 1
2664 21
2665 2
2666 1
2667 1
2668 3
2669 1
2670 1
2671 3
2672 1
2673 2
2674 1
2675 15
2676 6
2677 1
2678 1
2679 1
2680 1
2681 1
2682 3
2683 8
2684 3
2685 1
2686 1
2687 1
2688 11
2689 1
2690 3
2691 1
2692 1
2693 5
2694 1
2695 1
2696 1
2697 1
2698 14
2699 1
2700 1
2701 1
2702 2
2703 35
2704 1
2705 1
2706 1
2707 1
2708 1
2709 2
2710 2
2711 1
2712 1
2713 2
2714 1
2715 1
2716 1
2717 4
2718 1
2719 1
2720 1
2721 1
2722 1
2723 1
2724 1
2725 1
2726 1
2727 9
2728 1
2729 9
2730 1
2731 1
2732 1
2733 1
2734 1
2735 2
2736 4
2737 14
2738 1
2739 1
2740 1
2741 1
2742 1
2743 6
2744 1
2745 1
2746 2
2747 2
2748 1
2749 1
2750 1
2751 1
2752 1
2753 1
2754 1
2755 1
2756 1
2757 1
2758 2
2759 1
2760 2
2761 14
2762 1
2763 1
2764 1
2765 1
2766 1
2767 1
2768 1
2769 1
2770 1
2771 54
2772 4
2773 2
2774 1
2775 1
2776 1
2777 1
2778 1
2779 1
2780 2
2781 1
2782 1
2783 1
2784 29
2785 45
2786 16
2787 1
2788 1
2789 1
2790 1
2791 1
2792 2
2793 1
2794 13
2795 1
2796 1
2797 1
2798 1
2799 1
2800 1
2801 1
2802 2
2803 2
2804 1
2805 1
2806 5
2807 2
2808 1
2809 1
2810 1
2811 1
2812 21
2813 2
2814 2
2815 4
2816 1
2817 1
2818 1
2819 1
2820 1
2821 1
2822 1
2823 1
2824 1
2825 1
2826 1
2827 3
2828 1
2829 1
2830 1
2831 1
2832 1
2833 3
2834 2
2835 2
2836 1
2837 1
2838 1
2839 1
2840 6
2841 1
2842 1
2843 1
2844 10
2845 1
2846 1
2847 1
2848 1
2849 1
2850 1
2851 6
2852 1
2853 4
2854 4
2855 1
2856 1
2857 1
2858 1
2859 1
2860 3
2861 1
2862 13
2863 1
2864 3
2865 1
2866 301
2867 1
2868 1
2869 1
2870 2
2871 1
2872 1
2873 2
2874 1
2875 1
2876 1
2877 1
2878 1
2879 1
2880 1
2881 2
2882 1
2883 1
2884 1
2885 2
2886 1
2887 5
2888 1
2889 1
2890 1
2891 2
2892 2
2893 1
2894 1
2895 1
2896 1
2897 1
2898 1
2899 3
2900 1
2901 1
2902 1
2903 1
2904 1
2905 1
2906 1
2907 1
2908 1
2909 1
2910 1
2911 1
2912 3
2913 1
2914 1
2915 1
2916 2
2917 1
2918 1
2919 1
2920 1
2921 2
2922 1
2923 8
2924 1
2925 1
2926 1
2927 1
2928 2
2929 1
2930 1
2931 1
2932 1
2933 1
2934 1
2935 1
2936 1
2937 2
2938 2
2939 1
2940 2
2941 1
2942 1
2943 8
2944 3
2945 1
2946 1
2947 1
2948 1
2949 2
2950 1
2951 1
2952 1
2953 1
2954 1
2955 1
2956 3
2957 1
2958 1
2959 1
2960 4
2961 2
2962 1
2963 2
2964 2
2965 3
2966 1
2967 2
2968 1
2969 1
2970 1
2971 1
2972 1
2973 1
2974 1
2975 1
2976 1
2977 1
2978 1
2979 1
2980 1
2981 2
2982 1
2983 1
2984 1
2985 1
2986 1
2987 1
2988 1
2989 1
2990 1
2991 1
2992 10
2993 1
2994 2
2995 1
2996 1
2997 4
2998 1
2999 1
3000 5
3001 1
3002 1
3003 1
3004 1
3005 1
3006 1
3007 1
3008 1
3009 1
3010 7
3011 1
3012 1
3013 1
3014 4
3015 1
3016 3
3017 1
3018 3
3019 1
3020 1
3021 1
3022 1
3023 1
3024 1
3025 1
3026 1
3027 2
3028 1
3029 1
3030 1
3031 1
3032 1
3033 1
3034 1
3035 1
3036 3
3037 1
3038 1
3039 1
3040 1
3041 1
3042 1
3043 3
3044 1
3045 2
3046 1
3047 1
3048 11
3049 1
3050 1
3051 18
3052 4
3053 1
3054 1
3055 1
3056 1
3057 1
3058 1
3059 6
3060 1
3061 1
3062 5
3063 1
3064 3
3065 1
3066 1
3067 1
3068 1
3069 1
3070 2
3071 1
3072 1
3073 1
3074 1
3075 2
3076 15
3077 1
3078 5
3079 1
3080 1
3081 1
3082 1
3083 1
3084 1
3085 1
3086 1
3087 1
3088 6
3089 2
3090 1
3091 5
3092 1
3093 3
3094 5
3095 1
3096 1
3097 1
3098 21
3099 1
3100 1
3101 1
3102 20
3103 1
3104 1
3105 1
3106 1
3107 1
3108 2
3109 1
3110 2
3111 1
3112 3
3113 1
3114 1
3115 1
3116 1
3117 7
3118 1
3119 1
3120 1
3121 2
3122 1
3123 1
3124 1
3125 1
3126 1
3127 1
3128 1
3129 1
3130 2
3131 2
3132 2
3133 1
3134 17
3135 1
3136 3
3137 1
3138 2
3139 1
3140 1
3141 2
3142 4
3143 1
3144 1
3145 1
3146 1
3147 1
3148 1
3149 1
3150 1
3151 2
3152 1
3153 1
3154 3
3155 2
3156 1
3157 1
3158 1
3159 1
3160 1
3161 1
3162 1
3163 1
3164 1
3165 2
3166 2
3167 1
3168 1
3169 1
3170 3
3171 1
3172 1
3173 8
3174 14
3175 4
3176 1
3177 1
3178 1
3179 3
3180 1
3181 3
3182 1
3183 4
3184 1
3185 1
3186 1
