0 1329
1 1
2 3
3 23
4 1
5 1
6 1
7 2
8 1
9 1
10 2
11 1
12 1
13 3
14 2
15 2
16 20
17 2
18 1
19 1
20 1
21 1
22 1
23 1
24 13
25 2
26 1
27 7
28 2
29 1
30 1
31 1
32 1
33 3
34 1
35 1
36 2
37 1
38 1
39 1
40 1
41 1
42 2
43 1
44 1
45 2
46 2
47 1
48 1
49 1
50 5
51 1
52 2
53 1
54 2
55 1
56 1
57 1
58 1
59 1
60 2
61 1
62 1
63 1
64 1
65 1
66 1
67 2
68 2
69 2
70 2
71 1
72 5
73 2
74 1
75 1
76 1
77 1
78 1
79 1
80 1
81 1
82 1
83 1
84 4
85 1
86 1
87 1
88 1
89 2
90 1
91 3
92 38
93 2
94 1
95 1
96 2
97 4
98 1
99 2
100 1
101 1
102 3
103 1
104 1
105 1
106 13
107 1
108 1
109 2
110 1
111 1
112 5
113 8
114 2
115 3
116 1
117 1
118 1
119 5
120 2
121 1
122 2
123 6
124 1
125 1
126 1
127 1
128 1
129 1
130 2
131 1
132 5
133 1
134 16
135 1
136 1
137 1
138 2
139 1
140 1
141 5
142 1
143 1
144 1
145 1
146 4
147 1
148 1
149 3
150 1
151 1
152 1
153 3
154 1
155 1
156 1
157 3
158 1
159 1
160 1
161 1
162 1
163 1
164 1
165 1
166 1
167 1
168 2
169 3
170 1
171 9
172 9
173 1
174 3
175 1
176 1
177 1
178 2
179 1
180 1
181 4
182 1
183 2
184 1
185 1
186 1
187 1
188 6
189 3
190 2
191 2
192 2
193 1
194 1
195 6
196 1
197 4
198 1
199 1
200 1
201 1
202 1
203 1
204 4
205 3
206 1
207 1
208 10
209 32
210 1
211 2
212 8
213 5
214 2
215 2
216 1
217 1
218 1
219 1
220 37
221 3
222 1
223 1
224 5
225 1
226 3
227 1
228 2
229 5
230 1
231 2
232 2
233 3
234 2
235 1
236 1
237 1
238 1
239 1
240 1
241 1
242 3
243 15
244 1
245 1
246 3
247 1
248 1
249 1
250 1
251 5
252 1
253 1
254 1
255 2
256 1
257 1
258 1
259 1
260 1
261 1
262 1
263 1
264 1
265 2
266 1
267 1
268 1
269 42
270 3
271 3
272 9
273 1
274 6
275 1
276 1
277 1
278 1
279 5
280 14
281 1
282 3
283 1
284 4
285 1
286 4
287 1
288 1
289 1
290 1
291 1
292 3
293 1
294 1
295 1
296 1
297 5
298 1
299 1
300 1
301 4
302 7
303 1
304 1
305 1
306 1
307 1
308 1
309 1
310 1
311 1
312 1
313 2
314 1
315 1
316 10
317 1
318 1
319 1
320 1
321 2
322 3
323 1
324 1
325 3
326 2
327 1
328 2
329 1
330 16
331 1
332 1
333 5
334 1
335 1
336 2
337 2
338 2
339 1
340 2
341 1
342 1
343 1
344 1
345 1
346 1
347 1
348 2
349 1
350 6
351 1
352 2
353 1
354 1
355 1
356 1
357 1
358 1
359 1
360 1
361 4
362 1
363 1
364 4
365 1
366 1
367 4
368 1
369 1
370 1
371 1
372 2
373 2
374 1
375 1
376 2
377 1
378 1
379 3
380 1
381 1
382 1
383 2
384 2
385 1
386 1
387 2
388 1
389 1
390 1
391 2
392 1
393 2
394 1
395 4
396 3
397 2
398 3
399 2
400 1
401 2
402 1
403 1
404 1
405 1
406 1
407 1
408 2
409 3
410 23
411 5
412 3
413 6
414 1
415 2
416 1
417 2
418 1
419 1
420 19
421 1
422 1
423 2
424 2
425 1
426 1
427 1
428 1
429 5
430 1
431 1
432 1
433 1
434 1
435 1
436 1
437 1
438 1
439 1
440 1
441 1
442 1
443 1
444 1
445 1
446 1
447 1
448 1
449 3
450 1
451 1
452 1
453 1
454 4
455 2
456 1
457 1
458 1
459 1
460 1
461 1
462 1
463 1
464 3
465 1
466 1
467 1
468 1
469 1
470 1
471 1
472 1
473 1
474 2
475 3
476 1
477 2
478 3
479 4
480 1
481 1
482 1
483 1
484 1
485 1
486 1
487 1
488 3
489 1
490 1
491 1
492 1
493 1
494 1
495 1
496 1
497 1
498 4
499 5
500 1
501 9
502 2
503 1
504 2
505 1
506 1
507 2
508 2
509 1
510 1
511 2
512 1
513 1
514 1
515 14
516 48
517 1
518 1
519 1
520 1
521 1
522 1
523 1
524 1
525 1
526 1
527 2
528 2
529 5
530 1
531 1
532 1
533 1
534 1
535 1
536 1
537 1
538 4
539 1
540 5
541 1
542 1
543 2
544 1
545 1
546 9
547 5
548 9
549 1
550 7
551 1
552 1
553 10
554 2
555 8
556 1
557 1
558 4
559 2
560 9
561 1
562 1
563 2
564 1
565 2
566 1
567 1
568 3
569 1
570 1
571 1
572 2
573 1
574 1
575 2
576 1
577 1
578 20
579 1
580 2
581 1
582 2
583 1
584 10
585 1
586 1
587 1
588 5
589 2
590 1
591 1
592 1
593 2
594 1
595 1
596 1
597 1
598 1
599 1
600 293
601 1
602 1
603 1
604 11
605 1
606 1
607 2
608 1
609 1
610 1
611 1
612 1
613 1
614 1
615 1
616 1
617 2
618 1
619 1
620 18
621 1
622 1
623 1
624 1
625 1
626 1
627 1
628 1
629 1
630 1
631 1
632 2
633 1
634 1
635 7
636 1
637 2
638 1
639 2
640 1
641 1
642 2
643 2
644 2
645 22
646 1
647 1
648 1
649 1
650 1
651 1
652 1
653 1
654 1
655 2
656 2
657 2
658 1
659 1
660 1
661 1
662 1
663 2
664 9
665 1
666 104
667 1
668 1
669 2
670 2
671 1
672 1
673 2
674 1
675 3
676 2
677 1
678 1
679 2
680 2
681 1
682 1
683 1
684 1
685 1
686 1
687 1
688 2
689 2
690 1
691 1
692 1
693 3
694 1
695 31
696 2
697 4
698 1
699 1
700 1
701 1
702 1
703 1
704 2
705 1
706 2
707 8
708 1
709 1
710 1
711 2
712 1
713 1
714 1
715 1
716 1
717 3
718 1
719 1
720 2
721 1
722 1
723 1
724 3
725 2
726 2
727 1
728 1
729 1
730 1
731 1
732 1
733 1
734 1
735 1
736 1
737 1
738 3
739 19
740 1
741 1
742 1
743 1
744 1
745 1
746 4
747 1
748 2
749 1
750 4
751 1
752 1
753 1
754 1
755 1
756 1
757 2
758 2
759 4
760 2
761 1
762 3
763 1
764 1
765 1
766 1
767 1
768 1
769 1
770 1
771 1
772 1
773 1
774 1
775 1
776 1
777 3
778 1
779 1
780 1
781 1
782 1
783 1
784 2
785 1
786 1
787 1
788 1
789 1
790 2
791 1
792 1
793 2
794 1
795 1
796 1
797 1
798 1
799 1
800 1
801 2
802 1
803 1
804 1
805 1
806 1
807 1
808 1
809 1
810 1
811 3
812 1
813 5
814 1
815 1
816 1
817 1
818 4
819 2
820 1
821 2
822 2
823 2
824 1
825 2
826 1
827 2
828 1
829 1
830 1
831 2
832 1
833 4
834 1
835 5
836 1
837 1
838 1
839 1
840 1
841 1
842 1
843 1
844 1
845 1
846 1
847 1
848 1
849 1
850 1
851 2
852 1
853 1
854 4
855 3
856 2
857 1
858 1
859 1
860 1
861 1
862 25
863 8
864 1
865 1
866 1
867 1
868 2
869 1
870 2
871 1
872 1
873 1
874 1
875 6
876 3
877 1
878 1
879 1
880 1
881 1
882 1
883 3
884 2
885 1
886 1
887 1
888 1
889 1
890 1
891 2
892 1
893 1
894 1
895 13
896 5
897 1
898 1
899 1
900 2
901 2
902 6
903 1
904 4
905 6
906 2
907 1
908 1
909 1
910 2
911 1
912 1
913 1
914 1
915 1
916 1
917 1
918 1
919 1
920 3
921 1
922 1
923 2
924 1
925 3
926 7
927 1
928 1
929 1
930 1
931 1
932 1
933 1
934 2
935 1
936 1
937 1
938 26
939 1
940 1
941 1
942 1
943 1
944 1
945 2
946 1
947 3
948 2
949 1
950 1
951 1
952 1
953 2
954 1
955 1
956 1
957 1
958 1
959 1
960 2
961 3
962 1
963 10
964 1
965 1
966 2
967 1
968 1
969 1
970 3
971 1
972 1
973 1
974 1
975 1
976 6
977 3
978 1
979 1
980 1
981 2
982 1
983 2
984 2
985 1
986 1
987 1
988 1
989 1
990 1
991 1
992 3
993 2
994 1
995 3
996 2
997 1
998 3
999 2
1000 1
1001 1
1002 3
1003 1
1004 1
1005 1
1006 4
1007 1
1008 1
1009 1
1010 1
1011 5
1012 1
1013 2
1014 1
1015 1
1016 1
1017 1
1018 3
1019 2
1020 1
1021 7
1022 1
1023 1
1024 2
1025 2
1026 1
1027 2
1028 1
1029 1
1030 1
1031 4
1032 1
1033 1
1034 1
1035 2
1036 1
1037 1
1038 2
1039 2
1040 1
1041 1
1042 1
1043 1
1044 12
1045 24
1046 1
1047 4
1048 1
1049 7
1050 1
1051 1
1052 8
1053 3
1054 1
1055 4
1056 1
1057 1
1058 5
1059 1
1060 1
1061 1
1062 2
1063 1
1064 1
1065 1
1066 2
1067 4
1068 4
1069 2
1070 1
1071 1
1072 2
1073 2
1074 1
1075 1
1076 1
1077 5
1078 2
1079 1
1080 2
1081 2
1082 1
1083 2
1084 1
1085 1
1086 1
1087 1
1088 1
1089 1
1090 2
1091 3
1092 6
1093 1
1094 1
1095 1
1096 3
1097 3
1098 1
1099 2
1100 1
1101 5
1102 1
1103 6
1104 1
1105 33
1106 2
1107 1
1108 1
1109 2
1110 1
1111 1
1112 1
1113 1
1114 1
1115 1
1116 1
1117 1
1118 2
1119 1
1120 2
1121 9
1122 1
1123 1
1124 2
1125 2
1126 2
1127 4
1128 2
1129 1
1130 1
1131 2
1132 1
1133 1
1134 2
1135 1
1136 4
1137 3
1138 1
1139 2
1140 1
1141 1
1142 1
1143 4
1144 1
1145 68
1146 1
1147 1
1148 2
1149 1
1150 4
1151 1
1152 1
1153 1
1154 1
1155 1
1156 4
1157 1
1158 1
1159 1
1160 2
1161 2
1162 1
1163 1
1164 1
1165 8
1166 1
1167 1
1168 1
1169 1
1170 2
1171 1
1172 1
1173 4
1174 1
1175 1
1176 1
1177 2
1178 5
1179 1
1180 1
1181 1
1182 1
1183 1
1184 1
1185 2
1186 6
1187 1
1188 3
1189 1
1190 1
1191 2
1192 1
1193 1
1194 1
1195 1
1196 1
1197 1
1198 1
1199 1
1200 1
1201 1
1202 1
1203 5
1204 2
1205 6
1206 1
1207 1
1208 4
1209 1
1210 1
1211 1
1212 1
1213 1
1214 13
1215 1
1216 1
1217 2
1218 1
1219 1
1220 1
1221 1
1222 1
1223 1
1224 5
1225 1
1226 1
1227 1
1228 1
1229 5
1230 2
1231 1
1232 1
1233 1
1234 2
1235 1
1236 4
1237 3
1238 1
1239 1
1240 1
1241 2
1242 2
1243 1
1244 2
1245 1
1246 1
1247 2
1248 1
1249 3
1250 1
1251 1
1252 8
1253 1
1254 1
1255 11
1256 1
1257 2
1258 2
1259 1
1260 1
1261 1
1262 1
1263 1
1264 1
1265 1
1266 2
1267 1
1268 2
1269 8
1270 1
1271 2
1272 1
1273 1
1274 1
1275 44
1276 1
1277 1
1278 2
1279 1
1280 2
1281 1
1282 1
1283 2
1284 1
1285 1
1286 1
1287 1
1288 1
1289 1
1290 2
1291 1
1292 7
1293 1
1294 1
1295 1
1296 1
1297 1
1298 1
1299 1
1300 1
1301 276
1302 1
1303 3
1304 1
1305 17
1306 1
1307 8
1308 1
1309 1
1310 1
1311 1
1312 1
1313 1
1314 3
1315 2
1316 1
1317 2
1318 1
1319 3
1320 1
1321 1
1322 4
1323 1
1324 1
1325 1
1326 1
1327 1
1328 1
1329 1
1330 1
1331 1
1332 1
1333 1
1334 1
1335 1
1336 1
1337 1
1338 1
1339 1
1340 1
1341 1
1342 2
1343 3
1344 1
1345 1
1346 1
1347 1
1348 23
1349 1
1350 4
1351 1
1352 1
1353 2
1354 5
1355 1
1356 2
1357 1
1358 1
1359 3
1360 3
1361 2
1362 3
1363 2
1364 1
1365 2
1366 1
1367 1
1368 1
1369 1
1370 2
1371 1
1372 2
1373 1
1374 1
1375 1
1376 1
1377 1
1378 9
1379 2
1380 1
1381 7
1382 1
1383 1
1384 2
1385 1
1386 1
1387 1
1388 2
1389 2
1390 2
1391 5
1392 1
1393 1
1394 1
1395 3
1396 2
1397 8
1398 1
1399 1
1400 2
1401 1
1402 2
1403 1
1404 1
1405 1
1406 5
1407 2
1408 2
1409 41
1410 1
1411 1
1412 1
1413 1
1414 1
1415 12
1416 1
1417 1
1418 2
1419 1
1420 1
1421 3
1422 1
1423 1
1424 1
1425 1
1426 1
1427 2
1428 2
1429 1
1430 1
1431 1
1432 1
1433 6
1434 10
1435 1
1436 1
1437 3
1438 1
1439 1
1440 1
1441 1
1442 20
1443 3
1444 3
1445 1
1446 1
1447 2
1448 1
1449 1
1450 1
1451 1
1452 1
1453 2
1454 2
1455 3
1456 1
1457 1
1458 1
1459 2
1460 3
1461 1
1462 1
1463 1
1464 1
1465 1
1466 1
1467 1
1468 1
1469 1
1470 1
1471 2
1472 1
1473 1
1474 1
1475 1
1476 2
1477 1
1478 7
1479 3
1480 1
1481 1
1482 3
1483 1
1484 5
1485 1
1486 2
1487 1
1488 1
1489 2
1490 1
1491 5
1492 6
1493 10
1494 1
1495 4
1496 3
1497 1
1498 3
1499 1
1500 1
1501 1
1502 1
1503 1
1504 1
1505 1
1506 3
1507 1
1508 1
1509 2
1510 1
1511 1
1512 1
1513 1
1514 1
1515 1
1516 1
1517 3
1518 11
1519 1
1520 4
1521 1
1522 2
1523 1
1524 1
1525 1
1526 1
1527 1
1528 1
1529 1
1530 1
1531 1
1532 2
1533 1
1534 1
1535 1
1536 2
1537 2
1538 1
1539 4
1540 1
1541 6
1542 2
1543 1
1544 3
1545 1
1546 1
1547 1
1548 2
1549 4
1550 2
1551 1
1552 1
1553 7
1554 1
1555 2
1556 1
1557 1
1558 1
1559 1
1560 1
1561 5
1562 3
1563 1
1564 2
1565 4
1566 1
1567 2
1568 1
1569 20
1570 1
1571 1
1572 1
1573 2
1574 1
1575 1
1576 1
1577 2
1578 7
1579 1
1580 2
1581 1
1582 1
1583 2
1584 1
1585 4
1586 2
1587 1
1588 1
1589 1
1590 1
1591 3
1592 1
1593 1
1594 2
1595 1
1596 1
1597 2
1598 2
1599 2
1600 1
1601 1
1602 1
1603 1
1604 1
1605 1
1606 1
1607 1
1608 1
1609 22
1610 1
1611 1
1612 1
1613 2
1614 8
1615 2
1616 1
1617 1
1618 6
1619 2
1620 4
1621 1
1622 4
1623 7
1624 1
1625 4
1626 1
1627 1
1628 1
1629 3
1630 6
1631 1
1632 1
1633 1
1634 26
1635 1
1636 1
1637 1
1638 1
1639 1
1640 1
1641 1
1642 1
1643 1
1644 7
1645 1
1646 1
1647 1
1648 1
1649 4
1650 2
1651 1
1652 1
1653 2
1654 1
1655 1
1656 1
1657 1
1658 1
1659 1
1660 1
1661 6
1662 1
1663 1
1664 1
1665 1
1666 1
1667 5
1668 2
1669 1
1670 1
1671 1
1672 4
1673 3
1674 1
1675 2
1676 1
1677 1
1678 21
1679 1
1680 2
1681 1
1682 1
1683 29
1684 1
1685 1
1686 1
1687 4
1688 6
1689 1
1690 1
1691 1
1692 9
1693 1
1694 1
1695 1
1696 1
1697 1
1698 2
1699 1
1700 1
1701 1
1702 1
1703 2
1704 3
1705 2
1706 3
1707 2
1708 1
1709 2
1710 1
1711 1
1712 1
1713 1
1714 2
1715 1
1716 1
1717 2
1718 1
1719 1
1720 6
1721 4
1722 1
1723 1
1724 1
1725 3
1726 5
1727 1
1728 1
1729 1
1730 1
1731 2
1732 1
1733 2
1734 1
1735 2
1736 4
1737 1
1738 1
1739 1
1740 2
1741 1
1742 1
1743 1
1744 2
1745 1
1746 1
1747 4
1748 1
1749 1
1750 1
1751 3
1752 1
1753 2
1754 6
1755 2
1756 3
1757 1
1758 1
1759 1
1760 1
1761 1
1762 2
1763 1
1764 1
1765 1
1766 6
1767 1
1768 2
1769 4
1770 2
1771 1
1772 1
1773 2
1774 2
1775 1
1776 17
1777 1
1778 1
1779 1
1780 1
1781 3
1782 1
1783 1
1784 2
1785 1
1786 3
1787 1
1788 2
1789 1
1790 1
1791 1
1792 3
1793 1
1794 1
1795 1
1796 8
1797 1
1798 1
1799 1
1800 1
1801 1
1802 1
1803 1
1804 3
1805 1
1806 1
1807 1
1808 1
1809 8
1810 1
1811 1
1812 1
1813 1
1814 2
1815 2
1816 8
1817 2
1818 1
1819 1
1820 2
1821 1
1822 1
1823 1
1824 1
1825 6
1826 3
1827 1
1828 1
1829 6
1830 1
1831 1
1832 4
1833 1
1834 9
1835 2
1836 1
1837 2
1838 1
1839 2
1840 1
1841 1
1842 1
1843 1
1844 1
1845 2
1846 1
1847 2
1848 2
1849 1
1850 1
1851 1
1852 1
1853 3
1854 41
1855 2
1856 2
1857 2
1858 1
1859 1
1860 1
1861 1
1862 3
1863 1
1864 1
1865 1
1866 1
1867 1
1868 1
1869 1
1870 3
1871 1
1872 2
1873 21
1874 1
1875 1
1876 1
1877 3
1878 1
1879 1
1880 3
1881 6
1882 1
1883 1
1884 3
1885 1
1886 1
1887 2
1888 1
1889 1
1890 1
1891 4
1892 1
1893 1
1894 1
1895 1
1896 1
1897 1
1898 1
1899 1
1900 1
1901 1
1902 1
1903 1
1904 1
1905 2
1906 1
1907 1
1908 19
1909 3
1910 2
1911 1
1912 1
1913 2
1914 1
1915 2
1916 1
1917 1
1918 1
1919 1
1920 1
1921 1
1922 1
1923 3
1924 7
1925 45
1926 1
1927 1
1928 2
1929 1
1930 1
1931 7
1932 1
1933 1
1934 1
1935 1
1936 1
1937 1
1938 1
1939 2
1940 2
1941 6
1942 1
1943 1
1944 1
1945 1
1946 1
1947 1
1948 1
1949 1
1950 1
1951 1
1952 1
1953 1
1954 2
1955 5
1956 1
1957 2
1958 1
1959 1
1960 7
1961 2
1962 3
1963 1
1964 1
1965 1
1966 1
1967 1
1968 2
1969 1
1970 2
1971 2
1972 1
1973 1
1974 2
1975 1
1976 3
1977 1
1978 1
1979 1
1980 2
1981 1
1982 1
1983 1
1984 1
1985 1
1986 1
1987 1
1988 1
1989 12
1990 1
1991 1
1992 1
1993 1
1994 1
1995 2
1996 1
1997 2
1998 1
1999 4
2000 2
2001 1
2002 5
2003 2
2004 1
2005 3
2006 3
2007 7
2008 1
2009 25
2010 4
2011 2
2012 2
2013 1
2014 5
2015 3
2016 6
2017 1
2018 1
2019 2
2020 1
2021 1
2022 1
2023 1
2024 4
2025 2
2026 1
2027 10
2028 27
2029 1
2030 1
2031 2
2032 1
2033 4
2034 1
2035 1
2036 2
2037 1
2038 1
2039 1
2040 2
2041 1
2042 1
2043 1
2044 2
2045 1
2046 1
2047 1
2048 1
2049 1
2050 1
2051 1
2052 1
2053 1
2054 1
2055 1
2056 1
2057 2
2058 11
2059 1
2060 1
2061 1
2062 1
2063 2
2064 1
2065 1
2066 1
2067 1
2068 3
2069 1
2070 1
2071 8
2072 1
2073 1
2074 1
2075 1
2076 1
2077 2
2078 1
2079 1
2080 2
2081 1
2082 1
2083 2
2084 1
2085 442
2086 1
2087 1
2088 2
2089 1
2090 3
2091 1
2092 2
2093 3
2094 2
2095 1
2096 1
2097 6
2098 1
2099 1
2100 1
2101 1
2102 1
2103 2
2104 2
2105 1
2106 1
2107 1
2108 1
2109 2
2110 3
2111 1
2112 8
2113 1
2114 2
2115 2
2116 1
2117 1
2118 1
2119 1
2120 1
2121 1
2122 1
2123 1
2124 1
2125 1
2126 12
2127 1
2128 2
2129 1
2130 1
2131 2
2132 1
2133 3
2134 1
2135 1
2136 1
2137 1
2138 1
2139 1
2140 3
2141 9
2142 1
2143 3
2144 1
2145 1
2146 1
2147 3
2148 10
2149 1
2150 1
2151 2
2152 1
2153 1
2154 2
2155 8
2156 1
2157 1
2158 3
2159 1
2160 1
2161 5
2162 1
2163 1
2164 8
2165 1
2166 1
2167 4
2168 1
2169 1
2170 1
2171 1
2172 1
2173 1
2174 1
2175 1
2176 1
2177 1
2178 1
2179 1
2180 1
2181 1
2182 2
2183 1
2184 1
2185 2
2186 1
2187 1
2188 1
2189 1
2190 1
2191 23
2192 1
2193 1
2194 1
2195 2
2196 1
2197 2
2198 3
2199 1
2200 1
2201 2
2202 1
2203 2
2204 5
2205 1
2206 2
2207 1
2208 2
2209 1
2210 1
2211 1
2212 1
2213 2
2214 1
2215 3
2216 5
2217 1
2218 1
2219 1
2220 2
2221 1
2222 1
2223 2
2224 2
2225 3
2226 1
2227 3
2228 1
2229 6
2230 1
2231 1
2232 1
2233 3
2234 1
2235 26
2236 1
2237 1
2238 1
2239 2
2240 1
2241 1
2242 1
2243 1
2244 5
2245 1
2246 1
2247 1
2248 1
2249 4
2250 9
2251 1
2252 1
2253 1
2254 1
2255 2
2256 1
2257 1
2258 1
2259 1
2260 2
2261 1
2262 1
2263 1
2264 1
2265 2
2266 1
2267 1
2268 1
2269 1
2270 2
2271 1
2272 1
2273 9
2274 1
2275 75
2276 4
2277 10
2278 1
2279 1
2280 1
2281 1
2282 2
2283 1
2284 2
2285 1
2286 1
2287 1
2288 1
2289 10
2290 1
2291 1
2292 1
2293 1
2294 1
2295 1
2296 2
2297 1
2298 1
2299 1
2300 2
2301 1
2302 2
2303 1
2304 1
2305 1
2306 5
2307 1
2308 2
2309 1
2310 12
2311 1
2312 1
2313 1
2314 1
2315 13
2316 1
2317 1
2318 4
2319 1
2320 2
2321 1
2322 3
2323 1
2324 3
2325 1
2326 2
2327 18
2328 1
2329 3
2330 1
2331 2
2332 2
2333 5
2334 1
2335 1
2336 2
2337 1
2338 2
2339 1
2340 1
2341 1
2342 1
2343 1
2344 1
2345 1
2346 1
2347 1
2348 1
2349 6
2350 1
2351 10
2352 3
2353 1
2354 1
2355 3
2356 1
2357 1
2358 1
2359 1
2360 2
2361 2
2362 1
2363 1
2364 2
2365 184
2366 1
2367 1
2368 9
2369 3
2370 1
2371 1
2372 1
2373 1
2374 1
2375 2
2376 25
2377 6
2378 1
2379 1
2380 2
2381 2
2382 2
2383 1
2384 1
2385 6
2386 1
2387 1
2388 1
2389 1
2390 1
2391 1
2392 84
2393 5
2394 1
2395 3
2396 1
2397 1
2398 9
2399 1
2400 1
2401 1
2402 6
2403 1
2404 1
2405 1
2406 2
2407 1
2408 1
2409 1
2410 1
2411 3
2412 2
2413 1
2414 1
2415 1
2416 9
2417 1
2418 1
2419 1
2420 1
2421 2
2422 4
2423 1
2424 1
2425 1
2426 2
2427 3
2428 18
2429 1
2430 2
2431 2
2432 1
2433 20
2434 1
2435 1
2436 1
2437 1
2438 1
2439 1
2440 4
2441 2
2442 1
2443 3
2444 1
2445 1
2446 1
2447 13
2448 1
2449 2
2450 2
2451 4
2452 2
2453 1
2454 1
2455 1
2456 2
2457 5
2458 2
2459 16
2460 1
2461 1
2462 1
2463 2
2464 1
2465 7
2466 1
2467 2
2468 1
2469 1
2470 1
2471 1
2472 1
2473 2
2474 1
2475 1
2476 57
2477 1
2478 1
2479 2
2480 1
2481 1
2482 1
2483 1
2484 1
2485 1
2486 1
2487 2
2488 1
2489 2
2490 13
2491 1
2492 1
2493 1
2494 1
2495 1
2496 1
2497 1
2498 1
2499 1
2500 1
2501 9
2502 1
2503 17
2504 1
2505 1
2506 2
2507 1
2508 1
2509 1
2510 1
2511 2
2512 6
2513 2
2514 59
2515 1
2516 1
2517 1
2518 1
2519 2
2520 1
2521 4
2522 3
2523 1
2524 1
2525 1
2526 1
2527 2
2528 1
2529 1
2530 1
2531 1
2532 3
2533 1
2534 1
2535 2
2536 1
2537 1
2538 2
2539 1
2540 1
2541 1
2542 1
2543 2
2544 1
2545 1
2546 1
2547 1
2548 1
2549 1
2550 1
2551 1
2552 1
2553 1
2554 2
2555 8
2556 1
2557 1
2558 2
2559 1
2560 1
2561 1
2562 2
2563 2
2564 1
2565 2
2566 1
2567 2
2568 1
2569 3
2570 1
2571 1
2572 1
2573 1
2574 1
2575 1
2576 1
2577 33
2578 2
2579 2
2580 1
2581 1
2582 3
2583 1
2584 1
2585 1
2586 1
2587 1
2588 1
2589 1
2590 1
2591 1
2592 1
2593 1
2594 2
2595 1
2596 1
2597 1
2598 1
2599 1
2600 1
2601 1
2602 3
2603 2
2604 1
2605 1
2606 1
2607 7
2608 2
2609 7
2610 2
2611 1
2612 1
2613 1
2614 2
2615 3
2616 1
2617 1
2618 1
2619 5
2620 1
2621 1
2622 1
2623 1
2624 2
2625 1
2626 9
2627 1
2628 1
2629 1
2630 1
2631 1
2632 1
2633 1
2634 4
2635 1
2636 5
2637 4
2638 1
2639 1
2640 1
2641 1
2642 2
2643 9
2644 1
2645 1
2646 1
2647 7
2648 1
2649 1
2650 3
2651 2
2652 1
2653 2
2654 7
2655 1
2656 1
2657 6
2658 2
2659 1
2660 1
2661 1
2662 1
2663 7
2664 1
2665 1
2666 1
2667 2
2668 1
2669 1
2670 1
2671 1
2672 1
2673 2
2674 1
2675 29
2676 1
2677 1
2678 1
2679 1
2680 2
2681 1
2682 1
2683 1
2684 3
2685 2
2686 1
2687 1
2688 1
2689 3
2690 1
2691 2
2692 2
2693 1
2694 1
2695 9
2696 3
2697 1
2698 1
2699 1
2700 1
2701 15
2702 1
2703 4
2704 1
2705 1
2706 1
2707 1
2708 1
2709 1
2710 1
2711 2
2712 2
2713 4
2714 1
2715 1
2716 1
2717 1
2718 16
2719 1
2720 4
2721 1
2722 1
2723 4
2724 1
2725 2
2726 1
2727 59
2728 1
2729 1
2730 1
2731 1
2732 1
2733 1
2734 1
2735 1
2736 1
2737 2
2738 2
2739 2
2740 39
2741 37
2742 18
2743 1
2744 1
2745 2
2746 1
2747 13
2748 1
2749 2
2750 1
2751 1
2752 1
2753 2
2754 1
2755 1
2756 5
2757 3
2758 1
2759 1
2760 1
2761 1
2762 19
2763 2
2764 1
2765 1
2766 1
2767 4
2768 1
2769 1
2770 1
2771 1
2772 1
2773 1
2774 1
2775 1
2776 1
2777 1
2778 1
2779 1
2780 1
2781 1
2782 2
2783 2
2784 1
2785 1
2786 1
2787 1
2788 1
2789 3
2790 1
2791 2
2792 2
2793 1
2794 4
2795 2
2796 14
2797 1
2798 1
2799 1
2800 9
2801 4
2802 1
2803 1
2804 1
2805 1
2806 1
2807 1
2808 1
2809 30
2810 3
2811 1
2812 295
2813 2
2814 2
2815 1
2816 1
2817 1
2818 1
2819 1
2820 3
2821 1
2822 1
2823 5
2824 2
2825 1
2826 2
2827 1
2828 1
2829 1
2830 1
2831 1
2832 1
2833 1
2834 2
2835 1
2836 1
2837 3
2838 4
2839 1
2840 1
2841 1
2842 2
2843 2
2844 1
2845 1
2846 1
2847 1
2848 2
2849 1
2850 1
2851 1
2852 1
2853 1
2854 4
2855 1
2856 3
2857 1
2858 1
2859 2
2860 1
2861 5
2862 1
2863 2
2864 2
2865 1
2866 3
2867 1
2868 1
2869 4
2870 1
2871 1
2872 1
2873 2
2874 1
2875 2
2876 1
2877 1
2878 1
2879 1
2880 1
2881 1
2882 1
2883 1
2884 1
2885 6
2886 3
2887 1
2888 1
2889 1
2890 1
2891 2
2892 1
2893 1
2894 2
2895 11
2896 1
2897 1
2898 2
2899 2
2900 2
2901 1
2902 17
2903 2
2904 11
2905 1
2906 1
2907 1
2908 3
2909 1
2910 1
2911 1
2912 1
2913 1
2914 1
2915 1
2916 1
2917 2
2918 1
2919 1
2920 2
2921 3
2922 2
2923 1
2924 1
2925 1
2926 1
2927 5
2928 2
2929 2
2930 1
2931 1
2932 1
2933 1
2934 2
2935 1
2936 1
2937 8
2938 2
2939 1
2940 6
2941 3
2942 5
2943 1
2944 2
2945 1
2946 1
2947 1
2948 1
2949 1
2950 1
2951 1
2952 1
2953 5
2954 1
2955 11
2956 1
2957 3
2958 2
2959 2
2960 2
2961 1
2962 1
2963 1
2964 2
2965 1
2966 1
2967 1
2968 2
2969 6
2970 1
2971 2
2972 2
2973 3
2974 2
2975 1
2976 1
2977 1
2978 6
2979 1
2980 1
2981 1
2982 1
2983 1
2984 8
2985 2
2986 1
2987 1
2988 1
2989 2
2990 1
2991 10
2992 1
2993 1
2994 5
2995 1
2996 1
2997 1
2998 1
2999 2
3000 3
3001 1
3002 1
3003 1
3004 1
3005 1
3006 1
3007 2
3008 1
3009 1
3010 1
3011 2
3012 1
3013 1
3014 5
3015 2
3016 1
3017 1
3018 1
3019 4
3020 10
3021 3
3022 1
3023 1
3024 1
3025 1
3026 1
3027 2
3028 2
3029 1
3030 1
3031 1
3032 1
3033 8
3034 1
3035 2
3036 4
3037 1
3038 5
3039 1
3040 1
3041 8
3042 1
3043 1
3044 28
3045 1
3046 1
3047 23
3048 1
3049 1
3050 1
3051 6
3052 1
3053 1
3054 1
3055 1
3056 2
3057 1
3058 1
3059 1
3060 1
3061 1
3062 1
3063 1
3064 10
3065 1
3066 1
3067 1
3068 1
3069 1
3070 1
3071 1
3072 1
3073 1
3074 1
3075 1
3076 10
3077 1
3078 1
3079 1
3080 1
3081 16
3082 1
3083 1
3084 1
3085 1
3086 1
3087 1
3088 1
3089 4
3090 1
3091 1
3092 1
3093 1
3094 2
3095 1
3096 1
3097 1
3098 2
3099 1
3100 2
3101 1
3102 1
3103 1
3104 7
3105 1
3106 1
3107 1
3108 2
3109 1
3110 7
3111 1
3112 1
3113 1
3114 1
3115 1
3116 1
3117 1
3118 1
3119 1
3120 1
3121 1
3122 1
3123 1
3124 1
3125 8
3126 4
3127 1
3128 1
3129 1
3130 2
3131 2
3132 10
3133 1
3134 1
3135 2
