0 1278
1 14
2 2
3 1
4 1
5 1
6 1
7 1
8 1
9 21
10 1
11 1
12 2
13 1
14 2
15 3
16 1
17 1
18 2
19 1
20 1
21 3
22 10
23 1
24 2
25 1
26 1
27 1
28 2
29 1
30 1
31 1
32 1
33 1
34 1
35 3
36 1
37 2
38 2
39 1
40 1
41 1
42 1
43 1
44 1
45 1
46 1
47 1
48 1
49 1
50 1
51 2
52 1
53 4
54 1
55 1
56 1
57 1
58 1
59 5
60 1
61 1
62 1
63 1
64 2
65 1
66 2
67 1
68 1
69 1
70 1
71 1
72 1
73 2
74 1
75 2
76 1
77 1
78 1
79 1
80 1
81 2
82 1
83 1
84 3
85 1
86 1
87 1
88 1
89 2
90 2
91 1
92 1
93 2
94 1
95 1
96 1
97 1
98 39
99 1
100 1
101 2
102 1
103 2
104 1
105 1
106 1
107 1
108 4
109 1
110 1
111 1
112 1
113 1
114 1
115 11
116 1
117 1
118 2
119 9
120 1
121 1
122 2
123 1
124 1
125 1
126 1
127 1
128 1
129 3
130 1
131 1
132 2
133 4
134 1
135 1
136 3
137 3
138 19
139 1
140 1
141 1
142 1
143 4
144 1
145 1
146 1
147 3
148 1
149 3
150 1
151 1
152 1
153 1
154 2
155 1
156 1
157 1
158 2
159 1
160 1
161 1
162 1
163 1
164 1
165 1
166 1
167 1
168 1
169 1
170 1
171 2
172 1
173 1
174 8
175 1
176 4
177 1
178 1
179 4
180 4
181 1
182 1
183 1
184 1
185 1
186 3
187 1
188 1
189 1
190 1
191 1
192 4
193 1
194 3
195 2
196 1
197 1
198 2
199 5
200 1
201 9
202 1
203 2
204 1
205 6
206 1
207 5
208 2
209 5
210 2
211 2
212 1
213 9
214 2
215 2
216 1
217 47
218 1
219 1
220 1
221 2
222 1
223 2
224 4
225 1
226 1
227 1
228 2
229 1
230 1
231 1
232 1
233 1
234 1
235 1
236 1
237 1
238 2
239 1
240 1
241 2
242 2
243 1
244 1
245 2
246 1
247 1
248 2
249 2
250 1
251 1
252 1
253 1
254 1
255 1
256 1
257 1
258 1
259 1
260 35
261 5
262 1
263 8
264 3
265 1
266 6
267 1
268 1
269 1
270 4
271 2
272 22
273 1
274 1
275 1
276 2
277 1
278 1
279 1
280 1
281 2
282 1
283 8
284 1
285 2
286 1
287 1
288 6
289 1
290 2
291 1
292 3
293 1
294 2
295 2
296 1
297 3
298 1
299 1
300 1
301 1
302 1
303 1
304 11
305 1
306 1
307 1
308 1
309 11
310 1
311 2
312 1
313 2
314 4
315 1
316 3
317 1
318 2
319 1
320 10
321 5
322 1
323 3
324 15
325 2
326 1
327 1
328 1
329 1
330 1
331 1
332 4
333 1
334 1
335 1
336 2
337 5
338 1
339 1
340 12
341 1
342 1
343 2
344 1
345 1
346 1
347 1
348 3
349 2
350 1
351 1
352 1
353 1
354 1
355 3
356 13
357 1
358 1
359 1
360 2
361 3
362 1
363 1
364 1
365 1
366 1
367 1
368 4
369 2
370 2
371 6
372 1
373 2
374 1
375 1
376 1
377 7
378 5
379 1
380 1
381 1
382 1
383 1
384 1
385 1
386 1
387 5
388 1
389 3
390 1
391 2
392 1
393 4
394 57
395 1
396 2
397 1
398 1
399 2
400 1
401 1
402 2
403 1
404 1
405 1
406 1
407 1
408 1
409 15
410 3
411 3
412 1
413 1
414 2
415 1
416 1
417 1
418 1
419 1
420 1
421 6
422 1
423 2
424 1
425 1
426 1
427 1
428 1
429 1
430 1
431 1
432 2
433 1
434 2
435 1
436 1
437 1
438 1
439 1
440 1
441 1
442 1
443 1
444 1
445 6
446 1
447 1
448 2
449 1
450 1
451 1
452 230
453 3
454 1
455 1
456 1
457 1
458 2
459 1
460 1
461 1
462 1
463 2
464 1
465 1
466 1
467 1
468 1
469 1
470 2
471 1
472 1
473 2
474 1
475 4
476 1
477 1
478 3
479 2
480 1
481 1
482 1
483 1
484 5
485 1
486 2
487 1
488 1
489 1
490 4
491 1
492 6
493 1
494 3
495 7
496 2
497 1
498 1
499 1
500 1
501 1
502 2
503 1
504 1
505 3
506 2
507 2
508 1
509 14
510 62
511 5
512 1
513 4
514 1
515 1
516 1
517 1
518 1
519 1
520 1
521 1
522 1
523 1
524 7
525 2
526 1
527 1
528 1
529 1
530 1
531 2
532 5
533 1
534 2
535 1
536 3
537 2
538 2
539 1
540 1
541 5
542 5
543 1
544 1
545 1
546 14
547 1
548 1
549 1
550 1
551 1
552 2
553 1
554 2
555 9
556 3
557 1
558 1
559 2
560 9
561 1
562 1
563 1
564 2
565 8
566 1
567 1
568 1
569 1
570 1
571 1
572 21
573 1
574 5
575 3
576 1
577 1
578 4
579 1
580 1
581 2
582 1
583 1
584 2
585 1
586 1
587 1
588 2
589 1
590 1
591 1
592 2
593 1
594 2
595 1
596 1
597 2
598 1
599 1
600 1
601 8
602 1
603 1
604 2
605 1
606 1
607 4
608 1
609 1
610 1
611 1
612 2
613 1
614 1
615 4
616 1
617 12
618 2
619 1
620 1
621 1
622 1
623 2
624 2
625 5
626 1
627 1
628 1
629 1
630 2
631 1
632 1
633 1
634 1
635 9
636 1
637 1
638 1
639 1
640 2
641 2
642 1
643 1
644 1
645 1
646 1
647 2
648 1
649 4
650 3
651 1
652 23
653 5
654 1
655 1
656 1
657 1
658 1
659 1
660 2
661 3
662 1
663 1
664 130
665 1
666 1
667 1
668 1
669 1
670 1
671 1
672 1
673 3
674 1
675 1
676 1
677 1
678 2
679 2
680 3
681 1
682 1
683 1
684 1
685 1
686 1
687 5
688 1
689 2
690 18
691 1
692 2
693 2
694 1
695 4
696 1
697 2
698 1
699 2
700 1
701 3
702 1
703 1
704 1
705 1
706 1
707 1
708 1
709 1
710 2
711 2
712 1
713 1
714 2
715 1
716 1
717 1
718 1
719 1
720 5
721 1
722 1
723 4
724 2
725 1
726 1
727 1
728 1
729 2
730 1
731 3
732 3
733 1
734 5
735 1
736 3
737 2
738 1
739 1
740 1
741 7
742 1
743 1
744 1
745 4
746 1
747 2
748 1
749 1
750 4
751 1
752 1
753 1
754 1
755 5
756 1
757 1
758 1
759 1
760 1
761 1
762 1
763 4
764 1
765 4
766 3
767 1
768 1
769 1
770 1
771 1
772 1
773 1
774 1
775 2
776 1
777 1
778 1
779 2
780 2
781 1
782 1
783 1
784 1
785 13
786 1
787 1
788 1
789 1
790 1
791 1
792 2
793 1
794 1
795 1
796 1
797 1
798 3
799 4
800 1
801 1
802 1
803 1
804 5
805 1
806 1
807 2
808 1
809 1
810 4
811 2
812 1
813 1
814 1
815 1
816 1
817 1
818 1
819 2
820 1
821 5
822 2
823 3
824 3
825 1
826 14
827 1
828 1
829 1
830 2
831 2
832 1
833 1
834 10
835 3
836 1
837 1
838 5
839 1
840 1
841 1
842 1
843 25
844 10
845 2
846 1
847 1
848 1
849 1
850 1
851 1
852 1
853 1
854 1
855 1
856 5
857 1
858 1
859 4
860 1
861 1
862 1
863 1
864 1
865 1
866 1
867 1
868 1
869 6
870 1
871 1
872 1
873 1
874 2
875 1
876 1
877 10
878 2
879 1
880 7
881 1
882 3
883 1
884 4
885 2
886 1
887 3
888 1
889 1
890 1
891 1
892 7
893 7
894 5
895 1
896 1
897 1
898 1
899 1
900 1
901 1
902 2
903 1
904 1
905 1
906 2
907 1
908 2
909 1
910 7
911 2
912 1
913 1
914 2
915 4
916 1
917 1
918 1
919 1
920 3
921 1
922 1
923 1
924 1
925 1
926 1
927 10
928 9
929 2
930 2
931 1
932 2
933 1
934 2
935 1
936 1
937 1
938 5
939 2
940 1
941 1
942 10
943 1
944 1
945 7
946 1
947 3
948 1
949 1
950 1
951 1
952 1
953 1
954 2
955 2
956 1
957 1
958 1
959 1
960 2
961 1
962 1
963 1
964 1
965 1
966 1
967 1
968 1
969 8
970 1
971 1
972 3
973 1
974 1
975 2
976 1
977 1
978 1
979 1
980 1
981 1
982 1
983 1
984 1
985 1
986 1
987 1
988 1
989 1
990 3
991 2
992 1
993 1
994 1
995 1
996 3
997 2
998 1
999 1
1000 1
1001 1
1002 1
1003 1
1004 1
1005 1
1006 1
1007 8
1008 5
1009 1
1010 1
1011 1
1012 1
1013 1
1014 1
1015 1
1016 1
1017 5
1018 1
1019 1
1020 6
1021 1
1022 1
1023 1
1024 1
1025 1
1026 1
1027 1
1028 2
1029 1
1030 1
1031 4
1032 1
1033 2
1034 1
1035 1
1036 1
1037 18
1038 21
1039 1
1040 3
1041 5
1042 1
1043 1
1044 3
1045 1
1046 3
1047 1
1048 4
1049 4
1050 1
1051 10
1052 1
1053 1
1054 1
1055 1
1056 1
1057 1
1058 1
1059 1
1060 1
1061 6
1062 1
1063 2
1064 1
1065 1
1066 1
1067 1
1068 1
1069 1
1070 1
1071 7
1072 1
1073 3
1074 5
1075 2
1076 1
1077 1
1078 5
1079 2
1080 2
1081 1
1082 2
1083 1
1084 1
1085 1
1086 1
1087 1
1088 6
1089 1
1090 1
1091 2
1092 4
1093 1
1094 1
1095 2
1096 1
1097 2
1098 1
1099 1
1100 4
1101 1
1102 1
1103 1
1104 32
1105 1
1106 1
1107 1
1108 1
1109 1
1110 3
1111 1
1112 6
1113 2
1114 1
1115 2
1116 2
1117 1
1118 2
1119 1
1120 1
1121 3
1122 2
1123 1
1124 1
1125 2
1126 1
1127 1
1128 1
1129 1
1130 1
1131 2
1132 3
1133 3
1134 5
1135 1
1136 1
1137 1
1138 2
1139 1
1140 3
1141 2
1142 1
1143 1
1144 3
1145 1
1146 5
1147 1
1148 1
1149 1
1150 34
1151 1
1152 1
1153 2
1154 2
1155 1
1156 4
1157 2
1158 1
1159 1
1160 1
1161 1
1162 1
1163 1
1164 1
1165 1
1166 1
1167 2
1168 1
1169 1
1170 1
1171 1
1172 1
1173 4
1174 1
1175 1
1176 1
1177 1
1178 1
1179 1
1180 4
1181 1
1182 2
1183 1
1184 3
1185 1
1186 1
1187 1
1188 1
1189 1
1190 1
1191 2
1192 1
1193 1
1194 1
1195 1
1196 1
1197 1
1198 1
1199 1
1200 3
1201 2
1202 1
1203 1
1204 1
1205 1
1206 1
1207 1
1208 1
1209 1
1210 9
1211 1
1212 1
1213 1
1214 2
1215 1
1216 1
1217 4
1218 1
1219 1
1220 1
1221 1
1222 1
1223 16
1224 1
1225 2
1226 1
1227 1
1228 1
1229 1
1230 5
1231 1
1232 1
1233 1
1234 1
1235 1
1236 1
1237 1
1238 3
1239 1
1240 1
1241 1
1242 1
1243 1
1244 1
1245 1
1246 1
1247 1
1248 1
1249 5
1250 1
1251 3
1252 4
1253 2
1254 1
1255 1
1256 1
1257 1
1258 1
1259 1
1260 4
1261 1
1262 1
1263 1
1264 1
1265 1
1266 1
1267 4
1268 1
1269 2
1270 1
1271 1
1272 1
1273 1
1274 1
1275 1
1276 1
1277 1
1278 1
1279 40
1280 2
1281 1
1282 2
1283 1
1284 1
1285 1
1286 1
1287 1
1288 1
1289 1
1290 1
1291 1
1292 1
1293 4
1294 2
1295 2
1296 1
1297 1
1298 1
1299 1
1300 1
1301 1
1302 1
1303 249
1304 1
1305 1
1306 3
1307 25
1308 1
1309 1
1310 1
1311 3
1312 1
1313 1
1314 1
1315 1
1316 3
1317 2
1318 1
1319 1
1320 1
1321 1
1322 2
1323 3
1324 1
1325 2
1326 1
1327 1
1328 1
1329 3
1330 1
1331 2
1332 1
1333 3
1334 1
1335 1
1336 3
1337 1
1338 1
1339 2
1340 1
1341 1
1342 1
1343 1
1344 2
1345 1
1346 3
1347 1
1348 1
1349 1
1350 1
1351 1
1352 1
1353 42
1354 1
1355 2
1356 3
1357 1
1358 3
1359 4
1360 4
1361 1
1362 1
1363 1
1364 1
1365 1
1366 1
1367 1
1368 2
1369 1
1370 1
1371 1
1372 1
1373 1
1374 1
1375 1
1376 1
1377 3
1378 4
1379 1
1380 2
1381 1
1382 1
1383 1
1384 1
1385 2
1386 1
1387 1
1388 1
1389 2
1390 11
1391 1
1392 2
1393 2
1394 2
1395 1
1396 4
1397 1
1398 1
1399 1
1400 1
1401 1
1402 1
1403 1
1404 1
1405 1
1406 1
1407 2
1408 1
1409 1
1410 2
1411 3
1412 1
1413 1
1414 36
1415 1
1416 1
1417 5
1418 1
1419 1
1420 1
1421 1
1422 1
1423 1
1424 1
1425 1
1426 1
1427 1
1428 1
1429 1
1430 2
1431 3
1432 1
1433 4
1434 1
1435 1
1436 1
1437 2
1438 1
1439 2
1440 7
1441 1
1442 1
1443 1
1444 1
1445 8
1446 1
1447 1
1448 1
1449 1
1450 1
1451 1
1452 11
1453 1
1454 1
1455 1
1456 1
1457 3
1458 2
1459 2
1460 3
1461 2
1462 1
1463 1
1464 1
1465 1
1466 1
1467 2
1468 2
1469 2
1470 1
1471 1
1472 4
1473 1
1474 2
1475 1
1476 1
1477 1
1478 1
1479 2
1480 1
1481 4
1482 1
1483 2
1484 1
1485 1
1486 1
1487 1
1488 2
1489 2
1490 1
1491 9
1492 3
1493 3
1494 2
1495 1
1496 1
1497 1
1498 1
1499 1
1500 1
1501 2
1502 1
1503 2
1504 1
1505 1
1506 2
1507 3
1508 1
1509 1
1510 2
1511 2
1512 4
1513 3
1514 1
1515 1
1516 1
1517 1
1518 1
1519 1
1520 1
1521 3
1522 1
1523 1
1524 3
1525 1
1526 1
1527 2
1528 1
1529 3
1530 1
1531 1
1532 1
1533 1
1534 1
1535 1
1536 1
1537 1
1538 1
1539 1
1540 1
1541 3
1542 1
1543 1
1544 1
1545 1
1546 4
1547 1
1548 1
1549 2
1550 1
1551 1
1552 1
1553 1
1554 1
1555 1
1556 1
1557 4
1558 4
1559 1
1560 1
1561 1
1562 4
1563 1
1564 2
1565 1
1566 1
1567 1
1568 1
1569 1
1570 2
1571 1
1572 1
1573 1
1574 1
1575 1
1576 4
1577 2
1578 1
1579 3
1580 1
1581 11
1582 1
1583 2
1584 1
1585 1
1586 3
1587 2
1588 1
1589 3
1590 1
1591 1
1592 1
1593 1
1594 3
1595 2
1596 1
1597 20
1598 1
1599 1
1600 1
1601 1
1602 1
1603 2
1604 3
1605 6
1606 1
1607 1
1608 1
1609 1
1610 1
1611 1
1612 1
1613 1
1614 4
1615 1
1616 1
1617 1
1618 1
1619 1
1620 1
1621 1
1622 3
1623 2
1624 1
1625 1
1626 1
1627 1
1628 1
1629 1
1630 1
1631 1
1632 1
1633 1
1634 1
1635 1
1636 5
1637 1
1638 2
1639 1
1640 1
1641 1
1642 5
1643 2
1644 1
1645 1
1646 14
1647 1
1648 1
1649 1
1650 1
1651 1
1652 1
1653 3
1654 1
1655 2
1656 1
1657 1
1658 8
1659 2
1660 4
1661 1
1662 1
1663 1
1664 1
1665 1
1666 1
1667 1
1668 1
1669 1
1670 1
1671 1
1672 2
1673 1
1674 1
1675 2
1676 1
1677 1
1678 5
1679 1
1680 2
1681 1
1682 3
1683 1
1684 4
1685 2
1686 1
1687 2
1688 1
1689 1
1690 1
1691 1
1692 1
1693 1
1694 5
1695 1
1696 2
1697 2
1698 1
1699 1
1700 1
1701 2
1702 1
1703 2
1704 1
1705 1
1706 1
1707 30
1708 3
1709 4
1710 28
1711 1
1712 1
1713 1
1714 1
1715 9
1716 1
1717 1
1718 2
1719 1
1720 2
1721 1
1722 1
1723 1
1724 2
1725 1
1726 1
1727 1
1728 1
1729 1
1730 4
1731 1
1732 2
1733 1
1734 1
1735 1
1736 1
1737 10
1738 1
1739 1
1740 11
1741 1
1742 1
1743 1
1744 4
1745 5
1746 2
1747 1
1748 3
1749 2
1750 1
1751 1
1752 1
1753 1
1754 1
1755 2
1756 2
1757 1
1758 1
1759 5
1760 1
1761 11
1762 1
1763 1
1764 1
1765 1
1766 1
1767 1
1768 1
1769 1
1770 2
1771 1
1772 1
1773 4
1774 8
1775 1
1776 1
1777 4
1778 1
1779 1
1780 1
1781 1
1782 3
1783 1
1784 1
1785 2
1786 1
1787 1
1788 1
1789 1
1790 1
1791 1
1792 1
1793 1
1794 1
1795 4
1796 1
1797 2
1798 1
1799 1
1800 2
1801 1
1802 1
1803 1
1804 1
1805 3
1806 1
1807 3
1808 2
1809 1
1810 14
1811 1
1812 1
1813 1
1814 2
1815 2
1816 1
1817 5
1818 2
1819 1
1820 1
1821 1
1822 1
1823 1
1824 1
1825 1
1826 1
1827 1
1828 1
1829 1
1830 1
1831 1
1832 1
1833 1
1834 4
1835 1
1836 1
1837 3
1838 1
1839 1
1840 1
1841 7
1842 1
1843 1
1844 2
1845 1
1846 1
1847 1
1848 2
1849 1
1850 1
1851 1
1852 2
1853 2
1854 1
1855 2
1856 1
1857 5
1858 2
1859 1
1860 1
1861 1
1862 1
1863 6
1864 5
1865 1
1866 1
1867 1
1868 1
1869 1
1870 1
1871 1
1872 1
1873 3
1874 1
1875 1
1876 1
1877 1
1878 2
1879 1
1880 1
1881 1
1882 2
1883 1
1884 1
1885 6
1886 4
1887 2
1888 1
1889 4
1890 1
1891 1
1892 1
1893 1
1894 1
1895 1
1896 1
1897 1
1898 25
1899 1
1900 1
1901 1
1902 1
1903 1
1904 2
1905 1
1906 1
1907 2
1908 1
1909 1
1910 21
1911 1
1912 1
1913 1
1914 1
1915 1
1916 1
1917 1
1918 6
1919 10
1920 1
1921 4
1922 3
1923 2
1924 2
1925 1
1926 2
1927 1
1928 1
1929 2
1930 2
1931 3
1932 2
1933 1
1934 1
1935 1
1936 1
1937 1
1938 1
1939 1
1940 1
1941 2
1942 1
1943 1
1944 4
1945 2
1946 1
1947 1
1948 17
1949 1
1950 1
1951 5
1952 1
1953 1
1954 2
1955 1
1956 1
1957 1
1958 1
1959 1
1960 9
1961 2
1962 1
1963 5
1964 29
1965 1
1966 1
1967 1
1968 1
1969 1
1970 5
1971 1
1972 1
1973 1
1974 1
1975 1
1976 1
1977 1
1978 1
1979 1
1980 1
1981 1
1982 1
1983 3
1984 1
1985 1
1986 1
1987 1
1988 1
1989 10
1990 1
1991 10
1992 4
1993 1
1994 1
1995 2
1996 1
1997 1
1998 1
1999 1
2000 1
2001 2
2002 2
2003 1
2004 1
2005 1
2006 1
2007 1
2008 1
2009 1
2010 1
2011 1
2012 1
2013 1
2014 1
2015 1
2016 1
2017 1
2018 1
2019 1
2020 1
2021 2
2022 1
2023 1
2024 1
2025 3
2026 1
2027 1
2028 1
2029 1
2030 2
2031 9
2032 1
2033 1
2034 1
2035 1
2036 4
2037 1
2038 1
2039 1
2040 1
2041 1
2042 1
2043 1
2044 4
2045 1
2046 1
2047 2
2048 2
2049 1
2050 2
2051 1
2052 30
2053 7
2054 3
2055 3
2056 6
2057 2
2058 3
2059 1
2060 1
2061 1
2062 1
2063 3
2064 1
2065 9
2066 1
2067 9
2068 1
2069 6
2070 22
2071 1
2072 2
2073 1
2074 1
2075 2
2076 2
2077 1
2078 1
2079 1
2080 3
2081 1
2082 1
2083 1
2084 1
2085 1
2086 1
2087 2
2088 1
2089 1
2090 1
2091 1
2092 1
2093 1
2094 1
2095 1
2096 1
2097 4
2098 2
2099 2
2100 1
2101 1
2102 1
2103 1
2104 1
2105 2
2106 1
2107 3
2108 1
2109 1
2110 2
2111 1
2112 2
2113 3
2114 1
2115 1
2116 1
2117 2
2118 1
2119 1
2120 1
2121 1
2122 420
2123 1
2124 1
2125 1
2126 1
2127 2
2128 1
2129 1
2130 1
2131 1
2132 2
2133 1
2134 1
2135 1
2136 1
2137 3
2138 2
2139 1
2140 2
2141 1
2142 1
2143 1
2144 2
2145 2
2146 1
2147 2
2148 2
2149 1
2150 1
2151 1
2152 1
2153 1
2154 1
2155 1
2156 1
2157 1
2158 1
2159 1
2160 1
2161 1
2162 1
2163 4
2164 1
2165 1
2166 1
2167 2
2168 1
2169 9
2170 5
2171 1
2172 1
2173 1
2174 4
2175 1
2176 8
2177 1
2178 4
2179 1
2180 5
2181 1
2182 11
2183 1
2184 1
2185 1
2186 1
2187 1
2188 2
2189 1
2190 1
2191 2
2192 2
2193 1
2194 1
2195 2
2196 1
2197 1
2198 1
2199 1
2200 1
2201 2
2202 1
2203 2
2204 1
2205 2
2206 1
2207 1
2208 2
2209 1
2210 1
2211 1
2212 1
2213 1
2214 15
2215 2
2216 1
2217 1
2218 1
2219 4
2220 2
2221 1
2222 1
2223 1
2224 1
2225 1
2226 1
2227 1
2228 1
2229 1
2230 2
2231 1
2232 4
2233 1
2234 5
2235 2
2236 1
2237 1
2238 1
2239 1
2240 1
2241 1
2242 3
2243 1
2244 1
2245 3
2246 1
2247 2
2248 1
2249 7
2250 1
2251 1
2252 1
2253 1
2254 2
2255 1
2256 1
2257 2
2258 1
2259 1
2260 1
2261 1
2262 1
2263 4
2264 7
2265 1
2266 1
2267 2
2268 1
2269 1
2270 2
2271 15
2272 1
2273 1
2274 1
2275 2
2276 1
2277 1
2278 2
2279 1
2280 1
2281 1
2282 1
2283 1
2284 1
2285 1
2286 1
2287 1
2288 6
2289 1
2290 2
2291 1
2292 1
2293 1
2294 3
2295 3
2296 2
2297 4
2298 2
2299 1
2300 1
2301 1
2302 1
2303 1
2304 1
2305 1
2306 1
2307 1
2308 2
2309 1
2310 1
2311 1
2312 1
2313 2
2314 1
2315 1
2316 4
2317 1
2318 1
2319 1
2320 2
2321 2
2322 2
2323 1
2324 1
2325 1
2326 1
2327 6
2328 1
2329 1
2330 1
2331 1
2332 2
2333 5
2334 1
2335 1
2336 1
2337 1
2338 2
2339 1
2340 14
2341 1
2342 2
2343 1
2344 1
2345 2
2346 1
2347 1
2348 1
2349 1
2350 1
2351 1
2352 1
2353 1
2354 4
2355 1
2356 1
2357 2
2358 1
2359 3
2360 4
2361 1
2362 1
2363 2
2364 1
2365 1
2366 19
2367 1
2368 1
2369 2
2370 3
2371 1
2372 2
2373 1
2374 1
2375 1
2376 2
2377 1
2378 186
2379 1
2380 1
2381 1
2382 4
2383 7
2384 1
2385 1
2386 1
2387 1
2388 26
2389 2
2390 1
2391 1
2392 1
2393 4
2394 9
2395 3
2396 1
2397 1
2398 1
2399 2
2400 4
2401 1
2402 2
2403 1
2404 1
2405 1
2406 1
2407 1
2408 1
2409 4
2410 1
2411 1
2412 1
2413 1
2414 1
2415 78
2416 2
2417 4
2418 1
2419 7
2420 1
2421 1
2422 1
2423 4
2424 1
2425 1
2426 1
2427 4
2428 1
2429 1
2430 4
2431 1
2432 1
2433 1
2434 1
2435 3
2436 1
2437 1
2438 1
2439 2
2440 5
2441 1
2442 1
2443 1
2444 2
2445 1
2446 2
2447 1
2448 1
2449 2
2450 1
2451 2
2452 1
2453 1
2454 1
2455 2
2456 1
2457 1
2458 1
2459 2
2460 1
2461 14
2462 1
2463 1
2464 1
2465 1
2466 1
2467 1
2468 2
2469 1
2470 7
2471 1
2472 16
2473 1
2474 1
2475 1
2476 6
2477 6
2478 1
2479 3
2480 1
2481 1
2482 2
2483 1
2484 1
2485 2
2486 3
2487 10
2488 1
2489 1
2490 2
2491 1
2492 1
2493 1
2494 2
2495 1
2496 1
2497 1
2498 1
2499 1
2500 1
2501 1
2502 1
2503 6
2504 5
2505 2
2506 1
2507 1
2508 1
2509 1
2510 1
2511 1
2512 1
2513 8
2514 1
2515 2
2516 1
2517 1
2518 1
2519 1
2520 2
2521 1
2522 1
2523 1
2524 1
2525 1
2526 1
2527 2
2528 1
2529 1
2530 9
2531 1
2532 1
2533 1
2534 2
2535 12
2536 1
2537 1
2538 1
2539 1
2540 1
2541 1
2542 1
2543 4
2544 1
2545 1
2546 1
2547 44
2548 2
2549 1
2550 1
2551 1
2552 1
2553 4
2554 2
2555 1
2556 1
2557 1
2558 1
2559 1
2560 1
2561 1
2562 4
2563 3
2564 2
2565 1
2566 1
2567 1
2568 8
2569 1
2570 1
2571 1
2572 3
2573 1
2574 2
2575 1
2576 1
2577 1
2578 1
2579 1
2580 1
2581 6
2582 12
2583 1
2584 1
2585 1
2586 2
2587 1
2588 1
2589 1
2590 1
2591 3
2592 5
2593 1
2594 1
2595 2
2596 1
2597 1
2598 1
2599 2
2600 1
2601 1
2602 1
2603 1
2604 2
2605 2
2606 1
2607 1
2608 1
2609 1
2610 1
2611 1
2612 33
2613 2
2614 6
2615 1
2616 1
2617 1
2618 1
2619 1
2620 2
2621 1
2622 1
2623 1
2624 1
2625 1
2626 1
2627 1
2628 1
2629 1
2630 1
2631 1
2632 4
2633 1
2634 1
2635 1
2636 1
2637 1
2638 1
2639 1
2640 8
2641 1
2642 1
2643 1
2644 9
2645 1
2646 1
2647 1
2648 1
2649 1
2650 1
2651 1
2652 1
2653 1
2654 1
2655 1
2656 2
2657 1
2658 1
2659 1
2660 10
2661 1
2662 1
2663 4
2664 1
2665 3
2666 4
2667 3
2668 1
2669 5
2670 5
2671 1
2672 1
2673 1
2674 3
2675 1
2676 1
2677 1
2678 1
2679 1
2680 2
2681 5
2682 3
2683 1
2684 1
2685 1
2686 7
2687 2
2688 1
2689 1
2690 1
2691 1
2692 3
2693 1
2694 1
2695 1
2696 2
2697 21
2698 1
2699 1
2700 2
2701 1
2702 1
2703 1
2704 5
2705 3
2706 1
2707 2
2708 1
2709 1
2710 1
2711 1
2712 1
2713 5
2714 1
2715 2
2716 1
2717 1
2718 2
2719 8
2720 1
2721 3
2722 2
2723 3
2724 2
2725 11
2726 3
2727 1
2728 2
2729 6
2730 1
2731 3
2732 2
2733 1
2734 1
2735 1
2736 1
2737 1
2738 3
2739 1
2740 1
2741 3
2742 2
2743 13
2744 2
2745 2
2746 1
2747 17
2748 1
2749 1
2750 1
2751 1
2752 1
2753 53
2754 5
2755 2
2756 1
2757 1
2758 1
2759 1
2760 1
2761 1
2762 1
2763 1
2764 1
2765 1
2766 2
2767 1
2768 41
2769 30
2770 8
2771 2
2772 1
2773 3
2774 1
2775 1
2776 1
2777 3
2778 2
2779 1
2780 2
2781 3
2782 1
2783 2
2784 1
2785 1
2786 1
2787 2
2788 1
2789 1
2790 24
2791 2
2792 1
2793 3
2794 1
2795 1
2796 2
2797 1
2798 1
2799 3
2800 1
2801 2
2802 3
2803 1
2804 1
2805 1
2806 1
2807 1
2808 2
2809 2
2810 1
2811 1
2812 1
2813 1
2814 1
2815 1
2816 1
2817 1
2818 1
2819 9
2820 1
2821 1
2822 1
2823 1
2824 1
2825 1
2826 1
2827 5
2828 7
2829 2
2830 1
2831 3
2832 1
2833 2
2834 17
2835 1
2836 2
2837 233
2838 1
2839 2
2840 1
2841 2
2842 1
2843 1
2844 1
2845 1
2846 1
2847 2
2848 1
2849 1
2850 1
2851 2
2852 1
2853 1
2854 1
2855 1
2856 1
2857 1
2858 1
2859 4
2860 1
2861 1
2862 2
2863 2
2864 1
2865 1
2866 2
2867 4
2868 1
2869 1
2870 2
2871 1
2872 1
2873 1
2874 1
2875 1
2876 1
2877 2
2878 1
2879 1
2880 1
2881 1
2882 1
2883 2
2884 2
2885 1
2886 2
2887 8
2888 5
2889 1
2890 2
2891 1
2892 1
2893 1
2894 2
2895 1
2896 5
2897 1
2898 2
2899 9
2900 4
2901 1
2902 1
2903 1
2904 1
2905 1
2906 1
2907 1
2908 1
2909 1
2910 1
2911 1
2912 2
2913 6
2914 1
2915 1
2916 2
2917 2
2918 5
2919 3
2920 3
2921 7
2922 2
2923 1
2924 1
2925 1
2926 31
2927 1
2928 6
2929 1
2930 1
2931 1
2932 2
2933 1
2934 1
2935 5
2936 1
2937 2
2938 1
2939 3
2940 1
2941 5
2942 2
2943 1
2944 1
2945 1
2946 1
2947 1
2948 1
2949 5
2950 1
2951 4
2952 1
2953 3
2954 2
2955 1
2956 2
2957 1
2958 1
2959 1
2960 1
2961 1
2962 1
2963 6
2964 1
2965 1
2966 1
2967 1
2968 1
2969 1
2970 1
2971 1
2972 1
2973 1
2974 1
2975 1
2976 8
2977 1
2978 1
2979 1
2980 1
2981 4
2982 2
2983 1
2984 2
2985 1
2986 1
2987 1
2988 1
2989 1
2990 1
2991 3
2992 1
2993 5
2994 2
2995 1
2996 1
2997 4
2998 1
2999 1
3000 3
3001 2
3002 2
3003 3
3004 1
3005 1
3006 1
3007 1
3008 1
3009 9
3010 1
3011 1
3012 1
3013 1
3014 1
3015 1
3016 7
3017 1
3018 4
3019 2
3020 1
3021 2
3022 2
3023 2
3024 1
3025 1
3026 1
3027 3
3028 2
3029 1
3030 1
3031 1
3032 1
3033 1
3034 1
3035 2
3036 3
3037 1
3038 1
3039 1
3040 4
3041 15
3042 1
3043 1
3044 2
3045 1
3046 1
3047 1
3048 1
3049 1
3050 1
3051 7
3052 1
3053 1
3054 1
3055 1
3056 1
3057 1
3058 2
3059 1
3060 4
3061 1
3062 1
3063 23
3064 1
3065 2
3066 13
3067 1
3068 1
3069 1
3070 1
3071 2
3072 1
3073 5
3074 1
3075 2
3076 1
3077 1
3078 1
3079 3
3080 1
3081 1
3082 1
3083 3
3084 1
3085 10
3086 1
3087 1
3088 2
3089 1
3090 1
3091 1
3092 1
3093 2
3094 2
3095 1
3096 1
3097 1
3098 6
3099 1
3100 1
3101 1
3102 1
3103 24
3104 1
3105 1
3106 1
3107 1
3108 1
3109 1
3110 1
3111 1
3112 1
3113 1
3114 1
3115 1
3116 1
3117 1
3118 2
3119 1
3120 1
3121 1
3122 1
3123 2
3124 1
3125 1
3126 2
3127 1
3128 1
3129 1
3130 1
3131 1
3132 1
3133 1
3134 1
3135 2
3136 3
3137 1
3138 3
3139 1
3140 1
3141 1
3142 1
3143 1
3144 1
3145 5
3146 1
3147 3
3148 9
3149 1
3150 1
3151 2
3152 1
3153 2
3154 1
3155 1
3156 1
3157 1
3158 1
3159 1
3160 1
3161 1
3162 4
