0 1287
1 1
2 25
3 1
4 1
5 1
6 1
7 2
8 1
9 1
10 1
11 54
12 1
13 1
14 1
15 1
16 1
17 1
18 1
19 3
20 1
21 1
22 10
23 1
24 1
25 1
26 1
27 1
28 1
29 1
30 1
31 1
32 1
33 2
34 1
35 1
36 1
37 1
38 1
39 1
40 2
41 2
42 2
43 1
44 1
45 1
46 2
47 2
48 1
49 3
50 2
51 2
52 7
53 4
54 6
55 1
56 1
57 1
58 6
59 1
60 1
61 1
62 1
63 1
64 1
65 2
66 1
67 1
68 1
69 1
70 2
71 1
72 1
73 1
74 1
75 1
76 1
77 4
78 1
79 1
80 1
81 1
82 1
83 3
84 5
85 1
86 1
87 1
88 1
89 1
90 2
91 5
92 1
93 1
94 36
95 1
96 2
97 2
98 4
99 1
100 1
101 1
102 1
103 1
104 3
105 1
106 1
107 2
108 1
109 1
110 1
111 2
112 2
113 1
114 12
115 13
116 1
117 1
118 1
119 6
120 4
121 1
122 1
123 1
124 1
125 1
126 1
127 9
128 1
129 1
130 2
131 1
132 1
133 1
134 1
135 1
136 2
137 1
138 4
139 1
140 1
141 18
142 8
143 1
144 2
145 1
146 1
147 3
148 1
149 1
150 1
151 1
152 1
153 1
154 1
155 1
156 2
157 1
158 2
159 1
160 1
161 1
162 1
163 1
164 2
165 1
166 1
167 1
168 2
169 2
170 5
171 11
172 2
173 1
174 1
175 1
176 1
177 1
178 1
179 2
180 10
181 2
182 2
183 1
184 1
185 1
186 1
187 2
188 1
189 2
190 3
191 1
192 6
193 3
194 1
195 6
196 1
197 2
198 1
199 1
200 1
201 1
202 1
203 1
204 1
205 5
206 1
207 1
208 1
209 2
210 2
211 1
212 5
213 1
214 1
215 1
216 1
217 2
218 1
219 38
220 5
221 1
222 1
223 2
224 2
225 2
226 1
227 1
228 1
229 4
230 2
231 1
232 2
233 2
234 2
235 1
236 1
237 1
238 1
239 2
240 8
241 1
242 1
243 1
244 6
245 1
246 1
247 1
248 2
249 1
250 1
251 1
252 3
253 1
254 1
255 1
256 44
257 6
258 1
259 7
260 1
261 1
262 1
263 1
264 4
265 8
266 1
267 2
268 1
269 1
270 12
271 1
272 1
273 2
274 2
275 1
276 1
277 1
278 1
279 3
280 5
281 1
282 3
283 16
284 1
285 1
286 1
287 1
288 1
289 4
290 1
291 1
292 4
293 6
294 1
295 1
296 4
297 1
298 1
299 1
300 1
301 9
302 2
303 1
304 4
305 1
306 1
307 2
308 1
309 1
310 1
311 2
312 2
313 1
314 1
315 1
316 1
317 12
318 1
319 2
320 1
321 1
322 1
323 2
324 1
325 4
326 1
327 1
328 1
329 3
330 2
331 1
332 1
333 1
334 2
335 10
336 5
337 1
338 2
339 1
340 1
341 2
342 1
343 3
344 1
345 2
346 3
347 8
348 5
349 1
350 2
351 1
352 1
353 1
354 1
355 1
356 1
357 1
358 1
359 2
360 1
361 1
362 1
363 1
364 1
365 1
366 1
367 1
368 1
369 1
370 1
371 1
372 1
373 2
374 1
375 1
376 1
377 1
378 3
379 1
380 1
381 2
382 1
383 1
384 1
385 1
386 2
387 1
388 2
389 1
390 4
391 2
392 1
393 1
394 24
395 1
396 1
397 6
398 1
399 1
400 1
401 2
402 1
403 12
404 1
405 2
406 1
407 1
408 2
409 1
410 1
411 1
412 1
413 1
414 2
415 1
416 1
417 1
418 1
419 1
420 1
421 1
422 1
423 1
424 2
425 1
426 1
427 2
428 1
429 1
430 1
431 1
432 2
433 1
434 1
435 1
436 3
437 1
438 1
439 1
440 2
441 2
442 1
443 3
444 2
445 1
446 1
447 1
448 1
449 3
450 1
451 2
452 1
453 2
454 3
455 1
456 1
457 1
458 1
459 1
460 1
461 1
462 2
463 1
464 3
465 1
466 5
467 1
468 1
469 1
470 2
471 2
472 1
473 4
474 7
475 2
476 1
477 1
478 1
479 1
480 3
481 1
482 1
483 1
484 1
485 4
486 1
487 1
488 6
489 1
490 6
491 8
492 1
493 2
494 1
495 1
496 1
497 1
498 2
499 2
500 1
501 1
502 1
503 18
504 49
505 1
506 1
507 1
508 1
509 1
510 5
511 1
512 1
513 1
514 1
515 1
516 2
517 1
518 1
519 1
520 1
521 3
522 1
523 1
524 5
525 2
526 1
527 3
528 1
529 1
530 1
531 1
532 1
533 1
534 2
535 1
536 1
537 2
538 1
539 3
540 1
541 9
542 11
543 7
544 1
545 1
546 1
547 1
548 11
549 6
550 1
551 2
552 1
553 5
554 2
555 1
556 2
557 1
558 1
559 1
560 3
561 1
562 1
563 1
564 2
565 2
566 1
567 1
568 2
569 1
570 2
571 2
572 2
573 19
574 1
575 1
576 1
577 1
578 1
579 19
580 2
581 1
582 1
583 3
584 1
585 1
586 1
587 1
588 1
589 1
590 1
591 1
592 1
593 1
594 1
595 1
596 1
597 1
598 1
599 1
600 1
601 1
602 1
603 1
604 1
605 1
606 274
607 1
608 1
609 11
610 1
611 3
612 1
613 1
614 1
615 1
616 1
617 1
618 1
619 1
620 13
621 1
622 2
623 2
624 1
625 2
626 1
627 1
628 2
629 3
630 1
631 1
632 1
633 1
634 1
635 1
636 1
637 1
638 1
639 1
640 1
641 2
642 1
643 1
644 1
645 5
646 1
647 1
648 9
649 1
650 1
651 1
652 1
653 1
654 2
655 1
656 2
657 1
658 1
659 2
660 3
661 3
662 108
663 1
664 1
665 1
666 2
667 1
668 1
669 1
670 1
671 2
672 6
673 1
674 1
675 1
676 1
677 1
678 7
679 1
680 1
681 1
682 1
683 2
684 1
685 1
686 1
687 4
688 3
689 1
690 3
691 1
692 1
693 1
694 1
695 1
696 1
697 4
698 4
699 1
700 8
701 2
702 3
703 3
704 1
705 1
706 1
707 8
708 1
709 1
710 2
711 1
712 1
713 1
714 1
715 1
716 1
717 1
718 3
719 1
720 1
721 1
722 1
723 1
724 4
725 1
726 1
727 5
728 1
729 1
730 3
731 2
732 5
733 1
734 1
735 1
736 1
737 7
738 2
739 1
740 1
741 1
742 1
743 3
744 1
745 1
746 3
747 2
748 2
749 1
750 1
751 9
752 1
753 1
754 1
755 1
756 2
757 1
758 1
759 1
760 7
761 1
762 3
763 1
764 1
765 1
766 1
767 3
768 1
769 1
770 1
771 2
772 1
773 1
774 1
775 1
776 1
777 10
778 1
779 1
780 1
781 2
782 2
783 1
784 1
785 1
786 1
787 1
788 1
789 1
790 1
791 5
792 6
793 1
794 1
795 1
796 1
797 2
798 4
799 1
800 3
801 1
802 1
803 1
804 1
805 1
806 1
807 3
808 1
809 1
810 2
811 1
812 1
813 1
814 1
815 2
816 1
817 1
818 1
819 1
820 2
821 1
822 1
823 11
824 1
825 2
826 2
827 29
828 1
829 7
830 1
831 1
832 1
833 4
834 1
835 1
836 1
837 1
838 2
839 1
840 1
841 1
842 1
843 2
844 3
845 2
846 1
847 3
848 1
849 2
850 1
851 2
852 1
853 1
854 3
855 1
856 1
857 1
858 4
859 1
860 1
861 2
862 2
863 2
864 1
865 1
866 1
867 1
868 1
869 1
870 2
871 8
872 11
873 4
874 1
875 2
876 1
877 1
878 9
879 1
880 1
881 1
882 1
883 5
884 4
885 4
886 1
887 1
888 1
889 1
890 1
891 2
892 1
893 1
894 2
895 1
896 1
897 4
898 1
899 1
900 6
901 1
902 3
903 1
904 1
905 1
906 1
907 1
908 1
909 1
910 1
911 1
912 3
913 1
914 21
915 1
916 1
917 1
918 4
919 1
920 4
921 1
922 1
923 1
924 1
925 1
926 1
927 11
928 1
929 9
930 2
931 1
932 1
933 1
934 1
935 1
936 2
937 1
938 2
939 3
940 1
941 1
942 3
943 2
944 1
945 1
946 1
947 3
948 1
949 1
950 32
951 1
952 5
953 1
954 2
955 1
956 2
957 1
958 1
959 1
960 1
961 1
962 1
963 2
964 1
965 1
966 1
967 1
968 1
969 1
970 2
971 1
972 1
973 1
974 1
975 1
976 53
977 1
978 1
979 1
980 1
981 1
982 3
983 1
984 1
985 2
986 1
987 1
988 2
989 1
990 1
991 1
992 1
993 1
994 1
995 1
996 1
997 1
998 2
999 2
1000 1
1001 1
1002 1
1003 1
1004 1
1005 1
1006 1
1007 1
1008 1
1009 8
1010 3
1011 22
1012 11
1013 4
1014 1
1015 6
1016 2
1017 8
1018 2
1019 1
1020 1
1021 2
1022 2
1023 1
1024 1
1025 1
1026 3
1027 1
1028 1
1029 1
1030 1
1031 1
1032 2
1033 1
1034 1
1035 2
1036 7
1037 2
1038 1
1039 1
1040 4
1041 1
1042 1
1043 2
1044 1
1045 1
1046 1
1047 1
1048 1
1049 1
1050 2
1051 1
1052 1
1053 1
1054 1
1055 1
1056 2
1057 1
1058 1
1059 3
1060 1
1061 1
1062 1
1063 1
1064 2
1065 1
1066 1
1067 3
1068 3
1069 2
1070 1
1071 1
1072 1
1073 37
1074 1
1075 1
1076 2
1077 1
1078 1
1079 3
1080 1
1081 1
1082 8
1083 1
1084 1
1085 1
1086 1
1087 1
1088 1
1089 2
1090 1
1091 1
1092 1
1093 1
1094 1
1095 1
1096 1
1097 1
1098 1
1099 1
1100 1
1101 1
1102 2
1103 2
1104 1
1105 1
1106 1
1107 1
1108 1
1109 1
1110 4
1111 3
1112 1
1113 1
1114 1
1115 1
1116 46
1117 1
1118 1
1119 1
1120 1
1121 3
1122 1
1123 1
1124 1
1125 3
1126 1
1127 1
1128 1
1129 1
1130 1
1131 1
1132 1
1133 1
1134 1
1135 1
1136 5
1137 1
1138 1
1139 5
1140 3
1141 3
1142 2
1143 1
1144 1
1145 4
1146 1
1147 1
1148 2
1149 1
1150 1
1151 1
1152 1
1153 1
1154 1
1155 1
1156 2
1157 1
1158 1
1159 1
1160 1
1161 2
1162 1
1163 1
1164 1
1165 1
1166 1
1167 2
1168 1
1169 1
1170 2
1171 1
1172 1
1173 2
1174 1
1175 2
1176 2
1177 1
1178 1
1179 1
1180 2
1181 1
1182 1
1183 2
1184 1
1185 1
1186 2
1187 6
1188 1
1189 1
1190 1
1191 1
1192 1
1193 1
1194 1
1195 1
1196 1
1197 2
1198 2
1199 1
1200 1
1201 1
1202 2
1203 1
1204 1
1205 1
1206 1
1207 1
1208 1
1209 1
1210 1
1211 2
1212 1
1213 3
1214 6
1215 2
1216 1
1217 1
1218 2
1219 3
1220 2
1221 1
1222 1
1223 2
1224 1
1225 1
1226 1
1227 1
1228 1
1229 1
1230 1
1231 2
1232 31
1233 1
1234 1
1235 1
1236 2
1237 2
1238 1
1239 5
1240 1
1241 1
1242 1
1243 2
1244 1
1245 1
1246 1
1247 1
1248 1
1249 1
1250 1
1251 1
1252 1
1253 1
1254 1
1255 1
1256 1
1257 1
1258 2
1259 1
1260 1
1261 1
1262 1
1263 1
1264 2
1265 2
1266 1
1267 1
1268 2
1269 1
1270 1
1271 1
1272 1
1273 1
1274 1
1275 1
1276 5
1277 1
1278 2
1279 1
1280 1
1281 1
1282 277
1283 2
1284 1
1285 1
1286 5
1287 1
1288 1
1289 1
1290 1
1291 1
1292 1
1293 1
1294 2
1295 1
1296 1
1297 1
1298 3
1299 1
1300 7
1301 5
1302 1
1303 1
1304 1
1305 2
1306 2
1307 1
1308 1
1309 1
1310 1
1311 1
1312 3
1313 1
1314 1
1315 1
1316 1
1317 1
1318 1
1319 1
1320 2
1321 1
1322 1
1323 1
1324 33
1325 1
1326 4
1327 1
1328 2
1329 1
1330 2
1331 1
1332 1
1333 1
1334 1
1335 2
1336 3
1337 1
1338 1
1339 2
1340 3
1341 2
1342 1
1343 1
1344 1
1345 5
1346 2
1347 1
1348 1
1349 1
1350 1
1351 1
1352 1
1353 2
1354 4
1355 1
1356 1
1357 5
1358 1
1359 1
1360 1
1361 2
1362 6
1363 1
1364 3
1365 1
1366 5
1367 8
1368 2
1369 1
1370 1
1371 1
1372 3
1373 1
1374 2
1375 1
1376 1
1377 1
1378 3
1379 1
1380 5
1381 3
1382 3
1383 31
1384 1
1385 1
1386 3
1387 1
1388 1
1389 5
1390 2
1391 15
1392 1
1393 1
1394 3
1395 1
1396 1
1397 1
1398 1
1399 2
1400 3
1401 2
1402 1
1403 1
1404 1
1405 1
1406 1
1407 1
1408 3
1409 1
1410 1
1411 6
1412 11
1413 2
1414 1
1415 1
1416 1
1417 1
1418 9
1419 2
1420 1
1421 3
1422 12
1423 1
1424 10
1425 1
1426 1
1427 2
1428 1
1429 2
1430 1
1431 3
1432 1
1433 1
1434 1
1435 1
1436 1
1437 1
1438 2
1439 1
1440 2
1441 3
1442 1
1443 1
1444 1
1445 2
1446 7
1447 1
1448 1
1449 1
1450 1
1451 1
1452 1
1453 1
1454 1
1455 1
1456 3
1457 1
1458 1
1459 5
1460 12
1461 6
1462 2
1463 3
1464 1
1465 7
1466 1
1467 1
1468 1
1469 1
1470 10
1471 1
1472 1
1473 12
1474 1
1475 2
1476 1
1477 1
1478 2
1479 1
1480 1
1481 2
1482 3
1483 1
1484 2
1485 1
1486 4
1487 1
1488 1
1489 2
1490 1
1491 1
1492 2
1493 1
1494 1
1495 1
1496 1
1497 1
1498 1
1499 1
1500 1
1501 1
1502 1
1503 1
1504 5
1505 1
1506 11
1507 2
1508 2
1509 5
1510 1
1511 1
1512 1
1513 1
1514 1
1515 1
1516 1
1517 1
1518 1
1519 1
1520 7
1521 2
1522 1
1523 16
1524 5
1525 1
1526 1
1527 1
1528 1
1529 1
1530 1
1531 1
1532 1
1533 1
1534 2
1535 1
1536 1
1537 1
1538 1
1539 4
1540 1
1541 1
1542 1
1543 4
1544 1
1545 2
1546 1
1547 1
1548 1
1549 1
1550 1
1551 1
1552 2
1553 1
1554 16
1555 1
1556 1
1557 5
1558 1
1559 1
1560 1
1561 1
1562 1
1563 3
1564 1
1565 1
1566 1
1567 1
1568 1
1569 1
1570 1
1571 5
1572 7
1573 1
1574 1
1575 1
1576 1
1577 1
1578 21
1579 5
1580 1
1581 1
1582 2
1583 1
1584 1
1585 2
1586 1
1587 1
1588 5
1589 1
1590 18
1591 3
1592 1
1593 1
1594 1
1595 2
1596 2
1597 7
1598 1
1599 1
1600 1
1601 1
1602 1
1603 1
1604 1
1605 1
1606 1
1607 1
1608 1
1609 1
1610 1
1611 1
1612 1
1613 2
1614 6
1615 1
1616 1
1617 2
1618 1
1619 3
1620 1
1621 1
1622 1
1623 2
1624 2
1625 1
1626 2
1627 1
1628 1
1629 1
1630 7
1631 1
1632 1
1633 1
1634 1
1635 1
1636 1
1637 1
1638 1
1639 2
1640 1
1641 1
1642 1
1643 16
1644 2
1645 2
1646 31
1647 1
1648 1
1649 2
1650 1
1651 5
1652 4
1653 2
1654 3
1655 1
1656 2
1657 1
1658 1
1659 1
1660 1
1661 1
1662 1
1663 1
1664 1
1665 2
1666 1
1667 1
1668 1
1669 2
1670 2
1671 1
1672 6
1673 1
1674 1
1675 1
1676 1
1677 2
1678 2
1679 10
1680 1
1681 4
1682 2
1683 1
1684 1
1685 2
1686 2
1687 1
1688 14
1689 4
1690 1
1691 1
1692 1
1693 1
1694 1
1695 1
1696 1
1697 1
1698 1
1699 1
1700 1
1701 1
1702 7
1703 1
1704 1
1705 1
1706 1
1707 1
1708 1
1709 2
1710 6
1711 5
1712 1
1713 1
1714 1
1715 4
1716 3
1717 1
1718 1
1719 2
1720 3
1721 1
1722 6
1723 1
1724 1
1725 6
1726 1
1727 1
1728 1
1729 2
1730 3
1731 3
1732 1
1733 1
1734 1
1735 2
1736 1
1737 1
1738 1
1739 1
1740 5
1741 2
1742 1
1743 1
1744 1
1745 1
1746 1
1747 19
1748 1
1749 1
1750 1
1751 2
1752 1
1753 1
1754 1
1755 1
1756 1
1757 3
1758 1
1759 2
1760 3
1761 1
1762 1
1763 4
1764 1
1765 1
1766 1
1767 3
1768 1
1769 1
1770 1
1771 2
1772 4
1773 1
1774 1
1775 1
1776 1
1777 1
1778 1
1779 6
1780 5
1781 1
1782 1
1783 1
1784 5
1785 1
1786 8
1787 2
1788 1
1789 2
1790 3
1791 2
1792 1
1793 1
1794 2
1795 2
1796 15
1797 1
1798 3
1799 1
1800 1
1801 1
1802 1
1803 1
1804 1
1805 1
1806 1
1807 3
1808 4
1809 1
1810 1
1811 1
1812 1
1813 2
1814 1
1815 2
1816 1
1817 1
1818 1
1819 1
1820 1
1821 1
1822 1
1823 2
1824 1
1825 2
1826 1
1827 1
1828 1
1829 1
1830 5
1831 1
1832 1
1833 1
1834 11
1835 1
1836 1
1837 1
1838 1
1839 2
1840 6
1841 1
1842 1
1843 11
1844 4
1845 1
1846 4
1847 5
1848 1
1849 2
1850 1
1851 1
1852 2
1853 1
1854 2
1855 2
1856 1
1857 1
1858 2
1859 2
1860 2
1861 2
1862 1
1863 1
1864 1
1865 1
1866 2
1867 1
1868 1
1869 2
1870 1
1871 3
1872 17
1873 1
1874 3
1875 1
1876 1
1877 1
1878 1
1879 3
1880 2
1881 1
1882 1
1883 1
1884 1
1885 1
1886 1
1887 1
1888 2
1889 38
1890 1
1891 1
1892 1
1893 1
1894 1
1895 7
1896 1
1897 1
1898 1
1899 1
1900 1
1901 1
1902 1
1903 2
1904 2
1905 1
1906 1
1907 1
1908 1
1909 2
1910 1
1911 1
1912 4
1913 1
1914 1
1915 1
1916 10
1917 1
1918 1
1919 1
1920 1
1921 6
1922 1
1923 1
1924 1
1925 1
1926 1
1927 1
1928 1
1929 1
1930 2
1931 1
1932 4
1933 1
1934 1
1935 2
1936 1
1937 1
1938 1
1939 1
1940 2
1941 1
1942 2
1943 1
1944 1
1945 1
1946 1
1947 1
1948 1
1949 1
1950 1
1951 1
1952 4
1953 1
1954 16
1955 1
1956 1
1957 1
1958 1
1959 1
1960 2
1961 1
1962 2
1963 1
1964 1
1965 1
1966 3
1967 4
1968 1
1969 1
1970 1
1971 1
1972 5
1973 1
1974 25
1975 5
1976 1
1977 1
1978 1
1979 3
1980 8
1981 3
1982 1
1983 1
1984 3
1985 1
1986 3
1987 3
1988 3
1989 1
1990 10
1991 2
1992 31
1993 1
1994 1
1995 1
1996 1
1997 1
1998 1
1999 2
2000 4
2001 10
2002 1
2003 1
2004 1
2005 1
2006 1
2007 1
2008 2
2009 2
2010 1
2011 1
2012 1
2013 1
2014 3
2015 1
2016 1
2017 1
2018 1
2019 1
2020 1
2021 9
2022 1
2023 1
2024 1
2025 1
2026 5
2027 3
2028 1
2029 1
2030 2
2031 1
2032 1
2033 1
2034 1
2035 1
2036 2
2037 1
2038 2
2039 1
2040 1
2041 1
2042 1
2043 1
2044 1
2045 1
2046 1
2047 1
2048 2
2049 1
2050 3
2051 1
2052 1
2053 3
2054 2
2055 453
2056 2
2057 1
2058 1
2059 1
2060 1
2061 1
2062 2
2063 1
2064 2
2065 3
2066 1
2067 1
2068 3
2069 1
2070 3
2071 1
2072 2
2073 1
2074 1
2075 1
2076 1
2077 1
2078 1
2079 1
2080 1
2081 1
2082 2
2083 3
2084 6
2085 1
2086 1
2087 2
2088 1
2089 1
2090 2
2091 3
2092 1
2093 1
2094 1
2095 1
2096 2
2097 1
2098 2
2099 1
2100 1
2101 1
2102 1
2103 1
2104 1
2105 2
2106 1
2107 5
2108 1
2109 2
2110 1
2111 1
2112 5
2113 1
2114 4
2115 9
2116 5
2117 1
2118 1
2119 2
2120 1
2121 2
2122 1
2123 13
2124 1
2125 1
2126 2
2127 3
2128 1
2129 1
2130 1
2131 9
2132 1
2133 1
2134 1
2135 1
2136 1
2137 1
2138 1
2139 2
2140 1
2141 1
2142 1
2143 1
2144 1
2145 1
2146 1
2147 1
2148 1
2149 1
2150 3
2151 1
2152 1
2153 1
2154 1
2155 1
2156 1
2157 1
2158 2
2159 1
2160 1
2161 2
2162 1
2163 1
2164 1
2165 22
2166 1
2167 1
2168 1
2169 16
2170 2
2171 1
2172 1
2173 1
2174 2
2175 1
2176 2
2177 1
2178 1
2179 1
2180 2
2181 3
2182 1
2183 1
2184 4
2185 1
2186 1
2187 1
2188 1
2189 1
2190 1
2191 1
2192 1
2193 2
2194 2
2195 1
2196 1
2197 1
2198 1
2199 1
2200 3
2201 1
2202 1
2203 1
2204 1
2205 1
2206 1
2207 1
2208 1
2209 7
2210 2
2211 2
2212 1
2213 2
2214 2
2215 1
2216 2
2217 1
2218 1
2219 1
2220 1
2221 8
2222 1
2223 7
2224 12
2225 2
2226 1
2227 1
2228 1
2229 1
2230 1
2231 2
2232 1
2233 1
2234 1
2235 6
2236 1
2237 1
2238 2
2239 1
2240 1
2241 4
2242 8
2243 1
2244 2
2245 1
2246 2
2247 1
2248 1
2249 1
2250 1
2251 4
2252 6
2253 1
2254 1
2255 1
2256 1
2257 1
2258 1
2259 1
2260 1
2261 1
2262 1
2263 1
2264 2
2265 3
2266 1
2267 1
2268 2
2269 1
2270 1
2271 1
2272 1
2273 1
2274 1
2275 2
2276 1
2277 1
2278 1
2279 1
2280 1
2281 3
2282 1
2283 5
2284 1
2285 1
2286 4
2287 1
2288 1
2289 3
2290 1
2291 1
2292 2
2293 3
2294 1
2295 1
2296 1
2297 1
2298 1
2299 17
2300 1
2301 1
2302 1
2303 2
2304 2
2305 1
2306 1
2307 2
2308 1
2309 1
2310 1
2311 2
2312 1
2313 1
2314 1
2315 1
2316 1
2317 1
2318 1
2319 1
2320 5
2321 1
2322 1
2323 1
2324 2
2325 1
2326 1
2327 1
2328 1
2329 1
2330 1
2331 1
2332 2
2333 1
2334 1
2335 45
2336 2
2337 1
2338 1
2339 1
2340 1
2341 4
2342 3
2343 1
2344 1
2345 1
2346 200
2347 1
2348 1
2349 1
2350 6
2351 1
2352 1
2353 1
2354 20
2355 1
2356 2
2357 1
2358 1
2359 3
2360 2
2361 3
2362 4
2363 1
2364 1
2365 4
2366 1
2367 1
2368 1
2369 2
2370 1
2371 1
2372 1
2373 1
2374 67
2375 3
2376 2
2377 5
2378 1
2379 2
2380 1
2381 1
2382 1
2383 1
2384 1
2385 3
2386 1
2387 2
2388 2
2389 1
2390 1
2391 1
2392 1
2393 1
2394 1
2395 1
2396 1
2397 1
2398 1
2399 2
2400 1
2401 12
2402 1
2403 1
2404 1
2405 2
2406 1
2407 1
2408 1
2409 11
2410 1
2411 1
2412 2
2413 1
2414 1
2415 1
2416 1
2417 1
2418 3
2419 1
2420 24
2421 1
2422 2
2423 1
2424 1
2425 5
2426 1
2427 2
2428 1
2429 1
2430 9
2431 1
2432 1
2433 1
2434 2
2435 1
2436 1
2437 4
2438 4
2439 3
2440 1
2441 1
2442 1
2443 1
2444 1
2445 1
2446 1
2447 1
2448 1
2449 1
2450 1
2451 1
2452 1
2453 1
2454 1
2455 1
2456 1
2457 1
2458 1
2459 1
2460 1
2461 3
2462 2
2463 1
2464 1
2465 19
2466 1
2467 1
2468 1
2469 1
2470 1
2471 2
2472 1
2473 1
2474 1
2475 2
2476 10
2477 1
2478 1
2479 1
2480 1
2481 1
2482 1
2483 21
2484 1
2485 1
2486 1
2487 1
2488 1
2489 1
2490 1
2491 1
2492 1
2493 5
2494 1
2495 1
2496 53
2497 1
2498 1
2499 1
2500 1
2501 1
2502 1
2503 1
2504 1
2505 2
2506 1
2507 1
2508 2
2509 1
2510 1
2511 3
2512 1
2513 1
2514 7
2515 1
2516 1
2517 1
2518 3
2519 1
2520 1
2521 1
2522 1
2523 1
2524 1
2525 5
2526 1
2527 1
2528 1
2529 1
2530 1
2531 2
2532 2
2533 2
2534 3
2535 1
2536 5
2537 2
2538 1
2539 1
2540 1
2541 1
2542 1
2543 1
2544 1
2545 1
2546 1
2547 2
2548 1
2549 1
2550 1
2551 1
2552 3
2553 2
2554 2
2555 1
2556 1
2557 1
2558 1
2559 21
2560 4
2561 2
2562 1
2563 1
2564 1
2565 2
2566 1
2567 1
2568 1
2569 1
2570 1
2571 1
2572 3
2573 1
2574 4
2575 1
2576 1
2577 1
2578 1
2579 1
2580 3
2581 1
2582 2
2583 1
2584 1
2585 8
2586 2
2587 4
2588 1
2589 1
2590 4
2591 1
2592 1
2593 1
2594 1
2595 1
2596 1
2597 1
2598 2
2599 5
2600 1
2601 1
2602 8
2603 1
2604 2
2605 1
2606 1
2607 1
2608 3
2609 2
2610 1
2611 1
2612 6
2613 3
2614 1
2615 1
2616 1
2617 5
2618 1
2619 1
2620 8
2621 1
2622 1
2623 4
2624 1
2625 3
2626 1
2627 1
2628 1
2629 3
2630 5
2631 1
2632 1
2633 1
2634 1
2635 2
2636 7
2637 3
2638 1
2639 2
2640 1
2641 3
2642 1
2643 1
2644 1
2645 1
2646 3
2647 1
2648 1
2649 1
2650 1
2651 26
2652 3
2653 1
2654 1
2655 1
2656 1
2657 1
2658 1
2659 2
2660 4
2661 1
2662 1
2663 1
2664 1
2665 1
2666 1
2667 1
2668 5
2669 3
2670 1
2671 1
2672 1
2673 1
2674 1
2675 1
2676 1
2677 1
2678 2
2679 2
2680 13
2681 1
2682 1
2683 1
2684 3
2685 1
2686 15
2687 1
2688 1
2689 8
2690 2
2691 1
2692 1
2693 1
2694 1
2695 2
2696 5
2697 3
2698 1
2699 1
2700 5
2701 1
2702 1
2703 11
2704 1
2705 1
2706 3
2707 66
2708 1
2709 1
2710 1
2711 53
2712 1
2713 1
2714 1
2715 1
2716 1
2717 1
2718 1
2719 1
2720 1
2721 1
2722 2
2723 1
2724 53
2725 21
2726 1
2727 1
2728 1
2729 1
2730 2
2731 4
2732 1
2733 1
2734 10
2735 1
2736 5
2737 1
2738 1
2739 1
2740 2
2741 1
2742 1
2743 1
2744 2
2745 2
2746 1
2747 1
2748 1
2749 1
2750 1
2751 1
2752 18
2753 1
2754 2
2755 1
2756 1
2757 2
2758 3
2759 1
2760 2
2761 1
2762 1
2763 1
2764 1
2765 1
2766 1
2767 1
2768 2
2769 1
2770 1
2771 1
2772 1
2773 1
2774 7
2775 1
2776 1
2777 1
2778 5
2779 1
2780 1
2781 3
2782 1
2783 1
2784 1
2785 3
2786 2
2787 13
2788 2
2789 1
2790 3
2791 1
2792 1
2793 2
2794 1
2795 5
2796 3
2797 1
2798 2
2799 1
2800 2
2801 1
2802 1
2803 1
2804 7
2805 1
2806 1
2807 2
2808 261
2809 1
2810 2
2811 1
2812 1
2813 1
2814 1
2815 2
2816 2
2817 2
2818 1
2819 1
2820 1
2821 1
2822 1
2823 1
2824 1
2825 1
2826 1
2827 3
2828 1
2829 2
2830 2
2831 2
2832 1
2833 1
2834 3
2835 1
2836 1
2837 1
2838 1
2839 1
2840 1
2841 1
2842 2
2843 1
2844 1
2845 2
2846 1
2847 1
2848 1
2849 3
2850 1
2851 1
2852 1
2853 1
2854 2
2855 1
2856 7
2857 1
2858 10
2859 5
2860 1
2861 1
2862 4
2863 1
2864 2
2865 1
2866 2
2867 1
2868 1
2869 3
2870 2
2871 2
2872 1
2873 1
2874 1
2875 2
2876 1
2877 1
2878 1
2879 3
2880 1
2881 1
2882 1
2883 1
2884 1
2885 1
2886 1
2887 1
2888 1
2889 4
2890 1
2891 1
2892 1
2893 6
2894 1
2895 4
2896 1
2897 21
2898 2
2899 5
2900 2
2901 1
2902 2
2903 1
2904 2
2905 1
2906 1
2907 1
2908 1
2909 2
2910 1
2911 1
2912 1
2913 1
2914 1
2915 2
2916 1
2917 2
2918 2
2919 2
2920 1
2921 1
2922 1
2923 7
2924 3
2925 2
2926 2
2927 1
2928 1
2929 1
2930 1
2931 1
2932 1
2933 3
2934 1
2935 1
2936 2
2937 1
2938 1
2939 12
2940 6
2941 1
2942 1
2943 6
2944 3
2945 1
2946 1
2947 1
2948 3
2949 1
2950 1
2951 1
2952 1
2953 7
2954 1
2955 2
2956 1
2957 2
2958 1
2959 1
2960 2
2961 2
2962 3
2963 1
2964 2
2965 1
2966 1
2967 1
2968 1
2969 1
2970 9
2971 2
2972 1
2973 1
2974 1
2975 3
2976 1
2977 1
2978 1
2979 1
2980 10
2981 1
2982 1
2983 1
2984 2
2985 4
2986 1
2987 2
2988 8
2989 1
2990 1
2991 3
2992 1
2993 1
2994 1
2995 2
2996 1
2997 3
2998 1
2999 1
3000 1
3001 1
3002 1
3003 10
3004 5
3005 1
3006 2
3007 1
3008 2
3009 1
3010 1
3011 1
3012 5
3013 3
3014 3
3015 1
3016 2
3017 4
3018 2
3019 1
3020 33
3021 1
3022 2
3023 14
3024 1
3025 1
3026 1
3027 1
3028 1
3029 1
3030 1
3031 1
3032 1
3033 1
3034 13
3035 1
3036 2
3037 3
3038 1
3039 1
3040 2
3041 3
3042 1
3043 1
3044 9
3045 1
3046 1
3047 3
3048 1
3049 1
3050 1
3051 2
3052 1
3053 33
3054 1
3055 1
3056 2
3057 1
3058 1
3059 1
3060 1
3061 1
3062 1
3063 1
3064 1
3065 3
3066 8
3067 1
3068 1
3069 1
3070 1
3071 1
3072 5
3073 1
3074 2
3075 1
3076 1
3077 1
3078 1
3079 1
3080 1
3081 2
3082 1
3083 2
3084 1
3085 2
3086 2
3087 1
3088 1
3089 1
3090 1
3091 1
3092 2
3093 1
3094 2
3095 6
3096 3
3097 1
3098 1
3099 1
3100 3
3101 2
3102 1
3103 2
3104 6
3105 11
3106 3
3107 1
3108 1
3109 3
3110 3
3111 1
3112 1
3113 1
3114 1
3115 1
