0 1298
1 1
2 1
3 29
4 2
5 2
6 1
7 1
8 1
9 1
10 1
11 1
12 1
13 1
14 1
15 3
16 1
17 1
18 1
19 1
20 1
21 7
22 1
23 2
24 1
25 1
26 1
27 2
28 1
29 1
30 1
31 1
32 1
33 1
34 1
35 1
36 1
37 3
38 1
39 1
40 1
41 2
42 1
43 1
44 2
45 2
46 1
47 2
48 1
49 10
50 1
51 1
52 2
53 1
54 1
55 1
56 3
57 1
58 1
59 1
60 1
61 1
62 1
63 1
64 1
65 3
66 1
67 2
68 1
69 1
70 1
71 5
72 1
73 1
74 2
75 9
76 3
77 1
78 26
79 1
80 2
81 1
82 2
83 2
84 1
85 1
86 1
87 1
88 1
89 1
90 1
91 1
92 39
93 2
94 1
95 2
96 2
97 2
98 2
99 1
100 2
101 2
102 2
103 2
104 2
105 1
106 17
107 1
108 10
109 1
110 2
111 3
112 1
113 1
114 1
115 3
116 2
117 1
118 1
119 1
120 3
121 1
122 1
123 1
124 3
125 4
126 20
127 1
128 1
129 3
130 1
131 10
132 1
133 1
134 1
135 1
136 2
137 1
138 1
139 1
140 1
141 1
142 1
143 6
144 2
145 2
146 1
147 2
148 1
149 1
150 1
151 1
152 1
153 1
154 1
155 1
156 2
157 1
158 1
159 1
160 1
161 1
162 1
163 5
164 2
165 12
166 4
167 2
168 1
169 3
170 2
171 1
172 1
173 1
174 2
175 1
176 1
177 1
178 4
179 7
180 1
181 1
182 1
183 1
184 1
185 1
186 8
187 2
188 3
189 1
190 1
191 2
192 5
193 10
194 6
195 1
196 1
197 1
198 1
199 5
200 1
201 2
202 2
203 2
204 3
205 2
206 4
207 1
208 2
209 1
210 1
211 37
212 2
213 1
214 1
215 1
216 1
217 1
218 1
219 1
220 1
221 9
222 1
223 1
224 1
225 1
226 1
227 1
228 1
229 1
230 1
231 1
232 2
233 1
234 1
235 1
236 1
237 1
238 2
239 3
240 1
241 1
242 1
243 1
244 1
245 1
246 1
247 1
248 3
249 47
250 3
251 1
252 4
253 2
254 1
255 1
256 1
257 13
258 4
259 1
260 13
261 1
262 1
263 1
264 4
265 1
266 1
267 5
268 1
269 1
270 6
271 1
272 2
273 1
274 1
275 1
276 3
277 3
278 5
279 1
280 1
281 1
282 1
283 1
284 1
285 1
286 1
287 1
288 1
289 4
290 1
291 1
292 1
293 1
294 1
295 1
296 8
297 1
298 1
299 1
300 1
301 1
302 4
303 1
304 6
305 6
306 3
307 1
308 1
309 1
310 6
311 1
312 18
313 1
314 1
315 11
316 1
317 1
318 1
319 1
320 2
321 2
322 1
323 6
324 1
325 1
326 1
327 2
328 1
329 1
330 3
331 10
332 1
333 2
334 1
335 3
336 1
337 1
338 1
339 1
340 1
341 2
342 8
343 1
344 1
345 1
346 14
347 1
348 5
349 1
350 1
351 1
352 3
353 1
354 1
355 1
356 1
357 1
358 2
359 1
360 1
361 1
362 1
363 1
364 3
365 2
366 2
367 1
368 1
369 1
370 1
371 2
372 1
373 1
374 3
375 1
376 1
377 1
378 1
379 2
380 1
381 11
382 1
383 1
384 3
385 1
386 9
387 1
388 1
389 2
390 2
391 1
392 1
393 1
394 1
395 1
396 2
397 1
398 1
399 1
400 1
401 17
402 5
403 1
404 1
405 1
406 1
407 1
408 1
409 2
410 2
411 16
412 1
413 1
414 1
415 1
416 2
417 1
418 1
419 1
420 3
421 1
422 2
423 1
424 1
425 1
426 2
427 2
428 1
429 1
430 1
431 1
432 2
433 1
434 1
435 1
436 1
437 1
438 1
439 1
440 1
441 1
442 1
443 1
444 1
445 2
446 1
447 1
448 1
449 1
450 2
451 2
452 1
453 1
454 1
455 2
456 1
457 1
458 1
459 1
460 3
461 1
462 4
463 2
464 1
465 1
466 1
467 3
468 1
469 1
470 1
471 1
472 1
473 1
474 17
475 2
476 1
477 1
478 1
479 1
480 1
481 3
482 2
483 7
484 1
485 1
486 1
487 1
488 1
489 1
490 2
491 1
492 1
493 1
494 2
495 2
496 1
497 2
498 21
499 1
500 3
501 3
502 9
503 1
504 9
505 2
506 1
507 1
508 1
509 1
510 1
511 2
512 1
513 1
514 1
515 1
516 2
517 1
518 18
519 57
520 1
521 1
522 1
523 4
524 1
525 1
526 1
527 1
528 1
529 1
530 1
531 1
532 1
533 9
534 1
535 1
536 1
537 1
538 1
539 3
540 1
541 1
542 1
543 2
544 5
545 2
546 1
547 3
548 1
549 2
550 3
551 11
552 5
553 6
554 2
555 1
556 1
557 2
558 15
559 1
560 3
561 3
562 1
563 3
564 6
565 1
566 1
567 7
568 3
569 1
570 3
571 3
572 1
573 1
574 1
575 7
576 1
577 1
578 1
579 3
580 1
581 18
582 1
583 1
584 2
585 3
586 1
587 4
588 1
589 1
590 1
591 1
592 2
593 3
594 1
595 1
596 1
597 2
598 1
599 1
600 1
601 1
602 2
603 3
604 227
605 1
606 3
607 11
608 1
609 1
610 1
611 2
612 1
613 3
614 1
615 1
616 5
617 1
618 3
619 2
620 6
621 1
622 17
623 4
624 1
625 1
626 1
627 1
628 10
629 1
630 1
631 1
632 1
633 1
634 1
635 1
636 1
637 1
638 1
639 1
640 3
641 1
642 1
643 1
644 1
645 3
646 1
647 2
648 2
649 3
650 1
651 1
652 5
653 1
654 1
655 1
656 1
657 1
658 4
659 1
660 1
661 113
662 1
663 1
664 1
665 1
666 1
667 1
668 1
669 1
670 1
671 1
672 1
673 3
674 1
675 1
676 1
677 4
678 1
679 1
680 1
681 1
682 1
683 2
684 2
685 2
686 4
687 2
688 1
689 4
690 4
691 3
692 1
693 1
694 1
695 1
696 1
697 1
698 1
699 4
700 1
701 6
702 1
703 1
704 7
705 2
706 2
707 1
708 1
709 1
710 2
711 1
712 4
713 1
714 1
715 3
716 2
717 1
718 2
719 1
720 2
721 1
722 3
723 2
724 1
725 1
726 13
727 1
728 1
729 2
730 1
731 1
732 3
733 2
734 1
735 1
736 1
737 1
738 3
739 1
740 1
741 1
742 1
743 3
744 1
745 1
746 4
747 1
748 1
749 2
750 1
751 2
752 1
753 1
754 1
755 4
756 1
757 1
758 1
759 1
760 1
761 1
762 1
763 1
764 2
765 1
766 1
767 1
768 2
769 1
770 1
771 1
772 1
773 1
774 1
775 1
776 1
777 1
778 1
779 1
780 1
781 1
782 1
783 1
784 1
785 1
786 6
787 1
788 1
789 1
790 1
791 1
792 1
793 2
794 1
795 1
796 1
797 1
798 1
799 1
800 1
801 2
802 1
803 1
804 4
805 1
806 1
807 1
808 1
809 1
810 1
811 1
812 2
813 2
814 1
815 2
816 1
817 1
818 2
819 1
820 2
821 1
822 3
823 30
824 2
825 1
826 1
827 1
828 1
829 3
830 4
831 1
832 1
833 2
834 1
835 3
836 1
837 2
838 12
839 1
840 9
841 1
842 1
843 1
844 1
845 1
846 1
847 1
848 1
849 1
850 5
851 2
852 2
853 1
854 1
855 2
856 13
857 1
858 1
859 8
860 1
861 1
862 1
863 1
864 1
865 1
866 1
867 1
868 2
869 6
870 1
871 2
872 2
873 1
874 1
875 3
876 9
877 1
878 1
879 1
880 1
881 1
882 1
883 1
884 1
885 1
886 2
887 4
888 2
889 2
890 1
891 1
892 1
893 1
894 1
895 4
896 1
897 14
898 1
899 2
900 1
901 1
902 1
903 1
904 1
905 1
906 1
907 1
908 1
909 1
910 1
911 1
912 1
913 92
914 1
915 19
916 3
917 1
918 1
919 1
920 1
921 1
922 1
923 3
924 1
925 3
926 1
927 1
928 1
929 2
930 1
931 14
932 1
933 1
934 1
935 1
936 1
937 1
938 1
939 1
940 1
941 5
942 1
943 3
944 2
945 9
946 1
947 2
948 1
949 26
950 1
951 1
952 2
953 1
954 1
955 1
956 1
957 1
958 20
959 2
960 1
961 7
962 3
963 2
964 2
965 2
966 1
967 1
968 1
969 1
970 1
971 1
972 1
973 1
974 1
975 2
976 1
977 1
978 1
979 1
980 1
981 1
982 2
983 1
984 1
985 7
986 1
987 1
988 1
989 1
990 4
991 3
992 1
993 6
994 1
995 8
996 1
997 1
998 5
999 1
1000 1
1001 1
1002 5
1003 1
1004 1
1005 1
1006 1
1007 4
1008 1
1009 9
1010 1
1011 3
1012 1
1013 4
1014 1
1015 1
1016 1
1017 1
1018 1
1019 1
1020 3
1021 1
1022 2
1023 3
1024 3
1025 15
1026 12
1027 2
1028 1
1029 1
1030 1
1031 1
1032 4
1033 1
1034 2
1035 2
1036 1
1037 1
1038 1
1039 2
1040 1
1041 1
1042 2
1043 1
1044 2
1045 1
1046 1
1047 2
1048 1
1049 1
1050 2
1051 1
1052 1
1053 1
1054 1
1055 1
1056 9
1057 3
1058 1
1059 2
1060 1
1061 1
1062 5
1063 1
1064 2
1065 3
1066 1
1067 1
1068 2
1069 1
1070 1
1071 2
1072 3
1073 1
1074 1
1075 1
1076 1
1077 2
1078 1
1079 1
1080 1
1081 1
1082 2
1083 4
1084 20
1085 1
1086 4
1087 1
1088 1
1089 6
1090 5
1091 1
1092 1
1093 1
1094 1
1095 3
1096 1
1097 1
1098 1
1099 1
1100 2
1101 1
1102 1
1103 1
1104 1
1105 1
1106 1
1107 1
1108 2
1109 2
1110 3
1111 1
1112 2
1113 1
1114 1
1115 1
1116 2
1117 9
1118 7
1119 1
1120 10
1121 1
1122 2
1123 2
1124 2
1125 1
1126 1
1127 1
1128 2
1129 1
1130 50
1131 1
1132 1
1133 1
1134 2
1135 1
1136 2
1137 1
1138 1
1139 1
1140 1
1141 1
1142 1
1143 1
1144 1
1145 1
1146 1
1147 1
1148 2
1149 3
1150 1
1151 1
1152 1
1153 1
1154 1
1155 4
1156 1
1157 1
1158 1
1159 1
1160 3
1161 1
1162 1
1163 2
1164 1
1165 3
1166 1
1167 1
1168 1
1169 3
1170 1
1171 1
1172 1
1173 1
1174 1
1175 1
1176 1
1177 1
1178 1
1179 2
1180 1
1181 2
1182 1
1183 1
1184 2
1185 5
1186 1
1187 9
1188 1
1189 1
1190 2
1191 3
1192 1
1193 1
1194 1
1195 2
1196 1
1197 1
1198 1
1199 1
1200 1
1201 1
1202 18
1203 1
1204 1
1205 3
1206 1
1207 2
1208 3
1209 1
1210 1
1211 1
1212 1
1213 1
1214 2
1215 1
1216 1
1217 1
1218 1
1219 1
1220 1
1221 1
1222 3
1223 1
1224 1
1225 1
1226 1
1227 1
1228 1
1229 1
1230 4
1231 1
1232 1
1233 4
1234 2
1235 1
1236 1
1237 3
1238 1
1239 2
1240 1
1241 1
1242 1
1243 2
1244 1
1245 1
1246 6
1247 1
1248 2
1249 4
1250 1
1251 2
1252 1
1253 1
1254 1
1255 1
1256 4
1257 1
1258 1
1259 2
1260 1
1261 1
1262 1
1263 54
1264 1
1265 1
1266 1
1267 1
1268 1
1269 3
1270 1
1271 1
1272 1
1273 1
1274 1
1275 1
1276 1
1277 1
1278 1
1279 2
1280 1
1281 3
1282 1
1283 1
1284 1
1285 1
1286 7
1287 1
1288 1
1289 1
1290 3
1291 1
1292 1
1293 1
1294 1
1295 1
1296 265
1297 1
1298 1
1299 8
1300 1
1301 1
1302 1
1303 1
1304 1
1305 2
1306 2
1307 2
1308 1
1309 2
1310 1
1311 1
1312 4
1313 1
1314 1
1315 2
1316 1
1317 1
1318 1
1319 1
1320 1
1321 5
1322 2
1323 1
1324 1
1325 1
1326 1
1327 1
1328 2
1329 2
1330 1
1331 29
1332 1
1333 2
1334 2
1335 1
1336 1
1337 1
1338 5
1339 1
1340 1
1341 1
1342 3
1343 1
1344 1
1345 1
1346 2
1347 1
1348 1
1349 1
1350 5
1351 1
1352 1
1353 1
1354 1
1355 1
1356 2
1357 2
1358 1
1359 8
1360 1
1361 1
1362 1
1363 2
1364 1
1365 13
1366 1
1367 1
1368 1
1369 1
1370 1
1371 1
1372 1
1373 3
1374 4
1375 3
1376 1
1377 1
1378 1
1379 1
1380 1
1381 1
1382 1
1383 3
1384 2
1385 4
1386 1
1387 5
1388 1
1389 1
1390 1
1391 1
1392 1
1393 2
1394 1
1395 1
1396 1
1397 2
1398 2
1399 32
1400 1
1401 1
1402 1
1403 2
1404 1
1405 1
1406 1
1407 1
1408 2
1409 1
1410 1
1411 4
1412 1
1413 8
1414 2
1415 2
1416 2
1417 4
1418 1
1419 3
1420 14
1421 1
1422 1
1423 1
1424 8
1425 1
1426 1
1427 2
1428 11
1429 1
1430 1
1431 1
1432 9
1433 1
1434 3
1435 2
1436 5
1437 2
1438 2
1439 1
1440 1
1441 1
1442 1
1443 1
1444 1
1445 1
1446 1
1447 1
1448 1
1449 1
1450 2
1451 4
1452 3
1453 1
1454 2
1455 1
1456 1
1457 1
1458 1
1459 3
1460 1
1461 25
1462 1
1463 2
1464 1
1465 1
1466 1
1467 1
1468 1
1469 1
1470 1
1471 1
1472 1
1473 1
1474 165
1475 2
1476 1
1477 1
1478 1
1479 13
1480 1
1481 2
1482 1
1483 1
1484 6
1485 1
1486 1
1487 3
1488 1
1489 1
1490 1
1491 4
1492 1
1493 3
1494 2
1495 1
1496 2
1497 1
1498 1
1499 1
1500 1
1501 1
1502 1
1503 3
1504 1
1505 1
1506 1
1507 1
1508 1
1509 2
1510 1
1511 1
1512 9
1513 1
1514 1
1515 1
1516 1
1517 1
1518 3
1519 1
1520 1
1521 4
1522 1
1523 1
1524 1
1525 4
1526 1
1527 1
1528 1
1529 1
1530 2
1531 1
1532 1
1533 1
1534 1
1535 1
1536 1
1537 1
1538 9
1539 3
1540 1
1541 1
1542 14
1543 1
1544 2
1545 1
1546 1
1547 1
1548 1
1549 1
1550 2
1551 1
1552 1
1553 1
1554 1
1555 1
1556 1
1557 2
1558 1
1559 1
1560 1
1561 6
1562 1
1563 1
1564 1
1565 2
1566 7
1567 1
1568 1
1569 1
1570 1
1571 8
1572 1
1573 1
1574 1
1575 1
1576 1
1577 1
1578 17
1579 1
1580 1
1581 1
1582 3
1583 1
1584 1
1585 1
1586 2
1587 1
1588 3
1589 1
1590 1
1591 2
1592 2
1593 1
1594 1
1595 1
1596 1
1597 3
1598 6
1599 1
1600 1
1601 1
1602 1
1603 1
1604 1
1605 1
1606 1
1607 1
1608 1
1609 1
1610 1
1611 1
1612 37
1613 1
1614 2
1615 2
1616 1
1617 2
1618 2
1619 2
1620 1
1621 1
1622 10
1623 1
1624 2
1625 1
1626 3
1627 1
1628 4
1629 5
1630 2
1631 1
1632 3
1633 2
1634 1
1635 3
1636 1
1637 3
1638 1
1639 2
1640 2
1641 1
1642 1
1643 1
1644 2
1645 1
1646 2
1647 2
1648 1
1649 6
1650 3
1651 1
1652 1
1653 1
1654 5
1655 2
1656 3
1657 1
1658 3
1659 1
1660 1
1661 1
1662 1
1663 4
1664 2
1665 5
1666 1
1667 2
1668 3
1669 2
1670 13
1671 3
1672 1
1673 2
1674 3
1675 34
1676 3
1677 2
1678 1
1679 3
1680 10
1681 1
1682 2
1683 1
1684 8
1685 2
1686 1
1687 2
1688 1
1689 1
1690 1
1691 1
1692 1
1693 1
1694 2
1695 1
1696 6
1697 1
1698 2
1699 1
1700 1
1701 1
1702 1
1703 1
1704 1
1705 1
1706 2
1707 2
1708 1
1709 1
1710 2
1711 1
1712 2
1713 11
1714 1
1715 1
1716 1
1717 3
1718 1
1719 12
1720 1
1721 1
1722 2
1723 3
1724 1
1725 2
1726 1
1727 5
1728 1
1729 1
1730 1
1731 2
1732 1
1733 1
1734 1
1735 1
1736 1
1737 1
1738 4
1739 1
1740 1
1741 1
1742 1
1743 1
1744 1
1745 3
1746 1
1747 2
1748 1
1749 1
1750 3
1751 1
1752 1
1753 1
1754 27
1755 4
1756 1
1757 1
1758 2
1759 1
1760 1
1761 1
1762 1
1763 1
1764 1
1765 2
1766 1
1767 5
1768 2
1769 1
1770 2
1771 1
1772 1
1773 1
1774 1
1775 1
1776 1
1777 1
1778 1
1779 2
1780 1
1781 4
1782 1
1783 1
1784 1
1785 18
1786 1
1787 1
1788 1
1789 2
1790 2
1791 2
1792 3
1793 19
1794 1
1795 1
1796 1
1797 4
1798 1
1799 1
1800 1
1801 2
1802 1
1803 1
1804 1
1805 1
1806 4
1807 1
1808 1
1809 4
1810 7
1811 1
1812 2
1813 1
1814 1
1815 3
1816 38
1817 7
1818 3
1819 1
1820 1
1821 1
1822 1
1823 1
1824 6
1825 1
1826 1
1827 8
1828 1
1829 1
1830 1
1831 1
1832 1
1833 1
1834 1
1835 1
1836 1
1837 6
1838 1
1839 2
1840 1
1841 1
1842 1
1843 1
1844 1
1845 1
1846 2
1847 3
1848 1
1849 2
1850 2
1851 1
1852 2
1853 26
1854 1
1855 1
1856 2
1857 1
1858 1
1859 1
1860 1
1861 1
1862 1
1863 1
1864 1
1865 2
1866 1
1867 1
1868 1
1869 1
1870 1
1871 1
1872 1
1873 13
1874 3
1875 1
1876 1
1877 1
1878 12
1879 10
1880 1
1881 1
1882 4
1883 8
1884 1
1885 1
1886 1
1887 1
1888 3
1889 1
1890 1
1891 1
1892 2
1893 1
1894 1
1895 1
1896 1
1897 2
1898 1
1899 3
1900 1
1901 1
1902 1
1903 1
1904 1
1905 2
1906 1
1907 2
1908 1
1909 2
1910 1
1911 1
1912 1
1913 1
1914 9
1915 2
1916 1
1917 1
1918 6
1919 1
1920 2
1921 1
1922 1
1923 1
1924 1
1925 1
1926 1
1927 1
1928 1
1929 1
1930 8
1931 1
1932 2
1933 1
1934 4
1935 1
1936 38
1937 1
1938 1
1939 5
1940 2
1941 1
1942 1
1943 3
1944 1
1945 1
1946 1
1947 1
1948 8
1949 1
1950 1
1951 1
1952 1
1953 1
1954 1
1955 1
1956 1
1957 1
1958 1
1959 10
1960 3
1961 4
1962 8
1963 1
1964 8
1965 1
1966 1
1967 1
1968 1
1969 2
1970 1
1971 1
1972 1
1973 2
1974 1
1975 2
1976 1
1977 1
1978 1
1979 2
1980 6
1981 1
1982 1
1983 1
1984 2
1985 1
1986 1
1987 1
1988 1
1989 2
1990 1
1991 1
1992 6
1993 1
1994 1
1995 2
1996 1
1997 1
1998 3
1999 1
2000 1
2001 1
2002 1
2003 1
2004 3
2005 1
2006 2
2007 1
2008 3
2009 2
2010 2
2011 1
2012 4
2013 1
2014 20
2015 28
2016 5
2017 1
2018 1
2019 1
2020 3
2021 3
2022 3
2023 1
2024 5
2025 2
2026 7
2027 1
2028 6
2029 1
2030 1
2031 1
2032 1
2033 1
2034 1
2035 1
2036 1
2037 1
2038 1
2039 2
2040 1
2041 1
2042 1
2043 6
2044 1
2045 1
2046 1
2047 1
2048 4
2049 1
2050 2
2051 1
2052 2
2053 2
2054 4
2055 1
2056 1
2057 1
2058 1
2059 1
2060 2
2061 1
2062 1
2063 5
2064 1
2065 1
2066 1
2067 1
2068 1
2069 2
2070 1
2071 1
2072 1
2073 3
2074 1
2075 1
2076 1
2077 1
2078 4
2079 1
2080 3
2081 1
2082 1
2083 1
2084 1
2085 2
2086 5
2087 1
2088 1
2089 1
2090 1
2091 1
2092 428
2093 2
2094 3
2095 1
2096 1
2097 1
2098 1
2099 3
2100 5
2101 3
2102 1
2103 1
2104 1
2105 1
2106 3
2107 1
2108 1
2109 1
2110 1
2111 1
2112 1
2113 1
2114 1
2115 3
2116 1
2117 4
2118 2
2119 5
2120 1
2121 1
2122 3
2123 2
2124 1
2125 1
2126 2
2127 5
2128 1
2129 1
2130 2
2131 1
2132 1
2133 3
2134 1
2135 1
2136 2
2137 1
2138 2
2139 2
2140 2
2141 5
2142 1
2143 2
2144 1
2145 1
2146 1
2147 1
2148 1
2149 14
2150 2
2151 1
2152 2
2153 1
2154 1
2155 9
2156 1
2157 3
2158 1
2159 3
2160 1
2161 5
2162 1
2163 1
2164 9
2165 1
2166 1
2167 1
2168 1
2169 1
2170 3
2171 1
2172 6
2173 1
2174 1
2175 1
2176 1
2177 3
2178 1
2179 1
2180 2
2181 1
2182 1
2183 1
2184 2
2185 1
2186 1
2187 1
2188 2
2189 2
2190 1
2191 2
2192 1
2193 3
2194 1
2195 2
2196 1
2197 2
2198 1
2199 2
2200 1
2201 1
2202 1
2203 1
2204 2
2205 1
2206 1
2207 5
2208 1
2209 1
2210 1
2211 8
2212 1
2213 2
2214 4
2215 1
2216 1
2217 1
2218 1
2219 1
2220 1
2221 1
2222 3
2223 6
2224 2
2225 1
2226 1
2227 1
2228 2
2229 1
2230 2
2231 6
2232 3
2233 3
2234 1
2235 1
2236 1
2237 5
2238 6
2239 1
2240 1
2241 1
2242 2
2243 1
2244 3
2245 1
2246 2
2247 1
2248 1
2249 1
2250 1
2251 1
2252 1
2253 1
2254 2
2255 3
2256 1
2257 5
2258 8
2259 1
2260 1
2261 1
2262 1
2263 1
2264 5
2265 1
2266 3
2267 1
2268 1
2269 1
2270 1
2271 19
2272 1
2273 1
2274 1
2275 1
2276 5
2277 1
2278 1
2279 1
2280 1
2281 2
2282 1
2283 1
2284 1
2285 2
2286 1
2287 1
2288 1
2289 1
2290 1
2291 1
2292 3
2293 1
2294 1
2295 1
2296 1
2297 9
2298 2
2299 1
2300 4
2301 1
2302 1
2303 1
2304 1
2305 3
2306 1
2307 1
2308 1
2309 1
2310 1
2311 1
2312 1
2313 1
2314 1
2315 1
2316 1
2317 8
2318 1
2319 1
2320 1
2321 1
2322 4
2323 1
2324 4
2325 1
2326 1
2327 1
2328 1
2329 4
2330 1
2331 1
2332 2
2333 1
2334 1
2335 1
2336 7
2337 1
2338 1
2339 2
2340 1
2341 25
2342 3
2343 1
2344 1
2345 2
2346 1
2347 1
2348 1
2349 1
2350 1
2351 1
2352 1
2353 1
2354 1
2355 1
2356 1
2357 1
2358 2
2359 1
2360 1
2361 1
2362 1
2363 1
2364 1
2365 1
2366 6
2367 2
2368 1
2369 1
2370 4
2371 1
2372 2
2373 14
2374 1
2375 4
2376 2
2377 1
2378 1
2379 3
2380 1
2381 2
2382 7
2383 1
2384 2
2385 2
2386 1
2387 1
2388 1
2389 1
2390 211
2391 2
2392 1
2393 2
2394 1
2395 1
2396 1
2397 3
2398 1
2399 1
2400 1
2401 3
2402 34
2403 3
2404 1
2405 2
2406 1
2407 5
2408 1
2409 1
2410 1
2411 1
2412 1
2413 1
2414 3
2415 2
2416 2
2417 1
2418 1
2419 3
2420 1
2421 3
2422 1
2423 1
2424 2
2425 1
2426 4
2427 1
2428 1
2429 85
2430 3
2431 2
2432 4
2433 3
2434 1
2435 1
2436 1
2437 1
2438 1
2439 2
2440 2
2441 1
2442 2
2443 1
2444 3
2445 1
2446 1
2447 2
2448 1
2449 1
2450 1
2451 3
2452 10
2453 2
2454 1
2455 6
2456 1
2457 1
2458 1
2459 1
2460 1
2461 1
2462 1
2463 2
2464 9
2465 2
2466 2
2467 1
2468 1
2469 9
2470 1
2471 2
2472 1
2473 1
2474 13
2475 1
2476 1
2477 3
2478 1
2479 1
2480 1
2481 1
2482 1
2483 1
2484 1
2485 2
2486 1
2487 1
2488 1
2489 1
2490 1
2491 1
2492 18
2493 2
2494 1
2495 1
2496 7
2497 1
2498 1
2499 3
2500 1
2501 1
2502 15
2503 1
2504 2
2505 1
2506 1
2507 1
2508 1
2509 1
2510 1
2511 1
2512 1
2513 3
2514 3
2515 1
2516 1
2517 2
2518 1
2519 1
2520 1
2521 1
2522 1
2523 1
2524 1
2525 1
2526 1
2527 3
2528 2
2529 1
2530 1
2531 1
2532 4
2533 1
2534 1
2535 1
2536 10
2537 1
2538 1
2539 1
2540 1
2541 2
2542 1
2543 1
2544 1
2545 1
2546 5
2547 1
2548 1
2549 1
2550 1
2551 2
2552 1
2553 1
2554 27
2555 1
2556 1
2557 1
2558 1
2559 5
2560 2
2561 1
2562 9
2563 5
2564 50
2565 1
2566 1
2567 1
2568 1
2569 1
2570 1
2571 1
2572 1
2573 2
2574 1
2575 1
2576 1
2577 2
2578 1
2579 1
2580 1
2581 1
2582 1
2583 2
2584 1
2585 2
2586 2
2587 1
2588 1
2589 25
2590 1
2591 1
2592 1
2593 1
2594 1
2595 2
2596 1
2597 1
2598 1
2599 1
2600 1
2601 2
2602 1
2603 1
2604 1
2605 1
2606 1
2607 1
2608 1
2609 1
2610 2
2611 1
2612 6
2613 1
2614 1
2615 1
2616 4
2617 1
2618 1
2619 1
2620 1
2621 1
2622 4
2623 1
2624 1
2625 1
2626 1
2627 1
2628 4
2629 1
2630 1
2631 1
2632 1
2633 1
2634 34
2635 4
2636 1
2637 1
2638 1
2639 1
2640 1
2641 2
2642 1
2643 1
2644 3
2645 1
2646 1
2647 1
2648 1
2649 1
2650 1
2651 2
2652 1
2653 2
2654 2
2655 1
2656 1
2657 1
2658 2
2659 1
2660 1
2661 3
2662 3
2663 2
2664 1
2665 1
2666 2
2667 9
2668 3
2669 1
2670 1
2671 1
2672 1
2673 1
2674 2
2675 1
2676 1
2677 3
2678 1
2679 1
2680 15
2681 1
2682 1
2683 29
2684 1
2685 1
2686 2
2687 1
2688 1
2689 6
2690 1
2691 1
2692 2
2693 1
2694 1
2695 5
2696 3
2697 2
2698 1
2699 1
2700 8
2701 1
2702 1
2703 4
2704 1
2705 2
2706 1
2707 4
2708 2
2709 1
2710 1
2711 1
2712 2
2713 1
2714 7
2715 1
2716 1
2717 1
2718 1
2719 4
2720 1
2721 1
2722 2
2723 1
2724 1
2725 1
2726 1
2727 1
2728 1
2729 1
2730 1
2731 1
2732 1
2733 22
2734 1
2735 1
2736 2
2737 1
2738 5
2739 1
2740 1
2741 1
2742 1
2743 1
2744 2
2745 1
2746 1
2747 1
2748 1
2749 1
2750 1
2751 1
2752 1
2753 1
2754 2
2755 6
2756 1
2757 2
2758 1
2759 2
2760 1
2761 5
2762 19
2763 1
2764 1
2765 1
2766 6
2767 1
2768 1
2769 1
2770 2
2771 1
2772 2
2773 1
2774 1
2775 1
2776 2
2777 1
2778 1
2779 1
2780 3
2781 1
2782 1
2783 1
2784 2
2785 1
2786 11
2787 3
2788 5
2789 1
2790 2
2791 1
2792 2
2793 2
2794 3
2795 39
2796 1
2797 1
2798 2
2799 1
2800 1
2801 1
2802 1
2803 1
2804 1
2805 2
2806 1
2807 37
2808 32
2809 13
2810 1
2811 1
2812 2
2813 1
2814 1
2815 1
2816 1
2817 10
2818 1
2819 6
2820 3
2821 3
2822 4
2823 2
2824 1
2825 23
2826 1
2827 3
2828 1
2829 1
2830 1
2831 1
2832 1
2833 2
2834 1
2835 1
2836 1
2837 2
2838 2
2839 1
2840 3
2841 1
2842 1
2843 1
2844 1
2845 1
2846 1
2847 1
2848 1
2849 1
2850 1
2851 1
2852 1
2853 5
2854 4
2855 4
2856 1
2857 1
2858 1
2859 2
2860 1
2861 7
2862 3
2863 2
2864 2
2865 1
2866 1
2867 1
2868 15
2869 1
2870 3
2871 1
2872 233
2873 1
2874 2
2875 6
2876 1
2877 2
2878 14
2879 1
2880 1
2881 1
2882 1
2883 1
2884 1
2885 1
2886 1
2887 3
2888 2
2889 1
2890 1
2891 2
2892 1
2893 1
2894 1
2895 2
2896 1
2897 1
2898 4
2899 1
2900 2
2901 2
2902 1
2903 1
2904 1
2905 1
2906 1
2907 1
2908 2
2909 1
2910 1
2911 2
2912 1
2913 1
2914 3
2915 1
2916 1
2917 1
2918 1
2919 1
2920 2
2921 2
2922 9
2923 1
2924 1
2925 5
2926 7
2927 1
2928 1
2929 1
2930 1
2931 1
2932 1
2933 1
2934 1
2935 3
2936 1
2937 1
2938 1
2939 2
2940 1
2941 2
2942 1
2943 2
2944 2
2945 1
2946 1
2947 1
2948 1
2949 2
2950 1
2951 1
2952 5
2953 2
2954 1
2955 2
2956 2
2957 2
2958 1
2959 2
2960 1
2961 1
2962 1
2963 2
2964 1
2965 1
2966 1
2967 1
2968 1
2969 1
2970 1
2971 2
2972 1
2973 3
2974 3
2975 3
2976 1
2977 1
2978 1
2979 1
2980 1
2981 1
2982 11
2983 1
2984 1
2985 12
2986 1
2987 1
2988 3
2989 2
2990 4
2991 2
2992 1
2993 1
2994 1
2995 1
2996 1
2997 1
2998 1
2999 1
3000 1
3001 1
3002 8
3003 1
3004 2
3005 1
3006 1
3007 1
3008 4
3009 1
3010 2
3011 1
3012 1
3013 1
3014 1
3015 2
3016 1
3017 2
3018 1
3019 3
3020 2
3021 1
3022 3
3023 8
3024 1
3025 1
3026 1
3027 4
3028 3
3029 2
3030 2
3031 10
3032 1
3033 1
3034 1
3035 1
3036 2
3037 2
3038 1
3039 2
3040 1
3041 1
3042 1
3043 1
3044 1
3045 1
3046 1
3047 11
3048 1
3049 1
3050 2
3051 1
3052 1
3053 1
3054 1
3055 1
3056 2
3057 1
3058 1
3059 4
3060 1
3061 1
3062 1
3063 1
3064 1
3065 2
3066 3
3067 1
3068 2
3069 1
3070 1
3071 1
3072 1
3073 2
3074 1
3075 1
3076 1
3077 1
3078 1
3079 1
3080 1
3081 5
3082 1
3083 2
3084 10
3085 3
3086 3
3087 1
3088 2
3089 2
3090 3
3091 2
3092 1
3093 2
3094 1
3095 5
3096 1
3097 3
3098 28
3099 2
3100 1
3101 1
3102 14
3103 1
3104 1
3105 1
3106 1
3107 2
3108 1
3109 1
3110 2
3111 2
3112 1
3113 3
3114 1
3115 1
3116 1
3117 1
3118 1
3119 16
3120 1
3121 2
3122 1
3123 1
3124 2
3125 3
3126 8
3127 2
3128 3
3129 1
3130 1
3131 2
3132 1
3133 1
3134 1
3135 28
3136 1
3137 1
3138 2
3139 2
3140 1
3141 1
3142 1
3143 1
3144 2
3145 1
3146 2
3147 1
3148 1
3149 1
3150 2
3151 5
3152 1
3153 2
3154 1
3155 3
3156 2
3157 1
3158 2
3159 1
3160 1
3161 1
3162 1
3163 1
3164 1
3165 1
3166 1
3167 1
3168 1
3169 1
3170 3
3171 1
3172 1
3173 1
3174 1
3175 1
3176 1
3177 2
3178 5
3179 7
3180 1
3181 1
3182 1
3183 1
3184 1
3185 1
3186 1
3187 1
3188 1
3189 1
3190 1
3191 1
3192 2
3193 1
3194 1
3195 1
3196 1
