0 1366
1 1
2 24
3 1
4 1
5 1
6 1
7 1
8 1
9 1
10 1
11 2
12 1
13 2
14 1
15 1
16 1
17 1
18 1
19 2
20 1
21 8
22 1
23 2
24 1
25 2
26 1
27 1
28 1
29 1
30 2
31 1
32 1
33 1
34 2
35 1
36 2
37 1
38 1
39 1
40 1
41 1
42 1
43 1
44 1
45 1
46 1
47 1
48 8
49 1
50 1
51 3
52 3
53 1
54 1
55 1
56 1
57 1
58 2
59 1
60 1
61 1
62 1
63 1
64 1
65 1
66 2
67 1
68 1
69 1
70 1
71 1
72 2
73 1
74 2
75 1
76 3
77 1
78 1
79 3
80 1
81 10
82 1
83 1
84 1
85 1
86 1
87 1
88 3
89 1
90 1
91 1
92 3
93 47
94 1
95 1
96 1
97 1
98 1
99 2
100 1
101 1
102 1
103 1
104 2
105 2
106 1
107 1
108 2
109 1
110 1
111 1
112 8
113 3
114 2
115 4
116 4
117 1
118 2
119 2
120 2
121 1
122 3
123 1
124 7
125 3
126 1
127 1
128 1
129 1
130 1
131 1
132 2
133 1
134 1
135 3
136 2
137 4
138 1
139 5
140 18
141 1
142 1
143 1
144 1
145 1
146 1
147 1
148 3
149 1
150 1
151 1
152 1
153 1
154 1
155 1
156 2
157 2
158 1
159 1
160 1
161 3
162 2
163 1
164 1
165 1
166 1
167 1
168 2
169 1
170 1
171 1
172 3
173 1
174 1
175 1
176 1
177 1
178 4
179 1
180 1
181 6
182 7
183 2
184 1
185 6
186 1
187 9
188 3
189 5
190 1
191 1
192 4
193 1
194 1
195 2
196 1
197 2
198 1
199 1
200 8
201 4
202 1
203 1
204 2
205 2
206 1
207 2
208 2
209 3
210 1
211 3
212 2
213 1
214 7
215 2
216 1
217 1
218 2
219 1
220 1
221 1
222 1
223 2
224 3
225 1
226 1
227 1
228 2
229 1
230 44
231 2
232 1
233 1
234 1
235 1
236 1
237 1
238 2
239 2
240 1
241 1
242 1
243 1
244 1
245 1
246 1
247 2
248 1
249 1
250 1
251 1
252 3
253 1
254 2
255 1
256 1
257 2
258 7
259 1
260 1
261 1
262 2
263 1
264 2
265 1
266 1
267 1
268 1
269 1
270 1
271 2
272 2
273 1
274 6
275 2
276 1
277 1
278 1
279 1
280 1
281 4
282 1
283 1
284 1
285 3
286 1
287 1
288 9
289 1
290 1
291 1
292 2
293 1
294 1
295 1
296 2
297 1
298 41
299 1
300 2
301 4
302 1
303 1
304 1
305 2
306 1
307 1
308 3
309 1
310 1
311 1
312 3
313 3
314 1
315 2
316 1
317 1
318 1
319 1
320 4
321 1
322 1
323 3
324 5
325 8
326 1
327 10
328 1
329 8
330 2
331 1
332 1
333 1
334 1
335 4
336 1
337 1
338 4
339 3
340 1
341 1
342 1
343 1
344 19
345 1
346 4
347 1
348 2
349 1
350 1
351 1
352 1
353 1
354 6
355 1
356 1
357 1
358 1
359 1
360 1
361 1
362 1
363 2
364 1
365 13
366 5
367 1
368 1
369 1
370 3
371 1
372 2
373 1
374 3
375 1
376 3
377 1
378 1
379 1
380 2
381 2
382 1
383 1
384 1
385 1
386 1
387 1
388 2
389 2
390 1
391 2
392 1
393 1
394 1
395 1
396 1
397 1
398 1
399 1
400 1
401 2
402 2
403 1
404 7
405 1
406 1
407 1
408 1
409 1
410 3
411 1
412 1
413 1
414 1
415 1
416 1
417 1
418 1
419 1
420 1
421 2
422 1
423 24
424 1
425 3
426 1
427 1
428 6
429 1
430 3
431 1
432 13
433 1
434 2
435 1
436 1
437 1
438 1
439 1
440 1
441 1
442 1
443 2
444 1
445 1
446 1
447 1
448 1
449 1
450 1
451 1
452 1
453 2
454 2
455 6
456 2
457 3
458 1
459 2
460 2
461 1
462 2
463 1
464 1
465 1
466 1
467 6
468 1
469 1
470 1
471 3
472 1
473 1
474 2
475 1
476 1
477 1
478 1
479 3
480 2
481 1
482 1
483 1
484 1
485 1
486 1
487 1
488 1
489 1
490 1
491 1
492 1
493 7
494 2
495 1
496 1
497 1
498 1
499 3
500 1
501 2
502 1
503 7
504 1
505 4
506 3
507 16
508 1
509 1
510 1
511 1
512 2
513 1
514 2
515 1
516 1
517 1
518 1
519 63
520 1
521 1
522 2
523 1
524 1
525 4
526 2
527 1
528 1
529 1
530 1
531 1
532 3
533 1
534 3
535 1
536 1
537 4
538 1
539 1
540 1
541 2
542 1
543 5
544 1
545 1
546 1
547 1
548 10
549 5
550 4
551 1
552 1
553 1
554 1
555 1
556 1
557 3
558 3
559 1
560 1
561 6
562 2
563 2
564 1
565 1
566 2
567 2
568 1
569 6
570 5
571 1
572 3
573 4
574 1
575 3
576 1
577 1
578 1
579 1
580 1
581 1
582 2
583 1
584 15
585 1
586 2
587 3
588 2
589 1
590 1
591 6
592 1
593 1
594 1
595 1
596 2
597 3
598 1
599 2
600 1
601 1
602 1
603 1
604 1
605 270
606 1
607 12
608 2
609 1
610 1
611 1
612 1
613 1
614 1
615 2
616 1
617 1
618 1
619 1
620 1
621 1
622 5
623 1
624 15
625 1
626 1
627 1
628 1
629 1
630 2
631 3
632 1
633 1
634 1
635 1
636 1
637 1
638 1
639 1
640 1
641 2
642 1
643 5
644 1
645 1
646 1
647 2
648 6
649 1
650 2
651 1
652 1
653 1
654 1
655 1
656 1
657 3
658 1
659 3
660 1
661 1
662 3
663 26
664 1
665 1
666 2
667 4
668 1
669 128
670 1
671 2
672 1
673 6
674 1
675 1
676 1
677 1
678 1
679 1
680 3
681 1
682 1
683 1
684 1
685 2
686 1
687 1
688 2
689 1
690 2
691 3
692 2
693 2
694 1
695 1
696 28
697 1
698 1
699 6
700 3
701 2
702 4
703 1
704 5
705 1
706 2
707 1
708 1
709 1
710 2
711 2
712 1
713 1
714 1
715 1
716 1
717 2
718 1
719 1
720 5
721 1
722 1
723 1
724 1
725 1
726 1
727 1
728 7
729 1
730 8
731 9
732 1
733 1
734 4
735 1
736 1
737 1
738 9
739 1
740 1
741 1
742 7
743 1
744 1
745 1
746 1
747 4
748 2
749 2
750 1
751 1
752 1
753 3
754 1
755 1
756 1
757 1
758 1
759 1
760 1
761 1
762 1
763 1
764 2
765 1
766 2
767 2
768 2
769 1
770 2
771 1
772 1
773 1
774 1
775 1
776 2
777 1
778 1
779 1
780 1
781 1
782 1
783 1
784 1
785 1
786 3
787 1
788 1
789 1
790 1
791 1
792 1
793 1
794 1
795 1
796 6
797 1
798 1
799 1
800 1
801 2
802 1
803 1
804 4
805 2
806 2
807 2
808 1
809 1
810 2
811 1
812 3
813 1
814 1
815 11
816 1
817 1
818 1
819 3
820 1
821 1
822 1
823 2
824 1
825 1
826 1
827 5
828 1
829 1
830 3
831 1
832 5
833 5
834 1
835 1
836 1
837 1
838 1
839 25
840 14
841 1
842 1
843 2
844 1
845 1
846 1
847 3
848 1
849 1
850 1
851 1
852 4
853 1
854 1
855 1
856 2
857 1
858 4
859 1
860 1
861 1
862 1
863 1
864 1
865 2
866 1
867 2
868 1
869 1
870 1
871 1
872 14
873 1
874 1
875 1
876 1
877 1
878 1
879 2
880 27
881 1
882 1
883 1
884 8
885 11
886 1
887 1
888 1
889 1
890 1
891 1
892 1
893 3
894 1
895 2
896 5
897 1
898 1
899 4
900 2
901 3
902 1
903 3
904 6
905 1
906 1
907 1
908 1
909 1
910 1
911 1
912 1
913 46
914 1
915 16
916 2
917 1
918 1
919 1
920 1
921 1
922 2
923 1
924 1
925 1
926 2
927 1
928 1
929 1
930 1
931 2
932 1
933 3
934 1
935 1
936 1
937 1
938 15
939 1
940 1
941 1
942 1
943 1
944 1
945 1
946 1
947 1
948 3
949 7
950 1
951 2
952 1
953 1
954 1
955 2
956 1
957 1
958 1
959 1
960 1
961 1
962 1
963 1
964 1
965 2
966 1
967 1
968 1
969 1
970 1
971 1
972 2
973 1
974 1
975 1
976 1
977 1
978 1
979 2
980 1
981 2
982 1
983 1
984 2
985 3
986 2
987 1
988 4
989 3
990 2
991 1
992 1
993 1
994 1
995 1
996 6
997 1
998 1
999 1
1000 1
1001 1
1002 1
1003 1
1004 1
1005 2
1006 2
1007 2
1008 1
1009 4
1010 1
1011 2
1012 1
1013 1
1014 1
1015 1
1016 5
1017 5
1018 1
1019 1
1020 1
1021 1
1022 1
1023 1
1024 1
1025 1
1026 1
1027 1
1028 2
1029 2
1030 26
1031 19
1032 2
1033 3
1034 1
1035 1
1036 1
1037 1
1038 3
1039 2
1040 1
1041 5
1042 1
1043 1
1044 1
1045 5
1046 1
1047 1
1048 1
1049 1
1050 1
1051 1
1052 2
1053 3
1054 1
1055 1
1056 1
1057 1
1058 1
1059 1
1060 1
1061 1
1062 1
1063 1
1064 5
1065 1
1066 1
1067 4
1068 5
1069 2
1070 1
1071 1
1072 2
1073 1
1074 2
1075 2
1076 1
1077 3
1078 1
1079 1
1080 1
1081 2
1082 1
1083 2
1084 1
1085 1
1086 2
1087 1
1088 1
1089 4
1090 2
1091 1
1092 1
1093 2
1094 27
1095 1
1096 1
1097 2
1098 1
1099 1
1100 9
1101 1
1102 6
1103 1
1104 1
1105 1
1106 1
1107 1
1108 1
1109 2
1110 1
1111 3
1112 3
1113 1
1114 3
1115 1
1116 3
1117 1
1118 1
1119 1
1120 1
1121 3
1122 1
1123 1
1124 3
1125 2
1126 1
1127 2
1128 2
1129 1
1130 1
1131 4
1132 3
1133 2
1134 3
1135 1
1136 1
1137 1
1138 3
1139 1
1140 2
1141 3
1142 1
1143 1
1144 1
1145 1
1146 1
1147 3
1148 4
1149 1
1150 1
1151 30
1152 1
1153 2
1154 3
1155 1
1156 1
1157 1
1158 1
1159 1
1160 1
1161 1
1162 3
1163 1
1164 3
1165 1
1166 1
1167 1
1168 1
1169 1
1170 4
1171 1
1172 1
1173 1
1174 6
1175 2
1176 1
1177 4
1178 1
1179 1
1180 1
1181 4
1182 1
1183 1
1184 1
1185 1
1186 2
1187 2
1188 1
1189 1
1190 1
1191 1
1192 1
1193 3
1194 1
1195 1
1196 1
1197 1
1198 2
1199 3
1200 1
1201 1
1202 1
1203 1
1204 2
1205 1
1206 1
1207 1
1208 1
1209 1
1210 3
1211 2
1212 1
1213 1
1214 1
1215 13
1216 1
1217 5
1218 2
1219 1
1220 1
1221 1
1222 1
1223 1
1224 1
1225 1
1226 11
1227 1
1228 1
1229 1
1230 1
1231 1
1232 2
1233 1
1234 1
1235 1
1236 1
1237 1
1238 1
1239 1
1240 1
1241 2
1242 1
1243 6
1244 1
1245 1
1246 1
1247 3
1248 3
1249 7
1250 1
1251 1
1252 1
1253 1
1254 1
1255 2
1256 2
1257 2
1258 2
1259 1
1260 1
1261 1
1262 2
1263 1
1264 1
1265 1
1266 2
1267 1
1268 1
1269 2
1270 1
1271 1
1272 1
1273 4
1274 3
1275 1
1276 1
1277 1
1278 2
1279 1
1280 2
1281 1
1282 2
1283 1
1284 56
1285 2
1286 1
1287 2
1288 1
1289 9
1290 1
1291 1
1292 1
1293 1
1294 2
1295 1
1296 1
1297 1
1298 4
1299 1
1300 2
1301 1
1302 1
1303 1
1304 2
1305 3
1306 1
1307 1
1308 1
1309 1
1310 1
1311 1
1312 1
1313 277
1314 2
1315 1
1316 1
1317 10
1318 2
1319 1
1320 3
1321 1
1322 2
1323 2
1324 2
1325 2
1326 1
1327 1
1328 1
1329 1
1330 1
1331 4
1332 1
1333 4
1334 3
1335 1
1336 2
1337 1
1338 1
1339 5
1340 1
1341 2
1342 1
1343 3
1344 1
1345 3
1346 2
1347 2
1348 1
1349 1
1350 1
1351 1
1352 1
1353 1
1354 1
1355 1
1356 1
1357 34
1358 1
1359 1
1360 1
1361 1
1362 1
1363 2
1364 3
1365 1
1366 1
1367 4
1368 1
1369 1
1370 3
1371 1
1372 1
1373 1
1374 6
1375 1
1376 3
1377 1
1378 1
1379 2
1380 2
1381 1
1382 8
1383 2
1384 1
1385 5
1386 1
1387 1
1388 1
1389 9
1390 1
1391 7
1392 2
1393 5
1394 1
1395 1
1396 1
1397 1
1398 1
1399 1
1400 1
1401 2
1402 1
1403 2
1404 1
1405 1
1406 2
1407 1
1408 1
1409 3
1410 3
1411 2
1412 2
1413 3
1414 5
1415 34
1416 1
1417 1
1418 1
1419 3
1420 1
1421 2
1422 1
1423 1
1424 1
1425 2
1426 5
1427 1
1428 2
1429 1
1430 1
1431 1
1432 1
1433 1
1434 1
1435 1
1436 1
1437 3
1438 1
1439 3
1440 2
1441 1
1442 2
1443 1
1444 6
1445 2
1446 1
1447 2
1448 1
1449 7
1450 5
1451 3
1452 2
1453 1
1454 1
1455 1
1456 1
1457 1
1458 1
1459 4
1460 1
1461 1
1462 1
1463 4
1464 1
1465 1
1466 1
1467 1
1468 1
1469 1
1470 2
1471 2
1472 2
1473 1
1474 1
1475 1
1476 1
1477 1
1478 1
1479 1
1480 1
1481 1
1482 1
1483 2
1484 4
1485 1
1486 1
1487 1
1488 1
1489 1
1490 1
1491 3
1492 4
1493 2
1494 2
1495 1
1496 1
1497 1
1498 1
1499 1
1500 1
1501 5
1502 1
1503 1
1504 1
1505 1
1506 6
1507 1
1508 1
1509 1
1510 5
1511 3
1512 5
1513 3
1514 1
1515 1
1516 1
1517 1
1518 1
1519 2
1520 1
1521 2
1522 3
1523 1
1524 1
1525 1
1526 3
1527 1
1528 1
1529 3
1530 1
1531 1
1532 2
1533 1
1534 1
1535 1
1536 1
1537 22
1538 1
1539 1
1540 1
1541 1
1542 1
1543 2
1544 1
1545 1
1546 8
1547 2
1548 1
1549 2
1550 3
1551 1
1552 2
1553 2
1554 1
1555 2
1556 1
1557 1
1558 1
1559 6
1560 1
1561 2
1562 2
1563 2
1564 8
1565 1
1566 1
1567 4
1568 3
1569 1
1570 1
1571 3
1572 1
1573 1
1574 2
1575 1
1576 1
1577 2
1578 1
1579 1
1580 1
1581 6
1582 1
1583 1
1584 5
1585 2
1586 3
1587 1
1588 51
1589 1
1590 1
1591 1
1592 1
1593 1
1594 1
1595 1
1596 2
1597 11
1598 1
1599 1
1600 1
1601 1
1602 1
1603 1
1604 1
1605 1
1606 1
1607 1
1608 1
1609 1
1610 1
1611 1
1612 1
1613 3
1614 13
1615 1
1616 1
1617 1
1618 1
1619 1
1620 2
1621 1
1622 1
1623 1
1624 1
1625 1
1626 1
1627 1
1628 1
1629 1
1630 1
1631 2
1632 1
1633 2
1634 1
1635 2
1636 1
1637 1
1638 1
1639 1
1640 1
1641 23
1642 2
1643 2
1644 1
1645 1
1646 2
1647 1
1648 11
1649 1
1650 4
1651 2
1652 1
1653 1
1654 1
1655 3
1656 1
1657 1
1658 1
1659 1
1660 1
1661 1
1662 1
1663 1
1664 3
1665 1
1666 1
1667 4
1668 1
1669 1
1670 1
1671 2
1672 2
1673 1
1674 1
1675 1
1676 3
1677 1
1678 1
1679 2
1680 2
1681 2
1682 2
1683 3
1684 2
1685 1
1686 1
1687 2
1688 2
1689 1
1690 2
1691 1
1692 1
1693 1
1694 1
1695 1
1696 6
1697 1
1698 2
1699 1
1700 1
1701 1
1702 1
1703 1
1704 2
1705 1
1706 1
1707 1
1708 5
1709 1
1710 1
1711 2
1712 29
1713 3
1714 2
1715 21
1716 4
1717 1
1718 7
1719 9
1720 10
1721 1
1722 1
1723 2
1724 3
1725 1
1726 1
1727 1
1728 1
1729 1
1730 1
1731 1
1732 1
1733 1
1734 1
1735 1
1736 1
1737 3
1738 2
1739 1
1740 1
1741 1
1742 1
1743 1
1744 1
1745 3
1746 4
1747 5
1748 1
1749 1
1750 1
1751 5
1752 1
1753 48
1754 1
1755 1
1756 3
1757 1
1758 1
1759 1
1760 2
1761 1
1762 1
1763 1
1764 1
1765 1
1766 1
1767 1
1768 1
1769 1
1770 1
1771 1
1772 2
1773 2
1774 2
1775 1
1776 1
1777 2
1778 1
1779 2
1780 1
1781 3
1782 1
1783 4
1784 1
1785 1
1786 2
1787 1
1788 1
1789 1
1790 1
1791 1
1792 1
1793 1
1794 1
1795 4
1796 1
1797 1
1798 7
1799 1
1800 1
1801 1
1802 2
1803 1
1804 1
1805 1
1806 1
1807 1
1808 4
1809 1
1810 3
1811 1
1812 2
1813 2
1814 1
1815 22
1816 1
1817 1
1818 1
1819 1
1820 1
1821 1
1822 1
1823 1
1824 1
1825 1
1826 2
1827 1
1828 5
1829 1
1830 1
1831 2
1832 2
1833 2
1834 2
1835 1
1836 1
1837 2
1838 1
1839 1
1840 1
1841 11
1842 1
1843 1
1844 1
1845 1
1846 1
1847 1
1848 1
1849 1
1850 1
1851 2
1852 1
1853 1
1854 1
1855 4
1856 1
1857 1
1858 1
1859 2
1860 4
1861 3
1862 1
1863 1
1864 1
1865 1
1866 2
1867 1
1868 1
1869 2
1870 1
1871 1
1872 2
1873 1
1874 1
1875 1
1876 2
1877 1
1878 1
1879 2
1880 1
1881 1
1882 1
1883 2
1884 3
1885 1
1886 1
1887 9
1888 2
1889 1
1890 2
1891 5
1892 1
1893 1
1894 1
1895 2
1896 10
1897 1
1898 1
1899 1
1900 2
1901 3
1902 1
1903 2
1904 1
1905 2
1906 2
1907 1
1908 1
1909 3
1910 1
1911 1
1912 1
1913 1
1914 1
1915 1
1916 1
1917 1
1918 1
1919 1
1920 2
1921 1
1922 4
1923 1
1924 2
1925 3
1926 1
1927 1
1928 2
1929 1
1930 1
1931 1
1932 1
1933 2
1934 1
1935 28
1936 7
1937 8
1938 1
1939 1
1940 1
1941 1
1942 1
1943 1
1944 1
1945 1
1946 1
1947 5
1948 45
1949 1
1950 1
1951 8
1952 1
1953 1
1954 1
1955 1
1956 2
1957 1
1958 1
1959 2
1960 2
1961 1
1962 1
1963 4
1964 1
1965 1
1966 2
1967 1
1968 1
1969 1
1970 1
1971 1
1972 2
1973 4
1974 9
1975 1
1976 1
1977 13
1978 1
1979 1
1980 1
1981 4
1982 1
1983 1
1984 3
1985 1
1986 1
1987 1
1988 1
1989 1
1990 3
1991 1
1992 1
1993 2
1994 1
1995 1
1996 1
1997 1
1998 1
1999 2
2000 1
2001 1
2002 1
2003 1
2004 2
2005 1
2006 1
2007 1
2008 1
2009 1
2010 3
2011 1
2012 3
2013 6
2014 1
2015 1
2016 16
2017 6
2018 1
2019 2
2020 1
2021 1
2022 1
2023 2
2024 1
2025 1
2026 1
2027 1
2028 1
2029 2
2030 26
2031 5
2032 1
2033 1
2034 1
2035 1
2036 1
2037 9
2038 1
2039 4
2040 1
2041 2
2042 9
2043 1
2044 1
2045 1
2046 9
2047 1
2048 26
2049 1
2050 1
2051 1
2052 1
2053 1
2054 1
2055 1
2056 1
2057 1
2058 1
2059 1
2060 1
2061 1
2062 1
2063 1
2064 2
2065 2
2066 2
2067 3
2068 1
2069 1
2070 1
2071 2
2072 1
2073 1
2074 1
2075 8
2076 1
2077 1
2078 2
2079 1
2080 2
2081 1
2082 2
2083 1
2084 1
2085 4
2086 2
2087 1
2088 2
2089 1
2090 1
2091 1
2092 1
2093 1
2094 2
2095 1
2096 2
2097 1
2098 1
2099 1
2100 1
2101 1
2102 2
2103 1
2104 457
2105 1
2106 3
2107 3
2108 4
2109 2
2110 4
2111 1
2112 1
2113 2
2114 1
2115 2
2116 2
2117 1
2118 1
2119 1
2120 1
2121 2
2122 2
2123 2
2124 1
2125 1
2126 1
2127 5
2128 1
2129 1
2130 2
2131 1
2132 1
2133 1
2134 1
2135 1
2136 1
2137 1
2138 1
2139 1
2140 1
2141 1
2142 1
2143 1
2144 1
2145 1
2146 1
2147 3
2148 1
2149 1
2150 1
2151 1
2152 2
2153 1
2154 3
2155 1
2156 2
2157 11
2158 1
2159 1
2160 2
2161 1
2162 1
2163 1
2164 5
2165 1
2166 1
2167 3
2168 1
2169 1
2170 1
2171 2
2172 4
2173 1
2174 1
2175 2
2176 2
2177 1
2178 5
2179 1
2180 1
2181 1
2182 1
2183 4
2184 2
2185 1
2186 13
2187 1
2188 1
2189 4
2190 3
2191 1
2192 2
2193 5
2194 1
2195 1
2196 1
2197 2
2198 1
2199 2
2200 1
2201 1
2202 1
2203 1
2204 1
2205 1
2206 1
2207 1
2208 1
2209 1
2210 1
2211 1
2212 1
2213 6
2214 11
2215 2
2216 1
2217 2
2218 1
2219 1
2220 3
2221 4
2222 5
2223 1
2224 1
2225 2
2226 1
2227 1
2228 1
2229 2
2230 3
2231 1
2232 1
2233 1
2234 1
2235 6
2236 1
2237 1
2238 1
2239 1
2240 2
2241 1
2242 3
2243 1
2244 1
2245 3
2246 1
2247 1
2248 3
2249 1
2250 1
2251 1
2252 1
2253 1
2254 1
2255 1
2256 1
2257 1
2258 1
2259 1
2260 1
2261 2
2262 1
2263 1
2264 1
2265 3
2266 1
2267 2
2268 1
2269 3
2270 1
2271 1
2272 1
2273 1
2274 1
2275 1
2276 1
2277 1
2278 2
2279 1
2280 1
2281 1
2282 1
2283 1
2284 1
2285 1
2286 5
2287 1
2288 1
2289 7
2290 1
2291 1
2292 1
2293 2
2294 1
2295 1
2296 1
2297 3
2298 2
2299 3
2300 1
2301 1
2302 1
2303 1
2304 1
2305 1
2306 2
2307 15
2308 1
2309 1
2310 1
2311 3
2312 1
2313 1
2314 1
2315 2
2316 1
2317 1
2318 1
2319 3
2320 1
2321 2
2322 2
2323 1
2324 1
2325 1
2326 4
2327 1
2328 1
2329 1
2330 1
2331 1
2332 1
2333 6
2334 8
2335 3
2336 1
2337 2
2338 1
2339 1
2340 1
2341 8
2342 3
2343 1
2344 1
2345 1
2346 1
2347 1
2348 1
2349 23
2350 1
2351 1
2352 4
2353 1
2354 1
2355 1
2356 1
2357 1
2358 9
2359 1
2360 1
2361 1
2362 1
2363 1
2364 2
2365 1
2366 1
2367 2
2368 1
2369 3
2370 1
2371 2
2372 1
2373 3
2374 2
2375 9
2376 1
2377 1
2378 1
2379 1
2380 1
2381 1
2382 1
2383 3
2384 2
2385 2
2386 1
2387 1
2388 2
2389 1
2390 1
2391 226
2392 1
2393 7
2394 1
2395 1
2396 1
2397 1
2398 1
2399 1
2400 27
2401 1
2402 1
2403 2
2404 2
2405 1
2406 1
2407 1
2408 2
2409 1
2410 1
2411 5
2412 1
2413 1
2414 1
2415 1
2416 2
2417 1
2418 1
2419 4
2420 1
2421 1
2422 74
2423 8
2424 1
2425 1
2426 1
2427 1
2428 6
2429 1
2430 1
2431 2
2432 1
2433 3
2434 1
2435 1
2436 2
2437 2
2438 1
2439 1
2440 1
2441 1
2442 1
2443 1
2444 1
2445 2
2446 2
2447 1
2448 1
2449 3
2450 1
2451 14
2452 1
2453 1
2454 1
2455 5
2456 1
2457 1
2458 1
2459 1
2460 1
2461 3
2462 1
2463 1
2464 11
2465 1
2466 1
2467 1
2468 1
2469 1
2470 1
2471 1
2472 1
2473 1
2474 1
2475 3
2476 6
2477 1
2478 11
2479 2
2480 1
2481 1
2482 2
2483 1
2484 2
2485 1
2486 1
2487 11
2488 1
2489 9
2490 1
2491 1
2492 1
2493 1
2494 5
2495 5
2496 7
2497 5
2498 1
2499 1
2500 1
2501 2
2502 1
2503 1
2504 1
2505 1
2506 2
2507 1
2508 1
2509 1
2510 1
2511 1
2512 2
2513 1
2514 1
2515 1
2516 1
2517 1
2518 1
2519 1
2520 1
2521 1
2522 1
2523 1
2524 1
2525 1
2526 17
2527 2
2528 1
2529 1
2530 1
2531 1
2532 1
2533 4
2534 1
2535 9
2536 2
2537 2
2538 1
2539 1
2540 1
2541 1
2542 1
2543 1
2544 1
2545 1
2546 2
2547 1
2548 46
2549 1
2550 1
2551 1
2552 1
2553 1
2554 1
2555 1
2556 1
2557 1
2558 1
2559 1
2560 1
2561 1
2562 1
2563 2
2564 6
2565 2
2566 1
2567 1
2568 1
2569 1
2570 2
2571 2
2572 1
2573 1
2574 1
2575 2
2576 1
2577 2
2578 1
2579 4
2580 3
2581 2
2582 1
2583 1
2584 2
2585 2
2586 1
2587 2
2588 1
2589 1
2590 2
2591 1
2592 3
2593 1
2594 3
2595 1
2596 5
2597 1
2598 1
2599 1
2600 1
2601 1
2602 1
2603 3
2604 1
2605 1
2606 1
2607 1
2608 2
2609 2
2610 1
2611 1
2612 1
2613 1
2614 1
2615 1
2616 31
2617 1
2618 4
2619 2
2620 1
2621 1
2622 1
2623 1
2624 1
2625 1
2626 1
2627 1
2628 1
2629 1
2630 1
2631 1
2632 1
2633 1
2634 1
2635 2
2636 1
2637 1
2638 1
2639 1
2640 1
2641 1
2642 9
2643 1
2644 1
2645 4
2646 1
2647 3
2648 2
2649 1
2650 2
2651 1
2652 1
2653 1
2654 1
2655 4
2656 1
2657 1
2658 1
2659 1
2660 1
2661 1
2662 1
2663 13
2664 1
2665 1
2666 1
2667 2
2668 1
2669 2
2670 1
2671 2
2672 1
2673 2
2674 2
2675 4
2676 5
2677 1
2678 1
2679 2
2680 1
2681 1
2682 1
2683 8
2684 2
2685 1
2686 7
2687 1
2688 2
2689 1
2690 1
2691 1
2692 5
2693 7
2694 1
2695 1
2696 1
2697 9
2698 1
2699 3
2700 1
2701 1
2702 1
2703 1
2704 1
2705 1
2706 1
2707 1
2708 1
2709 33
2710 1
2711 1
2712 1
2713 1
2714 4
2715 1
2716 2
2717 5
2718 3
2719 2
2720 2
2721 1
2722 2
2723 1
2724 6
2725 1
2726 1
2727 4
2728 1
2729 1
2730 2
2731 1
2732 3
2733 4
2734 1
2735 1
2736 1
2737 1
2738 4
2739 19
2740 1
2741 1
2742 1
2743 1
2744 1
2745 6
2746 1
2747 2
2748 1
2749 5
2750 1
2751 1
2752 1
2753 1
2754 1
2755 1
2756 1
2757 1
2758 8
2759 2
2760 2
2761 1
2762 1
2763 2
2764 1
2765 1
2766 1
2767 3
2768 9
2769 2
2770 2
2771 1
2772 2
2773 1
2774 1
2775 1
2776 1
2777 58
2778 2
2779 7
2780 1
2781 3
2782 1
2783 1
2784 1
2785 2
2786 1
2787 1
2788 2
2789 1
2790 1
2791 1
2792 40
2793 40
2794 7
2795 1
2796 1
2797 1
2798 1
2799 6
2800 2
2801 12
2802 1
2803 1
2804 5
2805 1
2806 1
2807 1
2808 1
2809 2
2810 2
2811 7
2812 1
2813 1
2814 1
2815 1
2816 1
2817 1
2818 1
2819 1
2820 1
2821 1
2822 2
2823 2
2824 2
2825 1
2826 2
2827 1
2828 1
2829 1
2830 3
2831 2
2832 1
2833 2
2834 4
2835 1
2836 1
2837 1
2838 1
2839 1
2840 1
2841 2
2842 1
2843 1
2844 1
2845 1
2846 1
2847 3
2848 2
2849 6
2850 36
2851 3
2852 3
2853 5
2854 1
2855 1
2856 3
2857 1
2858 1
2859 6
2860 1
2861 2
2862 1
2863 1
2864 1
2865 1
2866 1
2867 14
2868 1
2869 3
2870 1
2871 222
2872 1
2873 1
2874 1
2875 1
2876 1
2877 1
2878 1
2879 4
2880 1
2881 1
2882 1
2883 1
2884 1
2885 1
2886 1
2887 1
2888 1
2889 1
2890 1
2891 1
2892 1
2893 5
2894 1
2895 1
2896 2
2897 1
2898 2
2899 1
2900 1
2901 1
2902 1
2903 2
2904 1
2905 2
2906 1
2907 1
2908 1
2909 1
2910 1
2911 1
2912 1
2913 1
2914 2
2915 1
2916 1
2917 1
2918 1
2919 1
2920 1
2921 2
2922 1
2923 1
2924 1
2925 5
2926 1
2927 1
2928 3
2929 1
2930 3
2931 1
2932 1
2933 1
2934 1
2935 1
2936 2
2937 1
2938 1
2939 1
2940 1
2941 1
2942 1
2943 1
2944 6
2945 1
2946 1
2947 1
2948 1
2949 1
2950 2
2951 1
2952 1
2953 1
2954 1
2955 1
2956 1
2957 1
2958 3
2959 1
2960 1
2961 3
2962 2
2963 1
2964 2
2965 1
2966 24
2967 3
2968 1
2969 1
2970 1
2971 1
2972 1
2973 1
2974 1
2975 2
2976 2
2977 1
2978 1
2979 2
2980 1
2981 1
2982 1
2983 1
2984 2
2985 1
2986 1
2987 2
2988 2
2989 1
2990 9
2991 4
2992 1
2993 1
2994 1
2995 1
2996 1
2997 2
2998 1
2999 1
3000 1
3001 1
3002 1
3003 1
3004 1
3005 14
3006 1
3007 1
3008 1
3009 3
3010 1
3011 1
3012 1
3013 3
3014 1
3015 1
3016 6
3017 1
3018 2
3019 1
3020 3
3021 1
3022 2
3023 3
3024 8
3025 1
3026 1
3027 1
3028 1
3029 1
3030 1
3031 3
3032 1
3033 4
3034 4
3035 2
3036 1
3037 3
3038 1
3039 1
3040 2
3041 1
3042 1
3043 2
3044 1
3045 2
3046 3
3047 1
3048 2
3049 1
3050 1
3051 1
3052 14
3053 1
3054 1
3055 5
3056 5
3057 1
3058 11
3059 2
3060 3
3061 1
3062 1
3063 1
3064 4
3065 1
3066 1
3067 1
3068 4
3069 2
3070 1
3071 1
3072 1
3073 1
3074 3
3075 1
3076 2
3077 3
3078 2
3079 1
3080 13
3081 4
3082 1
3083 3
3084 1
3085 1
3086 1
3087 2
3088 2
3089 1
3090 2
3091 2
3092 1
3093 1
3094 3
3095 1
3096 2
3097 2
3098 1
3099 1
3100 2
3101 1
3102 11
3103 1
3104 1
3105 1
3106 1
3107 19
3108 1
3109 1
3110 1
3111 2
3112 23
3113 2
3114 2
3115 1
3116 1
3117 2
3118 1
3119 10
3120 1
3121 2
3122 2
3123 2
3124 1
3125 1
3126 1
3127 1
3128 1
3129 1
3130 1
3131 2
3132 1
3133 1
3134 5
3135 4
3136 2
3137 1
3138 1
3139 1
3140 1
3141 1
3142 1
3143 15
3144 1
3145 1
3146 1
3147 1
3148 3
3149 1
3150 3
3151 1
3152 1
3153 2
3154 1
3155 1
3156 2
3157 2
3158 1
3159 1
3160 1
3161 1
3162 1
3163 1
3164 2
3165 1
3166 1
3167 12
3168 1
3169 3
3170 1
3171 1
3172 1
3173 1
3174 1
3175 3
3176 1
3177 5
3178 1
3179 1
3180 1
3181 1
3182 1
3183 2
3184 1
3185 1
3186 5
3187 2
3188 1
3189 1
3190 1
3191 2
3192 1
3193 1
3194 1
3195 2
3196 2
3197 3
3198 2
3199 1
3200 1
