0 1181
1 1
2 18
3 4
4 1
5 1
6 1
7 1
8 1
9 60
10 1
11 1
12 1
13 1
14 1
15 1
16 3
17 1
18 1
19 1
20 1
21 1
22 15
23 1
24 1
25 1
26 1
27 1
28 4
29 1
30 1
31 1
32 1
33 1
34 4
35 1
36 3
37 2
38 17
39 1
40 1
41 1
42 1
43 1
44 1
45 1
46 3
47 1
48 2
49 2
50 6
51 1
52 2
53 2
54 1
55 1
56 3
57 1
58 1
59 1
60 2
61 1
62 1
63 2
64 1
65 2
66 1
67 1
68 5
69 1
70 1
71 1
72 3
73 1
74 1
75 4
76 4
77 1
78 1
79 1
80 1
81 1
82 39
83 1
84 1
85 1
86 3
87 2
88 1
89 1
90 1
91 4
92 1
93 2
94 1
95 1
96 2
97 10
98 1
99 1
100 1
101 1
102 3
103 4
104 2
105 2
106 1
107 1
108 1
109 2
110 1
111 2
112 2
113 1
114 1
115 1
116 1
117 1
118 1
119 1
120 1
121 4
122 1
123 3
124 1
125 11
126 1
127 1
128 1
129 1
130 1
131 2
132 1
133 1
134 1
135 2
136 1
137 1
138 1
139 1
140 2
141 1
142 1
143 1
144 4
145 1
146 1
147 1
148 1
149 2
150 1
151 1
152 2
153 2
154 1
155 1
156 1
157 3
158 1
159 1
160 1
161 1
162 1
163 4
164 1
165 1
166 2
167 5
168 1
169 1
170 1
171 1
172 1
173 1
174 1
175 2
176 1
177 2
178 2
179 1
180 1
181 1
182 1
183 3
184 3
185 4
186 1
187 1
188 2
189 2
190 8
191 1
192 8
193 2
194 3
195 2
196 1
197 1
198 1
199 6
200 1
201 3
202 1
203 3
204 2
205 1
206 1
207 1
208 1
209 1
210 1
211 38
212 1
213 2
214 1
215 1
216 1
217 1
218 1
219 1
220 2
221 1
222 1
223 1
224 1
225 1
226 1
227 1
228 1
229 2
230 1
231 1
232 1
233 1
234 1
235 3
236 1
237 10
238 2
239 3
240 2
241 1
242 1
243 2
244 1
245 1
246 1
247 1
248 2
249 1
250 1
251 1
252 53
253 2
254 1
255 10
256 2
257 2
258 1
259 10
260 1
261 1
262 1
263 1
264 1
265 14
266 1
267 1
268 3
269 1
270 2
271 1
272 1
273 1
274 1
275 1
276 1
277 4
278 2
279 4
280 2
281 1
282 1
283 1
284 1
285 1
286 1
287 1
288 1
289 1
290 1
291 1
292 1
293 1
294 1
295 1
296 1
297 1
298 2
299 1
300 1
301 2
302 1
303 2
304 1
305 1
306 1
307 1
308 2
309 12
310 1
311 3
312 1
313 1
314 1
315 1
316 3
317 1
318 2
319 2
320 1
321 1
322 1
323 1
324 1
325 1
326 1
327 8
328 1
329 1
330 1
331 1
332 1
333 1
334 1
335 1
336 4
337 1
338 1
339 1
340 1
341 3
342 1
343 1
344 2
345 1
346 1
347 1
348 1
349 2
350 1
351 2
352 3
353 1
354 1
355 2
356 1
357 1
358 1
359 1
360 1
361 1
362 1
363 1
364 2
365 1
366 1
367 1
368 1
369 2
370 5
371 1
372 1
373 2
374 3
375 1
376 1
377 1
378 1
379 1
380 1
381 2
382 2
383 2
384 1
385 1
386 15
387 2
388 1
389 5
390 2
391 1
392 1
393 1
394 2
395 2
396 4
397 1
398 1
399 1
400 8
401 1
402 1
403 1
404 2
405 3
406 1
407 1
408 1
409 2
410 1
411 1
412 2
413 1
414 2
415 1
416 1
417 1
418 1
419 1
420 1
421 1
422 1
423 2
424 1
425 1
426 1
427 1
428 1
429 1
430 1
431 1
432 1
433 1
434 1
435 4
436 1
437 1
438 1
439 1
440 2
441 2
442 1
443 1
444 2
445 4
446 1
447 1
448 9
449 1
450 1
451 2
452 1
453 1
454 1
455 2
456 1
457 1
458 1
459 1
460 1
461 1
462 1
463 1
464 2
465 6
466 1
467 1
468 1
469 2
470 1
471 1
472 2
473 1
474 3
475 2
476 3
477 1
478 2
479 1
480 5
481 1
482 3
483 12
484 1
485 1
486 1
487 1
488 1
489 1
490 1
491 1
492 1
493 1
494 1
495 46
496 1
497 1
498 1
499 1
500 1
501 20
502 59
503 5
504 1
505 1
506 1
507 1
508 1
509 1
510 1
511 1
512 1
513 1
514 1
515 3
516 1
517 6
518 2
519 1
520 1
521 2
522 1
523 4
524 2
525 1
526 3
527 1
528 1
529 1
530 9
531 1
532 1
533 1
534 1
535 1
536 3
537 1
538 11
539 4
540 5
541 1
542 1
543 1
544 1
545 8
546 1
547 1
548 1
549 5
550 2
551 2
552 1
553 6
554 4
555 1
556 1
557 1
558 1
559 2
560 1
561 1
562 1
563 2
564 23
565 1
566 4
567 1
568 8
569 1
570 1
571 1
572 1
573 2
574 1
575 1
576 3
577 1
578 2
579 1
580 1
581 1
582 2
583 1
584 2
585 292
586 1
587 12
588 1
589 5
590 1
591 1
592 1
593 5
594 3
595 2
596 1
597 2
598 1
599 4
600 1
601 2
602 5
603 1
604 1
605 2
606 1
607 1
608 1
609 1
610 1
611 1
612 1
613 1
614 1
615 1
616 3
617 1
618 1
619 1
620 1
621 1
622 1
623 2
624 1
625 3
626 1
627 1
628 1
629 1
630 2
631 1
632 1
633 1
634 1
635 7
636 1
637 1
638 1
639 10
640 1
641 1
642 1
643 117
644 1
645 1
646 1
647 1
648 1
649 1
650 2
651 1
652 1
653 1
654 2
655 1
656 1
657 1
658 6
659 1
660 1
661 1
662 1
663 1
664 1
665 1
666 1
667 1
668 2
669 1
670 1
671 2
672 2
673 1
674 2
675 1
676 5
677 2
678 1
679 1
680 8
681 1
682 4
683 2
684 1
685 1
686 1
687 1
688 1
689 2
690 1
691 1
692 1
693 1
694 2
695 1
696 1
697 2
698 1
699 5
700 1
701 1
702 5
703 1
704 2
705 1
706 1
707 1
708 6
709 5
710 2
711 1
712 1
713 1
714 3
715 1
716 1
717 1
718 1
719 1
720 1
721 6
722 1
723 1
724 1
725 1
726 1
727 3
728 1
729 1
730 1
731 1
732 1
733 1
734 1
735 1
736 2
737 2
738 2
739 1
740 1
741 2
742 1
743 1
744 1
745 1
746 1
747 1
748 4
749 1
750 1
751 1
752 1
753 1
754 1
755 1
756 2
757 1
758 1
759 2
760 1
761 22
762 1
763 3
764 1
765 1
766 1
767 1
768 2
769 1
770 1
771 1
772 1
773 1
774 1
775 2
776 1
777 5
778 2
779 1
780 2
781 7
782 2
783 1
784 2
785 2
786 1
787 1
788 1
789 3
790 1
791 1
792 1
793 1
794 5
795 1
796 1
797 1
798 2
799 1
800 2
801 3
802 1
803 1
804 1
805 1
806 1
807 1
808 1
809 2
810 3
811 3
812 1
813 1
814 1
815 1
816 1
817 30
818 14
819 2
820 1
821 1
822 1
823 1
824 1
825 5
826 1
827 1
828 2
829 7
830 2
831 3
832 1
833 1
834 1
835 2
836 2
837 1
838 2
839 1
840 2
841 1
842 1
843 1
844 1
845 1
846 1
847 10
848 1
849 10
850 2
851 1
852 1
853 1
854 1
855 2
856 4
857 1
858 5
859 6
860 1
861 1
862 1
863 2
864 1
865 1
866 1
867 1
868 1
869 1
870 1
871 1
872 1
873 1
874 1
875 7
876 1
877 1
878 2
879 1
880 1
881 1
882 1
883 1
884 2
885 1
886 1
887 2
888 1
889 1
890 26
891 1
892 1
893 1
894 1
895 1
896 1
897 4
898 1
899 2
900 1
901 1
902 1
903 1
904 12
905 1
906 1
907 1
908 1
909 1
910 1
911 1
912 1
913 3
914 1
915 2
916 1
917 1
918 2
919 2
920 1
921 1
922 1
923 1
924 1
925 1
926 1
927 4
928 1
929 1
930 1
931 3
932 2
933 1
934 1
935 1
936 1
937 1
938 1
939 1
940 1
941 1
942 1
943 1
944 1
945 1
946 1
947 3
948 1
949 2
950 2
951 1
952 1
953 2
954 1
955 1
956 1
957 1
958 1
959 3
960 7
961 2
962 1
963 1
964 1
965 1
966 9
967 1
968 2
969 1
970 1
971 4
972 8
973 2
974 1
975 2
976 2
977 1
978 1
979 1
980 6
981 1
982 1
983 1
984 1
985 1
986 2
987 2
988 1
989 3
990 2
991 1
992 3
993 1
994 20
995 12
996 1
997 1
998 4
999 1
1000 1
1001 5
1002 9
1003 6
1004 1
1005 5
1006 2
1007 1
1008 1
1009 1
1010 1
1011 1
1012 4
1013 1
1014 1
1015 1
1016 2
1017 1
1018 1
1019 2
1020 1
1021 1
1022 1
1023 2
1024 1
1025 8
1026 1
1027 1
1028 2
1029 7
1030 1
1031 4
1032 4
1033 1
1034 1
1035 1
1036 1
1037 1
1038 1
1039 1
1040 2
1041 1
1042 1
1043 1
1044 1
1045 1
1046 1
1047 1
1048 1
1049 1
1050 1
1051 1
1052 19
1053 1
1054 1
1055 1
1056 1
1057 1
1058 1
1059 2
1060 1
1061 1
1062 4
1063 1
1064 2
1065 3
1066 1
1067 1
1068 1
1069 1
1070 1
1071 2
1072 1
1073 4
1074 1
1075 2
1076 2
1077 1
1078 1
1079 1
1080 1
1081 3
1082 2
1083 1
1084 4
1085 1
1086 1
1087 1
1088 2
1089 1
1090 4
1091 3
1092 1
1093 2
1094 5
1095 1
1096 1
1097 2
1098 2
1099 1
1100 3
1101 1
1102 5
1103 1
1104 57
1105 1
1106 1
1107 4
1108 1
1109 1
1110 2
1111 2
1112 1
1113 1
1114 1
1115 1
1116 1
1117 2
1118 1
1119 1
1120 1
1121 1
1122 1
1123 1
1124 3
1125 8
1126 1
1127 3
1128 2
1129 1
1130 5
1131 1
1132 1
1133 1
1134 5
1135 2
1136 1
1137 1
1138 2
1139 1
1140 2
1141 1
1142 1
1143 1
1144 1
1145 1
1146 1
1147 1
1148 3
1149 1
1150 1
1151 1
1152 1
1153 2
1154 1
1155 5
1156 5
1157 2
1158 1
1159 1
1160 1
1161 1
1162 16
1163 2
1164 6
1165 1
1166 1
1167 1
1168 8
1169 1
1170 1
1171 1
1172 1
1173 1
1174 1
1175 2
1176 1
1177 1
1178 1
1179 1
1180 1
1181 1
1182 1
1183 5
1184 1
1185 1
1186 1
1187 1
1188 275
1189 1
1190 1
1191 2
1192 1
1193 2
1194 4
1195 1
1196 1
1197 1
1198 1
1199 1
1200 5
1201 1
1202 2
1203 1
1204 1
1205 1
1206 1
1207 1
1208 2
1209 16
1210 1
1211 3
1212 1
1213 1
1214 1
1215 1
1216 1
1217 40
1218 1
1219 6
1220 3
1221 3
1222 1
1223 1
1224 1
1225 16
1226 1
1227 1
1228 1
1229 1
1230 1
1231 2
1232 1
1233 1
1234 7
1235 1
1236 1
1237 1
1238 1
1239 1
1240 1
1241 1
1242 273
1243 1
1244 1
1245 5
1246 5
1247 1
1248 1
1249 1
1250 2
1251 2
1252 1
1253 2
1254 1
1255 1
1256 1
1257 1
1258 1
1259 3
1260 1
1261 2
1262 3
1263 7
1264 1
1265 1
1266 1
1267 1
1268 1
1269 1
1270 1
1271 1
1272 5
1273 1
1274 1
1275 2
1276 1
1277 2
1278 10
1279 1
1280 2
1281 3
1282 3
1283 27
1284 1
1285 4
1286 1
1287 3
1288 1
1289 1
1290 1
1291 3
1292 1
1293 2
1294 1
1295 1
1296 1
1297 1
1298 1
1299 3
1300 1
1301 1
1302 1
1303 1
1304 4
1305 3
1306 1
1307 1
1308 1
1309 3
1310 1
1311 3
1312 1
1313 15
1314 1
1315 1
1316 4
1317 1
1318 1
1319 4
1320 2
1321 1
1322 3
1323 1
1324 1
1325 2
1326 1
1327 2
1328 1
1329 1
1330 2
1331 8
1332 1
1333 1
1334 1
1335 1
1336 2
1337 1
1338 3
1339 1
1340 1
1341 1
1342 1
1343 4
1344 1
1345 5
1346 1
1347 2
1348 23
1349 1
1350 1
1351 1
1352 1
1353 1
1354 1
1355 2
1356 1
1357 1
1358 1
1359 1
1360 1
1361 1
1362 3
1363 1
1364 1
1365 2
1366 3
1367 2
1368 2
1369 1
1370 1
1371 2
1372 1
1373 1
1374 3
1375 6
1376 2
1377 1
1378 1
1379 1
1380 1
1381 1
1382 1
1383 6
1384 1
1385 1
1386 1
1387 10
1388 1
1389 1
1390 2
1391 1
1392 1
1393 1
1394 1
1395 2
1396 6
1397 3
1398 2
1399 2
1400 1
1401 1
1402 1
1403 1
1404 1
1405 1
1406 3
1407 1
1408 1
1409 1
1410 1
1411 2
1412 1
1413 1
1414 2
1415 1
1416 1
1417 1
1418 2
1419 1
1420 1
1421 1
1422 2
1423 8
1424 7
1425 1
1426 1
1427 2
1428 1
1429 8
1430 1
1431 2
1432 1
1433 9
1434 2
1435 10
1436 7
1437 3
1438 1
1439 3
1440 1
1441 1
1442 1
1443 1
1444 1
1445 1
1446 2
1447 1
1448 1
1449 1
1450 1
1451 1
1452 2
1453 1
1454 1
1455 1
1456 1
1457 1
1458 1
1459 1
1460 1
1461 2
1462 8
1463 1
1464 1
1465 4
1466 1
1467 1
1468 1
1469 1
1470 2
1471 1
1472 1
1473 1
1474 1
1475 1
1476 1
1477 2
1478 1
1479 1
1480 6
1481 2
1482 1
1483 1
1484 1
1485 8
1486 1
1487 1
1488 1
1489 1
1490 2
1491 2
1492 1
1493 1
1494 2
1495 2
1496 1
1497 1
1498 1
1499 1
1500 4
1501 1
1502 3
1503 1
1504 3
1505 1
1506 6
1507 1
1508 5
1509 1
1510 2
1511 2
1512 4
1513 2
1514 1
1515 23
1516 1
1517 1
1518 3
1519 1
1520 4
1521 2
1522 4
1523 1
1524 1
1525 1
1526 1
1527 1
1528 2
1529 4
1530 5
1531 1
1532 1
1533 1
1534 2
1535 2
1536 1
1537 1
1538 1
1539 1
1540 2
1541 1
1542 1
1543 2
1544 1
1545 1
1546 1
1547 1
1548 15
1549 2
1550 2
1551 1
1552 8
1553 2
1554 3
1555 1
1556 4
1557 2
1558 1
1559 3
1560 1
1561 1
1562 1
1563 1
1564 1
1565 1
1566 2
1567 3
1568 1
1569 1
1570 1
1571 2
1572 1
1573 1
1574 5
1575 1
1576 2
1577 1
1578 2
1579 1
1580 3
1581 1
1582 1
1583 2
1584 2
1585 1
1586 2
1587 1
1588 1
1589 1
1590 1
1591 1
1592 3
1593 1
1594 1
1595 1
1596 1
1597 1
1598 2
1599 1
1600 1
1601 3
1602 1
1603 5
1604 1
1605 1
1606 9
1607 1
1608 22
1609 1
1610 41
1611 3
1612 1
1613 44
1614 1
1615 1
1616 8
1617 7
1618 2
1619 3
1620 6
1621 2
1622 1
1623 1
1624 1
1625 2
1626 1
1627 1
1628 1
1629 1
1630 1
1631 1
1632 2
1633 1
1634 1
1635 2
1636 1
1637 1
1638 1
1639 1
1640 1
1641 1
1642 1
1643 1
1644 3
1645 4
1646 4
1647 2
1648 1
1649 6
1650 1
1651 5
1652 2
1653 1
1654 6
1655 1
1656 1
1657 1
1658 1
1659 1
1660 1
1661 2
1662 1
1663 1
1664 3
1665 1
1666 1
1667 7
1668 4
1669 1
1670 1
1671 2
1672 1
1673 1
1674 1
1675 6
1676 1
1677 1
1678 3
1679 3
1680 1
1681 2
1682 1
1683 1
1684 1
1685 12
1686 1
1687 3
1688 2
1689 3
1690 1
1691 1
1692 1
1693 1
1694 1
1695 2
1696 1
1697 1
1698 1
1699 1
1700 1
1701 2
1702 1
1703 8
1704 1
1705 7
1706 5
1707 1
1708 1
1709 1
1710 5
1711 1
1712 3
1713 1
1714 1
1715 1
1716 1
1717 14
1718 1
1719 3
1720 1
1721 1
1722 2
1723 1
1724 1
1725 1
1726 3
1727 1
1728 1
1729 1
1730 1
1731 1
1732 1
1733 1
1734 1
1735 1
1736 9
1737 1
1738 1
1739 1
1740 2
1741 1
1742 1
1743 1
1744 1
1745 3
1746 1
1747 1
1748 5
1749 22
1750 7
1751 1
1752 5
1753 1
1754 1
1755 1
1756 2
1757 2
1758 1
1759 1
1760 5
1761 1
1762 5
1763 13
1764 1
1765 3
1766 1
1767 1
1768 1
1769 1
1770 1
1771 4
1772 1
1773 2
1774 2
1775 2
1776 1
1777 1
1778 1
1779 2
1780 4
1781 1
1782 1
1783 1
1784 2
1785 4
1786 1
1787 1
1788 1
1789 1
1790 1
1791 1
1792 1
1793 3
1794 1
1795 19
1796 1
1797 1
1798 1
1799 1
1800 1
1801 1
1802 3
1803 2
1804 1
1805 5
1806 1
1807 1
1808 1
1809 1
1810 1
1811 1
1812 2
1813 2
1814 2
1815 2
1816 1
1817 1
1818 1
1819 15
1820 2
1821 2
1822 2
1823 1
1824 1
1825 3
1826 1
1827 1
1828 2
1829 1
1830 1
1831 1
1832 1
1833 2
1834 1
1835 1
1836 1
1837 1
1838 2
1839 1
1840 1
1841 2
1842 1
1843 4
1844 1
1845 1
1846 1
1847 1
1848 1
1849 1
1850 34
1851 2
1852 8
1853 1
1854 1
1855 1
1856 1
1857 1
1858 5
1859 1
1860 1
1861 2
1862 2
1863 4
1864 1
1865 2
1866 1
1867 1
1868 1
1869 1
1870 1
1871 49
1872 1
1873 1
1874 1
1875 1
1876 1
1877 3
1878 2
1879 1
1880 1
1881 1
1882 1
1883 1
1884 1
1885 1
1886 1
1887 1
1888 3
1889 1
1890 1
1891 1
1892 4
1893 1
1894 1
1895 3
1896 1
1897 1
1898 2
1899 1
1900 2
1901 1
1902 1
1903 2
1904 11
1905 1
1906 1
1907 15
1908 1
1909 1
1910 1
1911 2
1912 2
1913 1
1914 1
1915 1
1916 1
1917 2
1918 5
1919 1
1920 1
1921 1
1922 1
1923 1
1924 1
1925 1
1926 1
1927 1
1928 2
1929 1
1930 1
1931 1
1932 1
1933 1
1934 2
1935 2
1936 1
1937 2
1938 1
1939 1
1940 3
1941 1
1942 1
1943 1
1944 4
1945 2
1946 14
1947 1
1948 1
1949 1
1950 1
1951 1
1952 1
1953 4
1954 1
1955 1
1956 1
1957 1
1958 2
1959 4
1960 5
1961 1
1962 1
1963 1
1964 1
1965 2
1966 1
1967 3
1968 1
1969 1
1970 42
1971 3
1972 1
1973 1
1974 2
1975 5
1976 1
1977 1
1978 1
1979 1
1980 1
1981 9
1982 8
1983 1
1984 11
1985 1
1986 1
1987 1
1988 1
1989 1
1990 3
1991 1
1992 4
1993 1
1994 1
1995 1
1996 3
1997 2
1998 1
1999 1
2000 1
2001 1
2002 1
2003 1
2004 1
2005 4
2006 1
2007 1
2008 3
2009 6
2010 1
2011 1
2012 1
2013 1
2014 1
2015 2
2016 2
2017 4
2018 2
2019 1
2020 2
2021 1
2022 1
2023 1
2024 1
2025 2
2026 1
2027 2
2028 1
2029 1
2030 1
2031 1
2032 1
2033 2
2034 1
2035 1
2036 2
2037 1
2038 1
2039 1
2040 2
2041 1
2042 1
2043 5
2044 1
2045 1
2046 1
2047 1
2048 1
2049 1
2050 11
2051 3
2052 1
2053 1
2054 2
2055 2
2056 1
2057 1
2058 4
2059 2
2060 1
2061 2
2062 2
2063 1
2064 1
2065 1
2066 1
2067 4
2068 6
2069 1
2070 1
2071 1
2072 1
2073 1
2074 1
2075 2
2076 1
2077 1
2078 7
2079 1
2080 1
2081 1
2082 2
2083 1
2084 5
2085 7
2086 2
2087 1
2088 1
2089 1
2090 1
2091 1
2092 1
2093 1
2094 1
2095 1
2096 1
2097 3
2098 2
2099 1
2100 1
2101 1
2102 8
2103 1
2104 5
2105 1
2106 6
2107 4
2108 13
2109 1
2110 5
2111 1
2112 3
2113 1
2114 1
2115 2
2116 1
2117 1
2118 1
2119 1
2120 4
2121 1
2122 1
2123 1
2124 2
2125 2
2126 1
2127 1
2128 2
2129 1
2130 1
2131 1
2132 2
2133 2
2134 2
2135 1
2136 2
2137 5
2138 1
2139 13
2140 1
2141 1
2142 1
2143 1
2144 2
2145 1
2146 2
2147 1
2148 1
2149 1
2150 1
2151 1
2152 1
2153 1
2154 1
2155 1
2156 1
2157 1
2158 1
2159 2
2160 2
2161 1
2162 1
2163 1
2164 1
2165 1
2166 1
2167 1
2168 1
2169 5
2170 3
2171 1
2172 2
2173 3
2174 1
2175 1
2176 4
2177 1
2178 1
2179 2
2180 1
2181 1
2182 2
2183 1
2184 1
2185 1
2186 1
2187 1
2188 1
2189 4
2190 11
2191 16
2192 1
2193 1
2194 1
2195 1
2196 1
2197 1
2198 1
2199 1
2200 1
2201 2
2202 1
2203 1
2204 1
2205 2
2206 1
2207 15
2208 1
2209 3
2210 2
2211 1
2212 1
2213 7
2214 1
2215 1
2216 2
2217 2
2218 1
2219 2
2220 2
2221 2
2222 1
2223 1
2224 4
2225 1
2226 1
2227 1
2228 1
2229 1
2230 1
2231 1
2232 1
2233 1
2234 1
2235 1
2236 8
2237 8
2238 1
2239 1
2240 1
2241 2
2242 2
2243 1
2244 2
2245 1
2246 2
2247 1
2248 1
2249 1
2250 1
2251 1
2252 1
2253 2
2254 1
2255 2
2256 1
2257 1
2258 2
2259 1
2260 1
2261 1
2262 1
2263 1
2264 2
2265 5
2266 3
2267 1
2268 1
2269 1
2270 3
2271 1
2272 1
2273 1
2274 1
2275 5
2276 3
2277 1
2278 1
2279 2
2280 1
2281 1
2282 21
2283 1
2284 1
2285 1
2286 1
2287 4
2288 1
2289 1
2290 1
2291 1
2292 1
2293 1
2294 1
2295 1
2296 1
2297 1
2298 1
2299 2
2300 1
2301 1
2302 4
2303 1
2304 1
2305 1
2306 2
2307 10
2308 1
2309 1
2310 1
2311 1
2312 1
2313 1
2314 3
2315 1
2316 1
2317 1
2318 1
2319 215
2320 7
2321 1
2322 9
2323 3
2324 1
2325 1
2326 2
2327 26
2328 1
2329 1
2330 1
2331 1
2332 1
2333 1
2334 2
2335 3
2336 1
2337 1
2338 3
2339 1
2340 3
2341 1
2342 1
2343 1
2344 1
2345 1
2346 2
2347 6
2348 1
2349 2
2350 5
2351 86
2352 7
2353 1
2354 4
2355 1
2356 1
2357 2
2358 1
2359 1
2360 1
2361 1
2362 1
2363 1
2364 1
2365 1
2366 1
2367 1
2368 5
2369 1
2370 1
2371 1
2372 1
2373 1
2374 1
2375 3
2376 2
2377 2
2378 1
2379 1
2380 1
2381 5
2382 1
2383 1
2384 2
2385 1
2386 2
2387 20
2388 1
2389 3
2390 2
2391 1
2392 1
2393 3
2394 1
2395 1
2396 12
2397 1
2398 1
2399 1
2400 1
2401 1
2402 1
2403 1
2404 24
2405 3
2406 5
2407 1
2408 1
2409 2
2410 1
2411 1
2412 1
2413 1
2414 1
2415 3
2416 1
2417 2
2418 1
2419 1
2420 1
2421 1
2422 2
2423 1
2424 1
2425 1
2426 5
2427 2
2428 1
2429 2
2430 1
2431 2
2432 5
2433 1
2434 2
2435 1
2436 1
2437 1
2438 3
2439 1
2440 1
2441 1
2442 16
2443 1
2444 1
2445 1
2446 1
2447 1
2448 1
2449 6
2450 1
2451 2
2452 1
2453 1
2454 18
2455 1
2456 2
2457 1
2458 1
2459 1
2460 1
2461 2
2462 1
2463 1
2464 11
2465 1
2466 1
2467 55
2468 1
2469 1
2470 1
2471 1
2472 4
2473 1
2474 1
2475 4
2476 1
2477 1
2478 1
2479 1
2480 1
2481 1
2482 1
2483 1
2484 4
2485 3
2486 1
2487 11
2488 1
2489 1
2490 1
2491 1
2492 1
2493 2
2494 1
2495 2
2496 1
2497 2
2498 1
2499 1
2500 1
2501 1
2502 1
2503 2
2504 1
2505 1
2506 1
2507 1
2508 1
2509 1
2510 6
2511 2
2512 2
2513 2
2514 1
2515 1
2516 5
2517 1
2518 2
2519 1
2520 3
2521 1
2522 1
2523 1
2524 1
2525 1
2526 9
2527 1
2528 1
2529 1
2530 3
2531 4
2532 1
2533 1
2534 1
2535 1
2536 1
2537 25
2538 4
2539 2
2540 1
2541 1
2542 1
2543 1
2544 2
2545 1
2546 1
2547 2
2548 1
2549 1
2550 1
2551 1
2552 1
2553 1
2554 1
2555 3
2556 1
2557 1
2558 1
2559 1
2560 1
2561 1
2562 5
2563 4
2564 1
2565 1
2566 3
2567 3
2568 1
2569 2
2570 1
2571 3
2572 2
2573 1
2574 1
2575 1
2576 1
2577 1
2578 1
2579 1
2580 1
2581 1
2582 1
2583 1
2584 1
2585 1
2586 1
2587 1
2588 2
2589 2
2590 5
2591 1
2592 5
2593 2
2594 2
2595 1
2596 1
2597 4
2598 1
2599 2
2600 1
2601 2
2602 1
2603 2
2604 12
2605 1
2606 1
2607 5
2608 1
2609 1
2610 3
2611 1
2612 1
2613 13
2614 1
2615 1
2616 2
2617 1
2618 1
2619 8
2620 3
2621 1
2622 1
2623 1
2624 2
2625 1
2626 1
2627 1
2628 1
2629 1
2630 4
2631 16
2632 2
2633 1
2634 1
2635 2
2636 2
2637 5
2638 5
2639 1
2640 1
2641 1
2642 1
2643 2
2644 1
2645 8
2646 1
2647 1
2648 1
2649 1
2650 2
2651 7
2652 1
2653 3
2654 1
2655 1
2656 1
2657 1
2658 1
2659 1
2660 1
2661 3
2662 12
2663 1
2664 1
2665 2
2666 1
2667 2
2668 1
2669 1
2670 3
2671 2
2672 1
2673 1
2674 3
2675 1
2676 2
2677 1
2678 1
2679 4
2680 18
2681 1
2682 1
2683 3
2684 4
2685 1
2686 2
2687 4
2688 56
2689 2
2690 1
2691 1
2692 1
2693 1
2694 10
2695 1
2696 1
2697 1
2698 1
2699 2
2700 1
2701 39
2702 37
2703 12
2704 1
2705 1
2706 1
2707 1
2708 2
2709 1
2710 1
2711 1
2712 10
2713 2
2714 1
2715 6
2716 1
2717 1
2718 1
2719 1
2720 1
2721 1
2722 1
2723 5
2724 1
2725 1
2726 3
2727 13
2728 2
2729 1
2730 1
2731 1
2732 1
2733 1
2734 1
2735 2
2736 1
2737 1
2738 1
2739 1
2740 1
2741 1
2742 1
2743 2
2744 1
2745 1
2746 1
2747 2
2748 1
2749 1
2750 2
2751 1
2752 1
2753 1
2754 2
2755 2
2756 1
2757 1
2758 1
2759 2
2760 1
2761 6
2762 4
2763 10
2764 2
2765 1
2766 2
2767 1
2768 441
2769 1
2770 5
2771 1
2772 1
2773 1
2774 7
2775 1
2776 4
2777 5
2778 2
2779 1
2780 2
2781 1
2782 1
2783 11
2784 1
2785 3
2786 1
2787 1
2788 2
2789 2
2790 1
2791 2
2792 1
2793 3
2794 1
2795 1
2796 1
2797 1
2798 1
2799 1
2800 1
2801 9
2802 3
2803 1
2804 3
2805 1
2806 2
2807 1
2808 1
2809 5
2810 8
2811 1
2812 1
2813 1
2814 1
2815 2
2816 4
2817 1
2818 1
2819 4
2820 1
2821 3
2822 1
2823 3
2824 1
2825 1
2826 2
2827 1
2828 1
2829 1
2830 1
2831 1
2832 1
2833 1
2834 1
2835 2
2836 3
2837 1
2838 1
2839 1
2840 1
2841 2
2842 5
2843 1
2844 1
2845 1
2846 1
2847 2
2848 3
2849 2
2850 1
2851 1
2852 4
2853 1
2854 9
2855 1
2856 1
2857 1
2858 1
2859 1
2860 1
2861 2
2862 1
2863 1
2864 1
2865 1
2866 5
2867 3
2868 2
2869 1
2870 4
2871 1
2872 1
2873 2
2874 1
2875 21
2876 1
2877 2
2878 2
2879 1
2880 4
2881 1
2882 1
2883 1
2884 2
2885 1
2886 2
2887 1
2888 1
2889 1
2890 1
2891 1
2892 1
2893 12
2894 1
2895 1
2896 2
2897 6
2898 11
2899 2
2900 3
2901 1
2902 1
2903 2
2904 1
2905 3
2906 1
2907 1
2908 1
2909 1
2910 1
2911 2
2912 2
2913 1
2914 4
2915 1
2916 1
2917 1
2918 1
2919 1
2920 2
2921 1
2922 1
2923 1
2924 1
2925 1
2926 1
2927 1
2928 2
2929 1
2930 3
2931 1
2932 1
2933 2
2934 2
2935 1
2936 1
2937 2
2938 1
2939 1
2940 1
2941 1
2942 1
2943 1
2944 1
2945 1
2946 4
2947 3
2948 2
2949 1
2950 2
2951 1
2952 1
2953 1
2954 1
2955 1
2956 2
2957 6
2958 2
2959 1
2960 1
2961 3
2962 1
2963 2
2964 2
2965 1
2966 1
2967 8
2968 1
2969 1
2970 1
2971 1
2972 1
2973 2
2974 2
2975 7
2976 1
2977 3
2978 4
2979 1
2980 10
2981 1
2982 4
2983 2
2984 1
2985 6
2986 1
2987 3
2988 1
2989 2
2990 2
2991 1
2992 2
2993 2
2994 3
2995 1
2996 9
2997 1
2998 2
2999 6
3000 1
3001 1
3002 3
3003 1
3004 1
3005 11
3006 1
3007 19
3008 1
3009 2
3010 1
3011 1
3012 1
3013 1
3014 1
3015 1
3016 1
3017 1
3018 1
3019 1
3020 3
3021 7
3022 5
3023 2
3024 5
3025 1
3026 1
3027 1
3028 2
3029 1
3030 1
3031 1
3032 1
3033 1
3034 7
3035 1
3036 1
3037 1
3038 3
3039 1
3040 1
3041 1
3042 1
3043 1
3044 1
3045 1
3046 1
3047 27
3048 1
3049 1
3050 1
3051 2
3052 1
3053 1
3054 1
3055 1
3056 1
3057 1
3058 2
3059 1
3060 1
3061 2
3062 1
3063 1
3064 1
3065 5
3066 1
3067 1
3068 3
3069 1
3070 1
3071 1
3072 1
3073 1
3074 2
3075 4
3076 2
3077 8
3078 1
3079 1
3080 1
3081 1
3082 1
3083 1
3084 4
3085 1
3086 2
3087 1
3088 2
3089 8
3090 6
3091 1
3092 2
3093 1
3094 1
3095 2
3096 1
3097 1
3098 1
3099 1
3100 2
3101 1
3102 1
3103 2
3104 1
3105 2
