0 1355
1 1
2 1
3 20
4 1
5 1
6 2
7 1
8 1
9 2
10 1
11 1
12 1
13 2
14 1
15 2
16 1
17 1
18 1
19 7
20 1
21 1
22 13
23 1
24 2
25 1
26 1
27 1
28 1
29 1
30 1
31 1
32 1
33 1
34 2
35 2
36 1
37 1
38 1
39 2
40 1
41 1
42 1
43 1
44 1
45 2
46 1
47 1
48 2
49 5
50 1
51 1
52 9
53 1
54 1
55 1
56 1
57 1
58 1
59 1
60 1
61 2
62 1
63 1
64 1
65 2
66 2
67 2
68 1
69 6
70 1
71 6
72 1
73 1
74 1
75 1
76 1
77 1
78 1
79 1
80 1
81 1
82 1
83 1
84 1
85 1
86 2
87 1
88 4
89 1
90 1
91 1
92 1
93 1
94 1
95 3
96 43
97 2
98 1
99 1
100 2
101 1
102 7
103 1
104 3
105 2
106 1
107 1
108 1
109 10
110 1
111 1
112 1
113 1
114 8
115 6
116 3
117 2
118 1
119 1
120 1
121 1
122 9
123 3
124 1
125 1
126 1
127 1
128 1
129 1
130 3
131 1
132 2
133 15
134 2
135 1
136 1
137 1
138 1
139 1
140 1
141 6
142 1
143 1
144 1
145 2
146 2
147 1
148 1
149 3
150 1
151 1
152 1
153 3
154 3
155 1
156 1
157 1
158 1
159 1
160 1
161 1
162 1
163 2
164 1
165 3
166 1
167 1
168 1
169 3
170 1
171 2
172 1
173 1
174 1
175 2
176 8
177 10
178 1
179 1
180 3
181 1
182 1
183 3
184 1
185 1
186 3
187 1
188 1
189 1
190 3
191 1
192 1
193 1
194 2
195 1
196 4
197 1
198 2
199 1
200 1
201 3
202 1
203 1
204 3
205 8
206 1
207 2
208 9
209 1
210 2
211 1
212 1
213 1
214 1
215 1
216 1
217 1
218 1
219 1
220 1
221 2
222 4
223 1
224 7
225 1
226 1
227 1
228 1
229 1
230 1
231 1
232 1
233 1
234 1
235 39
236 3
237 1
238 5
239 1
240 2
241 1
242 1
243 2
244 1
245 1
246 3
247 1
248 1
249 1
250 1
251 1
252 2
253 1
254 1
255 1
256 1
257 1
258 1
259 2
260 1
261 1
262 1
263 1
264 1
265 1
266 1
267 1
268 1
269 1
270 1
271 1
272 1
273 1
274 1
275 1
276 1
277 1
278 5
279 1
280 3
281 1
282 5
283 1
284 1
285 1
286 1
287 2
288 11
289 1
290 2
291 1
292 16
293 1
294 1
295 1
296 1
297 2
298 1
299 1
300 2
301 6
302 1
303 23
304 1
305 1
306 11
307 1
308 1
309 2
310 1
311 4
312 1
313 1
314 1
315 1
316 2
317 1
318 2
319 1
320 3
321 1
322 1
323 1
324 1
325 1
326 2
327 8
328 2
329 1
330 1
331 6
332 1
333 1
334 1
335 2
336 1
337 1
338 1
339 2
340 1
341 1
342 1
343 1
344 2
345 1
346 15
347 1
348 1
349 1
350 1
351 1
352 1
353 1
354 1
355 3
356 6
357 3
358 2
359 1
360 1
361 2
362 1
363 1
364 1
365 1
366 1
367 1
368 1
369 1
370 1
371 1
372 18
373 1
374 2
375 1
376 1
377 1
378 2
379 1
380 1
381 1
382 1
383 1
384 1
385 1
386 1
387 1
388 2
389 8
390 1
391 3
392 1
393 1
394 4
395 1
396 1
397 4
398 1
399 1
400 4
401 3
402 14
403 3
404 1
405 1
406 1
407 1
408 1
409 1
410 1
411 1
412 1
413 1
414 1
415 1
416 1
417 1
418 1
419 1
420 1
421 6
422 1
423 1
424 1
425 2
426 1
427 1
428 1
429 1
430 1
431 1
432 1
433 1
434 27
435 2
436 2
437 1
438 1
439 1
440 1
441 4
442 3
443 1
444 1
445 1
446 2
447 1
448 1
449 1
450 1
451 1
452 1
453 3
454 2
455 1
456 1
457 1
458 2
459 1
460 2
461 1
462 1
463 1
464 2
465 1
466 1
467 1
468 1
469 1
470 6
471 1
472 1
473 1
474 2
475 1
476 1
477 1
478 1
479 1
480 2
481 1
482 1
483 1
484 1
485 1
486 1
487 2
488 1
489 1
490 1
491 1
492 1
493 1
494 1
495 1
496 1
497 1
498 1
499 38
500 1
501 1
502 3
503 1
504 1
505 2
506 1
507 3
508 1
509 1
510 1
511 2
512 1
513 1
514 1
515 1
516 2
517 1
518 7
519 1
520 1
521 1
522 1
523 1
524 1
525 4
526 3
527 1
528 1
529 7
530 1
531 1
532 3
533 3
534 1
535 13
536 1
537 1
538 1
539 1
540 2
541 3
542 1
543 1
544 4
545 1
546 1
547 1
548 21
549 67
550 1
551 1
552 1
553 1
554 2
555 1
556 1
557 1
558 1
559 1
560 1
561 1
562 2
563 6
564 4
565 1
566 1
567 1
568 1
569 3
570 3
571 1
572 1
573 1
574 1
575 1
576 6
577 3
578 4
579 1
580 1
581 1
582 5
583 1
584 1
585 1
586 7
587 1
588 2
589 2
590 1
591 5
592 1
593 1
594 1
595 1
596 5
597 3
598 1
599 1
600 1
601 1
602 1
603 1
604 3
605 8
606 3
607 1
608 1
609 20
610 1
611 2
612 1
613 1
614 1
615 1
616 9
617 1
618 1
619 2
620 1
621 1
622 1
623 1
624 3
625 1
626 1
627 1
628 1
629 1
630 1
631 1
632 1
633 1
634 350
635 3
636 9
637 1
638 1
639 1
640 1
641 5
642 1
643 1
644 1
645 1
646 2
647 4
648 1
649 13
650 1
651 2
652 1
653 1
654 1
655 1
656 1
657 1
658 1
659 3
660 2
661 1
662 2
663 2
664 1
665 1
666 1
667 2
668 1
669 2
670 2
671 1
672 1
673 1
674 5
675 2
676 1
677 3
678 3
679 1
680 1
681 1
682 1
683 1
684 3
685 1
686 1
687 4
688 1
689 1
690 1
691 1
692 2
693 2
694 1
695 122
696 2
697 1
698 3
699 1
700 1
701 1
702 1
703 1
704 1
705 1
706 1
707 1
708 1
709 1
710 1
711 1
712 1
713 4
714 2
715 2
716 2
717 1
718 1
719 1
720 1
721 1
722 2
723 2
724 1
725 1
726 5
727 2
728 1
729 1
730 31
731 1
732 1
733 1
734 3
735 1
736 1
737 1
738 2
739 2
740 1
741 2
742 4
743 1
744 1
745 1
746 2
747 2
748 1
749 1
750 2
751 1
752 1
753 1
754 1
755 1
756 4
757 1
758 1
759 1
760 3
761 2
762 1
763 2
764 1
765 2
766 1
767 5
768 1
769 17
770 1
771 1
772 2
773 1
774 1
775 1
776 1
777 1
778 6
779 1
780 1
781 1
782 1
783 2
784 2
785 1
786 1
787 1
788 1
789 1
790 1
791 2
792 2
793 1
794 2
795 2
796 1
797 1
798 1
799 1
800 1
801 1
802 3
803 1
804 2
805 1
806 1
807 1
808 1
809 1
810 1
811 1
812 1
813 1
814 1
815 2
816 3
817 2
818 3
819 1
820 1
821 1
822 1
823 1
824 1
825 1
826 1
827 2
828 1
829 1
830 1
831 3
832 1
833 1
834 4
835 1
836 1
837 3
838 1
839 2
840 1
841 1
842 1
843 1
844 1
845 3
846 1
847 1
848 1
849 1
850 1
851 1
852 1
853 1
854 1
855 1
856 1
857 1
858 5
859 1
860 6
861 1
862 1
863 6
864 1
865 1
866 1
867 1
868 2
869 1
870 2
871 1
872 10
873 1
874 1
875 1
876 1
877 1
878 1
879 32
880 11
881 1
882 1
883 2
884 1
885 1
886 1
887 1
888 1
889 2
890 2
891 1
892 1
893 6
894 1
895 1
896 2
897 8
898 1
899 1
900 1
901 1
902 2
903 1
904 1
905 1
906 1
907 1
908 2
909 1
910 2
911 2
912 2
913 7
914 1
915 10
916 1
917 1
918 2
919 3
920 1
921 1
922 2
923 5
924 1
925 1
926 1
927 6
928 7
929 5
930 1
931 1
932 1
933 1
934 2
935 1
936 3
937 1
938 1
939 1
940 1
941 1
942 1
943 1
944 2
945 1
946 1
947 1
948 4
949 1
950 2
951 3
952 1
953 1
954 1
955 4
956 2
957 6
958 1
959 1
960 1
961 1
962 2
963 1
964 1
965 1
966 1
967 3
968 1
969 26
970 2
971 1
972 1
973 2
974 1
975 1
976 1
977 1
978 1
979 1
980 1
981 1
982 8
983 1
984 2
985 1
986 2
987 2
988 1
989 1
990 1
991 1
992 6
993 1
994 1
995 1
996 3
997 1
998 2
999 1
1000 2
1001 1
1002 1
1003 1
1004 1
1005 1
1006 1
1007 1
1008 1
1009 1
1010 1
1011 1
1012 3
1013 2
1014 1
1015 1
1016 2
1017 1
1018 2
1019 1
1020 1
1021 1
1022 6
1023 2
1024 3
1025 1
1026 1
1027 3
1028 1
1029 1
1030 1
1031 1
1032 1
1033 1
1034 1
1035 1
1036 1
1037 12
1038 2
1039 1
1040 1
1041 1
1042 1
1043 3
1044 1
1045 2
1046 10
1047 1
1048 1
1049 1
1050 3
1051 1
1052 1
1053 3
1054 1
1055 1
1056 2
1057 1
1058 2
1059 1
1060 4
1061 1
1062 1
1063 2
1064 1
1065 1
1066 1
1067 1
1068 1
1069 1
1070 1
1071 1
1072 1
1073 1
1074 1
1075 1
1076 2
1077 21
1078 12
1079 6
1080 1
1081 1
1082 1
1083 1
1084 2
1085 10
1086 1
1087 4
1088 2
1089 1
1090 1
1091 1
1092 1
1093 2
1094 1
1095 1
1096 2
1097 1
1098 1
1099 1
1100 1
1101 1
1102 1
1103 1
1104 11
1105 2
1106 1
1107 5
1108 6
1109 3
1110 1
1111 1
1112 6
1113 1
1114 3
1115 5
1116 1
1117 1
1118 1
1119 1
1120 1
1121 1
1122 1
1123 1
1124 1
1125 2
1126 3
1127 6
1128 1
1129 1
1130 1
1131 1
1132 1
1133 1
1134 1
1135 1
1136 1
1137 1
1138 1
1139 5
1140 1
1141 1
1142 3
1143 20
1144 1
1145 1
1146 1
1147 2
1148 1
1149 1
1150 1
1151 1
1152 1
1153 2
1154 1
1155 7
1156 3
1157 1
1158 3
1159 2
1160 1
1161 2
1162 1
1163 4
1164 1
1165 2
1166 1
1167 1
1168 1
1169 1
1170 1
1171 1
1172 1
1173 2
1174 1
1175 4
1176 2
1177 1
1178 1
1179 1
1180 1
1181 1
1182 1
1183 5
1184 1
1185 2
1186 5
1187 3
1188 1
1189 1
1190 1
1191 1
1192 1
1193 1
1194 1
1195 58
1196 2
1197 1
1198 1
1199 1
1200 3
1201 4
1202 2
1203 2
1204 48
1205 1
1206 1
1207 1
1208 1
1209 1
1210 1
1211 1
1212 1
1213 2
1214 1
1215 1
1216 1
1217 1
1218 1
1219 1
1220 1
1221 2
1222 3
1223 1
1224 2
1225 1
1226 8
1227 1
1228 1
1229 4
1230 1
1231 2
1232 1
1233 1
1234 3
1235 1
1236 1
1237 1
1238 2
1239 2
1240 1
1241 1
1242 1
1243 1
1244 1
1245 1
1246 1
1247 1
1248 5
1249 6
1250 1
1251 1
1252 1
1253 1
1254 1
1255 5
1256 1
1257 1
1258 1
1259 1
1260 2
1261 4
1262 1
1263 1
1264 2
1265 1
1266 1
1267 1
1268 1
1269 1
1270 23
1271 1
1272 1
1273 1
1274 1
1275 1
1276 2
1277 1
1278 2
1279 1
1280 1
1281 1
1282 1
1283 2
1284 1
1285 1
1286 1
1287 1
1288 1
1289 1
1290 1
1291 1
1292 1
1293 1
1294 1
1295 1
1296 2
1297 2
1298 1
1299 1
1300 2
1301 1
1302 1
1303 1
1304 1
1305 1
1306 9
1307 1
1308 1
1309 1
1310 1
1311 1
1312 4
1313 1
1314 1
1315 2
1316 1
1317 1
1318 4
1319 1
1320 4
1321 1
1322 1
1323 1
1324 1
1325 1
1326 1
1327 1
1328 1
1329 1
1330 1
1331 1
1332 3
1333 1
1334 1
1335 1
1336 1
1337 1
1338 1
1339 1
1340 1
1341 43
1342 1
1343 1
1344 1
1345 1
1346 32
1347 1
1348 1
1349 1
1350 1
1351 1
1352 1
1353 1
1354 1
1355 1
1356 2
1357 1
1358 1
1359 5
1360 1
1361 1
1362 1
1363 1
1364 1
1365 2
1366 1
1367 1
1368 1
1369 1
1370 261
1371 3
1372 1
1373 1
1374 6
1375 1
1376 2
1377 1
1378 1
1379 1
1380 1
1381 1
1382 1
1383 1
1384 1
1385 1
1386 1
1387 3
1388 1
1389 1
1390 1
1391 1
1392 1
1393 4
1394 4
1395 1
1396 1
1397 1
1398 1
1399 1
1400 1
1401 1
1402 2
1403 1
1404 1
1405 1
1406 1
1407 1
1408 1
1409 1
1410 1
1411 2
1412 1
1413 1
1414 6
1415 1
1416 2
1417 1
1418 38
1419 1
1420 1
1421 2
1422 1
1423 1
1424 4
1425 2
1426 1
1427 1
1428 1
1429 1
1430 1
1431 2
1432 2
1433 1
1434 1
1435 3
1436 1
1437 1
1438 1
1439 1
1440 1
1441 1
1442 10
1443 1
1444 2
1445 1
1446 6
1447 1
1448 3
1449 1
1450 3
1451 11
1452 3
1453 1
1454 1
1455 4
1456 1
1457 1
1458 2
1459 1
1460 1
1461 1
1462 1
1463 1
1464 1
1465 8
1466 2
1467 2
1468 1
1469 4
1470 1
1471 1
1472 1
1473 1
1474 1
1475 1
1476 1
1477 1
1478 1
1479 3
1480 27
1481 1
1482 1
1483 1
1484 2
1485 1
1486 1
1487 1
1488 2
1489 1
1490 1
1491 1
1492 1
1493 1
1494 2
1495 1
1496 1
1497 1
1498 1
1499 1
1500 1
1501 1
1502 1
1503 1
1504 1
1505 3
1506 1
1507 1
1508 1
1509 4
1510 1
1511 1
1512 3
1513 10
1514 1
1515 1
1516 1
1517 1
1518 2
1519 1
1520 1
1521 1
1522 1
1523 6
1524 1
1525 1
1526 16
1527 1
1528 3
1529 1
1530 1
1531 2
1532 2
1533 3
1534 1
1535 2
1536 1
1537 2
1538 1
1539 1
1540 1
1541 1
1542 1
1543 1
1544 1
1545 4
1546 3
1547 1
1548 1
1549 1
1550 1
1551 1
1552 2
1553 1
1554 2
1555 1
1556 1
1557 1
1558 1
1559 1
1560 1
1561 1
1562 1
1563 1
1564 7
1565 1
1566 1
1567 1
1568 3
1569 10
1570 1
1571 1
1572 1
1573 1
1574 1
1575 7
1576 1
1577 5
1578 3
1579 2
1580 1
1581 1
1582 1
1583 1
1584 1
1585 1
1586 1
1587 1
1588 1
1589 1
1590 1
1591 2
1592 5
1593 1
1594 1
1595 1
1596 3
1597 1
1598 1
1599 1
1600 2
1601 1
1602 1
1603 1
1604 1
1605 1
1606 1
1607 1
1608 1
1609 1
1610 1
1611 1
1612 1
1613 1
1614 4
1615 1
1616 1
1617 2
1618 1
1619 2
1620 1
1621 1
1622 1
1623 1
1624 1
1625 1
1626 1
1627 1
1628 5
1629 1
1630 3
1631 1
1632 1
1633 3
1634 12
1635 1
1636 1
1637 1
1638 1
1639 1
1640 1
1641 1
1642 1
1643 2
1644 2
1645 1
1646 1
1647 1
1648 1
1649 1
1650 1
1651 1
1652 1
1653 1
1654 1
1655 1
1656 9
1657 1
1658 1
1659 1
1660 1
1661 1
1662 1
1663 5
1664 1
1665 4
1666 1
1667 2
1668 1
1669 11
1670 1
1671 1
1672 1
1673 1
1674 19
1675 2
1676 3
1677 2
1678 2
1679 3
1680 1
1681 2
1682 1
1683 1
1684 4
1685 5
1686 1
1687 1
1688 3
1689 2
1690 1
1691 3
1692 1
1693 1
1694 1
1695 1
1696 2
1697 1
1698 2
1699 1
1700 1
1701 3
1702 1
1703 2
1704 1
1705 14
1706 1
1707 1
1708 3
1709 1
1710 3
1711 1
1712 1
1713 2
1714 3
1715 1
1716 1
1717 2
1718 1
1719 1
1720 1
1721 1
1722 1
1723 1
1724 1
1725 1
1726 2
1727 1
1728 1
1729 1
1730 8
1731 1
1732 1
1733 1
1734 1
1735 1
1736 1
1737 2
1738 1
1739 1
1740 1
1741 3
1742 1
1743 1
1744 4
1745 2
1746 1
1747 2
1748 1
1749 7
1750 1
1751 1
1752 2
1753 1
1754 1
1755 1
1756 1
1757 1
1758 1
1759 2
1760 1
1761 1
1762 1
1763 1
1764 1
1765 3
1766 1
1767 1
1768 1
1769 1
1770 1
1771 1
1772 16
1773 1
1774 2
1775 1
1776 1
1777 30
1778 1
1779 3
1780 2
1781 5
1782 10
1783 1
1784 1
1785 1
1786 1
1787 5
1788 1
1789 1
1790 1
1791 1
1792 1
1793 77
1794 1
1795 1
1796 1
1797 1
1798 1
1799 1
1800 1
1801 2
1802 1
1803 1
1804 1
1805 5
1806 1
1807 42
1808 1
1809 1
1810 1
1811 1
1812 1
1813 2
1814 1
1815 9
1816 6
1817 3
1818 1
1819 1
1820 1
1821 4
1822 1
1823 1
1824 1
1825 2
1826 1
1827 1
1828 1
1829 3
1830 1
1831 1
1832 1
1833 1
1834 1
1835 2
1836 4
1837 1
1838 3
1839 1
1840 1
1841 1
1842 7
1843 1
1844 1
1845 1
1846 1
1847 1
1848 3
1849 1
1850 6
1851 1
1852 3
1853 1
1854 1
1855 1
1856 1
1857 2
1858 1
1859 2
1860 1
1861 1
1862 1
1863 1
1864 2
1865 5
1866 1
1867 1
1868 1
1869 1
1870 2
1871 1
1872 1
1873 1
1874 1
1875 3
1876 5
1877 1
1878 1
1879 2
1880 1
1881 1
1882 14
1883 1
1884 1
1885 1
1886 1
1887 1
1888 2
1889 1
1890 2
1891 1
1892 8
1893 1
1894 1
1895 2
1896 1
1897 1
1898 1
1899 2
1900 2
1901 1
1902 3
1903 1
1904 10
1905 5
1906 1
1907 6
1908 1
1909 1
1910 1
1911 1
1912 1
1913 2
1914 2
1915 10
1916 1
1917 1
1918 1
1919 1
1920 2
1921 7
1922 1
1923 2
1924 1
1925 3
1926 1
1927 1
1928 1
1929 1
1930 2
1931 2
1932 1
1933 1
1934 3
1935 1
1936 1
1937 1
1938 2
1939 3
1940 1
1941 4
1942 1
1943 1
1944 1
1945 3
1946 1
1947 1
1948 6
1949 1
1950 2
1951 19
1952 2
1953 1
1954 1
1955 5
1956 1
1957 1
1958 1
1959 8
1960 1
1961 1
1962 2
1963 1
1964 1
1965 1
1966 1
1967 1
1968 1
1969 4
1970 1
1971 1
1972 1
1973 1
1974 1
1975 3
1976 1
1977 1
1978 2
1979 1
1980 1
1981 2
1982 1
1983 2
1984 21
1985 2
1986 1
1987 7
1988 1
1989 1
1990 1
1991 1
1992 1
1993 1
1994 1
1995 1
1996 1
1997 2
1998 1
1999 1
2000 1
2001 3
2002 1
2003 4
2004 47
2005 1
2006 1
2007 1
2008 1
2009 1
2010 6
2011 1
2012 1
2013 1
2014 1
2015 1
2016 2
2017 2
2018 1
2019 2
2020 3
2021 2
2022 1
2023 1
2024 1
2025 1
2026 1
2027 1
2028 1
2029 1
2030 1
2031 1
2032 2
2033 12
2034 3
2035 1
2036 9
2037 1
2038 1
2039 1
2040 1
2041 1
2042 1
2043 2
2044 1
2045 1
2046 1
2047 3
2048 1
2049 1
2050 1
2051 5
2052 4
2053 1
2054 1
2055 1
2056 2
2057 1
2058 1
2059 1
2060 1
2061 1
2062 2
2063 1
2064 2
2065 3
2066 1
2067 12
2068 2
2069 1
2070 1
2071 1
2072 1
2073 1
2074 2
2075 2
2076 1
2077 5
2078 1
2079 1
2080 1
2081 1
2082 1
2083 1
2084 2
2085 1
2086 3
2087 25
2088 4
2089 1
2090 1
2091 7
2092 3
2093 1
2094 1
2095 9
2096 1
2097 4
2098 7
2099 1
2100 1
2101 1
2102 32
2103 1
2104 1
2105 1
2106 1
2107 1
2108 1
2109 1
2110 3
2111 2
2112 1
2113 1
2114 3
2115 1
2116 1
2117 2
2118 6
2119 1
2120 1
2121 1
2122 1
2123 4
2124 1
2125 1
2126 1
2127 2
2128 2
2129 1
2130 1
2131 1
2132 1
2133 1
2134 3
2135 1
2136 1
2137 2
2138 1
2139 1
2140 1
2141 1
2142 1
2143 1
2144 1
2145 1
2146 1
2147 1
2148 3
2149 1
2150 1
2151 1
2152 3
2153 1
2154 1
2155 1
2156 1
2157 464
2158 1
2159 1
2160 2
2161 1
2162 1
2163 1
2164 1
2165 1
2166 1
2167 1
2168 7
2169 3
2170 1
2171 1
2172 1
2173 1
2174 1
2175 1
2176 1
2177 4
2178 2
2179 1
2180 1
2181 1
2182 1
2183 2
2184 3
2185 2
2186 1
2187 1
2188 2
2189 3
2190 1
2191 1
2192 1
2193 1
2194 2
2195 1
2196 3
2197 1
2198 1
2199 1
2200 2
2201 2
2202 1
2203 4
2204 1
2205 1
2206 4
2207 1
2208 1
2209 2
2210 1
2211 1
2212 1
2213 6
2214 3
2215 1
2216 1
2217 3
2218 3
2219 1
2220 1
2221 3
2222 3
2223 2
2224 2
2225 7
2226 2
2227 1
2228 1
2229 1
2230 1
2231 2
2232 1
2233 4
2234 2
2235 8
2236 1
2237 1
2238 1
2239 1
2240 2
2241 1
2242 1
2243 1
2244 1
2245 1
2246 1
2247 1
2248 1
2249 3
2250 1
2251 1
2252 1
2253 1
2254 1
2255 1
2256 1
2257 1
2258 1
2259 1
2260 1
2261 1
2262 1
2263 1
2264 1
2265 1
2266 1
2267 1
2268 1
2269 1
2270 1
2271 1
2272 2
2273 2
2274 1
2275 18
2276 1
2277 2
2278 14
2279 1
2280 1
2281 1
2282 2
2283 1
2284 2
2285 1
2286 1
2287 1
2288 1
2289 1
2290 1
2291 1
2292 1
2293 1
2294 2
2295 1
2296 1
2297 1
2298 2
2299 4
2300 2
2301 1
2302 1
2303 1
2304 1
2305 1
2306 1
2307 1
2308 1
2309 2
2310 1
2311 1
2312 4
2313 6
2314 1
2315 2
2316 3
2317 3
2318 1
2319 77
2320 1
2321 1
2322 1
2323 2
2324 2
2325 1
2326 1
2327 1
2328 8
2329 1
2330 1
2331 2
2332 1
2333 1
2334 5
2335 1
2336 1
2337 2
2338 1
2339 1
2340 1
2341 1
2342 1
2343 1
2344 1
2345 1
2346 1
2347 1
2348 1
2349 1
2350 1
2351 4
2352 1
2353 2
2354 1
2355 1
2356 1
2357 3
2358 1
2359 1
2360 1
2361 1
2362 1
2363 3
2364 1
2365 1
2366 3
2367 1
2368 2
2369 1
2370 1
2371 2
2372 1
2373 5
2374 1
2375 2
2376 1
2377 1
2378 2
2379 1
2380 1
2381 1
2382 2
2383 2
2384 1
2385 1
2386 1
2387 1
2388 2
2389 1
2390 1
2391 1
2392 1
2393 1
2394 1
2395 1
2396 1
2397 1
2398 1
2399 3
2400 2
2401 1
2402 3
2403 1
2404 11
2405 1
2406 1
2407 1
2408 1
2409 1
2410 1
2411 1
2412 25
2413 1
2414 1
2415 1
2416 1
2417 1
2418 4
2419 2
2420 1
2421 1
2422 1
2423 1
2424 1
2425 1
2426 1
2427 1
2428 1
2429 1
2430 1
2431 5
2432 1
2433 5
2434 1
2435 1
2436 1
2437 1
2438 1
2439 11
2440 1
2441 2
2442 1
2443 10
2444 1
2445 1
2446 3
2447 2
2448 2
2449 6
2450 3
2451 2
2452 1
2453 1
2454 210
2455 2
2456 1
2457 12
2458 1
2459 1
2460 1
2461 1
2462 25
2463 2
2464 1
2465 1
2466 1
2467 4
2468 1
2469 1
2470 1
2471 1
2472 1
2473 2
2474 2
2475 1
2476 1
2477 1
2478 2
2479 1
2480 2
2481 1
2482 2
2483 1
2484 10
2485 1
2486 1
2487 1
2488 3
2489 3
2490 3
2491 1
2492 1
2493 1
2494 2
2495 1
2496 1
2497 1
2498 1
2499 1
2500 1
2501 1
2502 5
2503 1
2504 1
2505 1
2506 1
2507 2
2508 1
2509 5
2510 1
2511 1
2512 1
2513 1
2514 2
2515 1
2516 1
2517 1
2518 2
2519 1
2520 1
2521 1
2522 1
2523 1
2524 4
2525 1
2526 13
2527 1
2528 1
2529 1
2530 2
2531 1
2532 1
2533 2
2534 1
2535 2
2536 1
2537 2
2538 2
2539 1
2540 17
2541 1
2542 2
2543 1
2544 1
2545 1
2546 1
2547 1
2548 21
2549 1
2550 1
2551 3
2552 1
2553 1
2554 1
2555 1
2556 3
2557 7
2558 1
2559 1
2560 1
2561 2
2562 2
2563 2
2564 1
2565 1
2566 1
2567 4
2568 1
2569 1
2570 2
2571 1
2572 1
2573 1
2574 1
2575 1
2576 3
2577 1
2578 1
2579 66
2580 1
2581 2
2582 1
2583 1
2584 1
2585 1
2586 1
2587 1
2588 1
2589 1
2590 11
2591 1
2592 1
2593 1
2594 2
2595 1
2596 1
2597 1
2598 2
2599 1
2600 9
2601 1
2602 1
2603 17
2604 2
2605 1
2606 1
2607 1
2608 1
2609 1
2610 1
2611 2
2612 4
2613 1
2614 1
2615 1
2616 2
2617 1
2618 1
2619 3
2620 1
2621 1
2622 2
2623 1
2624 5
2625 1
2626 1
2627 1
2628 1
2629 1
2630 1
2631 1
2632 1
2633 1
2634 1
2635 1
2636 1
2637 1
2638 1
2639 1
2640 6
2641 1
2642 1
2643 5
2644 1
2645 1
2646 1
2647 1
2648 1
2649 2
2650 1
2651 1
2652 2
2653 1
2654 5
2655 1
2656 1
2657 1
2658 2
2659 2
2660 1
2661 1
2662 6
2663 3
2664 1
2665 1
2666 1
2667 1
2668 1
2669 1
2670 1
2671 1
2672 3
2673 1
2674 1
2675 2
2676 1
2677 2
2678 2
2679 1
2680 1
2681 1
2682 1
2683 2
2684 1
2685 1
2686 1
2687 1
2688 2
2689 1
2690 1
2691 1
2692 1
2693 1
2694 1
2695 28
2696 1
2697 1
2698 1
2699 1
2700 1
2701 1
2702 1
2703 1
2704 1
2705 17
2706 1
2707 1
2708 1
2709 1
2710 1
2711 2
2712 1
2713 1
2714 1
2715 2
2716 1
2717 1
2718 1
2719 1
2720 3
2721 1
2722 6
2723 1
2724 1
2725 1
2726 3
2727 1
2728 1
2729 1
2730 1
2731 1
2732 1
2733 1
2734 1
2735 1
2736 1
2737 1
2738 1
2739 1
2740 1
2741 2
2742 3
2743 1
2744 14
2745 1
2746 2
2747 1
2748 2
2749 2
2750 4
2751 3
2752 2
2753 2
2754 4
2755 3
2756 1
2757 4
2758 1
2759 1
2760 1
2761 9
2762 1
2763 1
2764 3
2765 1
2766 2
2767 1
2768 2
2769 6
2770 1
2771 1
2772 1
2773 7
2774 2
2775 1
2776 2
2777 1
2778 1
2779 2
2780 1
2781 1
2782 1
2783 1
2784 1
2785 1
2786 1
2787 1
2788 1
2789 1
2790 1
2791 1
2792 2
2793 1
2794 1
2795 1
2796 1
2797 1
2798 1
2799 1
2800 1
2801 6
2802 1
2803 1
2804 1
2805 1
2806 1
2807 4
2808 1
2809 1
2810 1
2811 1
2812 1
2813 1
2814 1
2815 1
2816 8
2817 1
2818 1
2819 1
2820 3
2821 1
2822 13
2823 1
2824 1
2825 1
2826 3
2827 4
2828 1
2829 3
2830 1
2831 1
2832 1
2833 1
2834 1
2835 1
2836 1
2837 1
2838 1
2839 1
2840 1
2841 1
2842 1
2843 1
2844 1
2845 1
2846 4
2847 16
2848 1
2849 5
2850 1
2851 1
2852 1
2853 2
2854 1
2855 54
2856 1
2857 3
2858 4
2859 1
2860 1
2861 1
2862 1
2863 1
2864 1
2865 1
2866 3
2867 1
2868 1
2869 57
2870 31
2871 6
2872 1
2873 1
2874 3
2875 1
2876 7
2877 1
2878 2
2879 2
2880 1
2881 3
2882 1
2883 9
2884 1
2885 1
2886 1
2887 1
2888 2
2889 1
2890 1
2891 1
2892 3
2893 1
2894 1
2895 1
2896 15
2897 3
2898 1
2899 5
2900 1
2901 1
2902 2
2903 1
2904 1
2905 2
2906 1
2907 1
2908 1
2909 2
2910 1
2911 2
2912 1
2913 4
2914 3
2915 1
2916 1
2917 1
2918 1
2919 1
2920 1
2921 1
2922 2
2923 2
2924 1
2925 5
2926 6
2927 6
2928 1
2929 1
2930 1
2931 2
2932 1
2933 1
2934 3
2935 1
2936 1
2937 1
2938 5
2939 1
2940 1
2941 1
2942 1
2943 1
2944 13
2945 1
2946 2
2947 1
2948 271
2949 1
2950 5
2951 1
2952 1
2953 15
2954 1
2955 1
2956 1
2957 2
2958 1
2959 1
2960 2
2961 1
2962 1
2963 1
2964 1
2965 1
2966 5
2967 1
2968 4
2969 1
2970 4
2971 1
2972 1
2973 1
2974 2
2975 3
2976 2
2977 2
2978 2
2979 1
2980 1
2981 4
2982 1
2983 1
2984 1
2985 1
2986 1
2987 1
2988 3
2989 1
2990 1
2991 1
2992 1
2993 1
2994 2
2995 1
2996 26
2997 1
2998 1
2999 1
3000 1
3001 5
3002 4
3003 1
3004 1
3005 1
3006 1
3007 1
3008 7
3009 1
3010 1
3011 2
3012 3
3013 1
3014 4
3015 1
3016 3
3017 1
3018 2
3019 1
3020 2
3021 1
3022 1
3023 6
3024 1
3025 1
3026 1
3027 4
3028 1
3029 1
3030 1
3031 1
3032 1
3033 9
3034 2
3035 2
3036 3
3037 1
3038 2
3039 1
3040 2
3041 22
3042 2
3043 1
3044 1
3045 1
3046 2
3047 1
3048 1
3049 5
3050 1
3051 1
3052 3
3053 1
3054 1
3055 1
3056 1
3057 45
3058 2
3059 1
3060 1
3061 1
3062 1
3063 1
3064 10
3065 1
3066 1
3067 1
3068 2
3069 1
3070 1
3071 1
3072 2
3073 2
3074 1
3075 1
3076 2
3077 1
3078 1
3079 1
3080 1
3081 1
3082 1
3083 1
3084 1
3085 1
3086 1
3087 1
3088 1
3089 1
3090 1
3091 2
3092 1
3093 6
3094 2
3095 1
3096 1
3097 1
3098 1
3099 1
3100 1
3101 1
3102 1
3103 4
3104 1
3105 1
3106 1
3107 1
3108 1
3109 1
3110 5
3111 1
3112 1
3113 1
3114 3
3115 8
3116 1
3117 1
3118 1
3119 3
3120 4
3121 1
3122 1
3123 1
3124 2
3125 1
3126 1
3127 10
3128 1
3129 2
3130 1
3131 3
3132 5
3133 1
3134 1
3135 1
3136 1
3137 2
3138 1
3139 1
3140 1
3141 2
3142 1
3143 1
3144 9
3145 1
3146 1
3147 2
3148 1
3149 1
3150 1
3151 1
3152 2
3153 1
3154 3
3155 11
3156 4
3157 1
3158 1
3159 3
3160 2
3161 1
3162 1
3163 1
3164 1
3165 1
3166 1
3167 1
3168 1
3169 4
3170 1
3171 1
3172 1
3173 1
3174 1
3175 1
3176 1
3177 2
3178 1
3179 17
3180 1
3181 1
3182 1
3183 15
3184 1
3185 1
3186 1
3187 1
3188 1
3189 1
3190 1
3191 2
3192 1
3193 1
3194 1
3195 1
3196 1
3197 1
3198 1
3199 9
3200 2
3201 2
3202 1
3203 2
3204 1
3205 1
3206 1
3207 2
3208 12
3209 1
3210 5
3211 1
3212 1
3213 1
3214 1
3215 1
3216 1
3217 1
3218 25
3219 3
3220 1
3221 1
3222 2
3223 1
3224 1
3225 2
3226 2
3227 1
3228 3
3229 9
3230 2
3231 1
3232 1
3233 1
3234 2
3235 1
3236 1
3237 1
3238 1
3239 1
3240 1
3241 6
3242 1
3243 1
3244 1
3245 1
3246 1
3247 1
3248 1
3249 1
3250 2
3251 1
3252 1
3253 3
3254 13
3255 1
3256 1
3257 1
3258 1
3259 3
3260 6
3261 12
3262 1
3263 1
3264 1
3265 1
3266 1
3267 1
3268 1
3269 1
3270 1
3271 1
3272 1
3273 1
3274 1
3275 1
3276 1
3277 1
