0 1253
1 17
2 1
3 1
4 1
5 5
6 1
7 1
8 1
9 1
10 1
11 1
12 3
13 2
14 1
15 1
16 1
17 3
18 9
19 1
20 2
21 1
22 1
23 1
24 1
25 1
26 4
27 2
28 1
29 1
30 1
31 1
32 2
33 1
34 1
35 1
36 5
37 2
38 1
39 1
40 1
41 1
42 2
43 1
44 2
45 1
46 2
47 1
48 1
49 1
50 10
51 1
52 1
53 3
54 4
55 2
56 1
57 2
58 1
59 1
60 1
61 1
62 1
63 1
64 1
65 1
66 1
67 1
68 2
69 1
70 1
71 2
72 1
73 1
74 1
75 1
76 1
77 2
78 2
79 1
80 1
81 1
82 1
83 1
84 4
85 1
86 1
87 1
88 1
89 1
90 1
91 1
92 1
93 2
94 35
95 2
96 3
97 1
98 1
99 2
100 2
101 4
102 1
103 2
104 1
105 2
106 1
107 1
108 1
109 1
110 3
111 1
112 3
113 1
114 1
115 2
116 1
117 5
118 4
119 1
120 5
121 3
122 2
123 1
124 1
125 8
126 1
127 1
128 1
129 1
130 4
131 1
132 1
133 1
134 1
135 1
136 4
137 1
138 4
139 11
140 1
141 1
142 3
143 5
144 1
145 1
146 1
147 4
148 1
149 1
150 1
151 1
152 1
153 1
154 2
155 4
156 1
157 1
158 1
159 1
160 1
161 1
162 9
163 2
164 1
165 1
166 1
167 1
168 1
169 1
170 4
171 1
172 2
173 7
174 2
175 1
176 1
177 3
178 2
179 2
180 1
181 1
182 1
183 1
184 1
185 4
186 1
187 6
188 1
189 1
190 1
191 1
192 2
193 1
194 1
195 3
196 5
197 1
198 1
199 1
200 4
201 4
202 1
203 5
204 1
205 10
206 7
207 1
208 1
209 1
210 1
211 1
212 1
213 7
214 1
215 1
216 3
217 7
218 2
219 1
220 1
221 1
222 1
223 1
224 1
225 1
226 35
227 2
228 1
229 1
230 1
231 2
232 1
233 1
234 1
235 1
236 1
237 2
238 1
239 1
240 1
241 1
242 3
243 1
244 2
245 1
246 1
247 1
248 1
249 1
250 3
251 1
252 1
253 1
254 1
255 1
256 1
257 1
258 1
259 1
260 1
261 1
262 1
263 1
264 44
265 2
266 1
267 5
268 1
269 4
270 1
271 13
272 5
273 1
274 1
275 1
276 20
277 1
278 1
279 3
280 1
281 1
282 5
283 1
284 6
285 1
286 1
287 1
288 1
289 1
290 5
291 2
292 1
293 3
294 5
295 1
296 1
297 1
298 1
299 3
300 1
301 1
302 1
303 1
304 2
305 1
306 1
307 1
308 1
309 2
310 9
311 1
312 1
313 2
314 1
315 4
316 1
317 1
318 1
319 1
320 1
321 2
322 1
323 1
324 1
325 13
326 3
327 1
328 2
329 1
330 2
331 1
332 1
333 1
334 1
335 1
336 1
337 1
338 1
339 1
340 1
341 1
342 1
343 1
344 2
345 5
346 1
347 1
348 1
349 1
350 1
351 1
352 1
353 1
354 1
355 3
356 21
357 2
358 1
359 10
360 5
361 4
362 1
363 1
364 1
365 1
366 1
367 1
368 5
369 1
370 1
371 1
372 4
373 1
374 1
375 1
376 2
377 1
378 1
379 1
380 1
381 1
382 1
383 1
384 1
385 1
386 1
387 5
388 3
389 1
390 1
391 1
392 7
393 2
394 1
395 1
396 3
397 1
398 3
399 1
400 1
401 1
402 1
403 1
404 1
405 15
406 3
407 5
408 1
409 1
410 1
411 1
412 1
413 1
414 1
415 1
416 1
417 2
418 2
419 1
420 2
421 6
422 2
423 1
424 1
425 1
426 1
427 1
428 1
429 3
430 1
431 1
432 1
433 1
434 2
435 1
436 1
437 1
438 1
439 1
440 1
441 1
442 1
443 1
444 1
445 5
446 1
447 1
448 1
449 1
450 1
451 4
452 1
453 2
454 1
455 3
456 1
457 2
458 1
459 1
460 1
461 1
462 1
463 1
464 1
465 1
466 1
467 1
468 1
469 1
470 1
471 2
472 1
473 1
474 2
475 1
476 1
477 1
478 1
479 1
480 2
481 1
482 1
483 1
484 2
485 1
486 5
487 2
488 1
489 6
490 1
491 1
492 1
493 1
494 1
495 1
496 1
497 1
498 1
499 1
500 2
501 1
502 1
503 1
504 1
505 2
506 1
507 1
508 1
509 1
510 12
511 1
512 1
513 1
514 1
515 1
516 1
517 1
518 1
519 1
520 1
521 2
522 1
523 1
524 1
525 2
526 1
527 1
528 2
529 22
530 70
531 1
532 1
533 1
534 1
535 1
536 3
537 1
538 1
539 2
540 3
541 1
542 1
543 1
544 1
545 3
546 1
547 1
548 2
549 1
550 1
551 2
552 1
553 1
554 4
555 1
556 5
557 1
558 1
559 2
560 8
561 1
562 8
563 9
564 1
565 1
566 1
567 1
568 1
569 1
570 1
571 1
572 5
573 2
574 6
575 1
576 1
577 2
578 1
579 1
580 2
581 1
582 9
583 1
584 4
585 1
586 2
587 1
588 2
589 1
590 2
591 1
592 1
593 1
594 1
595 2
596 22
597 1
598 3
599 1
600 1
601 2
602 1
603 1
604 1
605 2
606 1
607 1
608 1
609 1
610 2
611 3
612 1
613 1
614 1
615 1
616 1
617 1
618 1
619 1
620 1
621 1
622 245
623 1
624 1
625 1
626 11
627 1
628 2
629 3
630 1
631 2
632 5
633 9
634 1
635 1
636 1
637 1
638 1
639 1
640 3
641 1
642 1
643 14
644 1
645 3
646 1
647 1
648 1
649 1
650 2
651 1
652 1
653 5
654 8
655 1
656 4
657 1
658 1
659 1
660 1
661 1
662 2
663 1
664 1
665 1
666 1
667 1
668 1
669 1
670 3
671 2
672 4
673 5
674 1
675 3
676 6
677 2
678 2
679 2
680 1
681 1
682 1
683 1
684 18
685 1
686 1
687 1
688 2
689 1
690 2
691 1
692 1
693 1
694 2
695 2
696 3
697 1
698 1
699 1
700 1
701 5
702 1
703 1
704 1
705 1
706 1
707 2
708 1
709 1
710 1
711 2
712 3
713 22
714 1
715 1
716 1
717 2
718 4
719 1
720 2
721 2
722 2
723 1
724 4
725 1
726 1
727 4
728 4
729 1
730 10
731 1
732 1
733 1
734 1
735 1
736 1
737 1
738 3
739 1
740 3
741 1
742 1
743 1
744 1
745 2
746 3
747 1
748 4
749 1
750 2
751 1
752 1
753 1
754 1
755 1
756 2
757 2
758 1
759 8
760 1
761 12
762 1
763 1
764 3
765 1
766 1
767 2
768 1
769 1
770 1
771 1
772 1
773 3
774 1
775 1
776 1
777 2
778 1
779 5
780 2
781 4
782 1
783 1
784 2
785 1
786 1
787 1
788 1
789 1
790 2
791 1
792 1
793 4
794 4
795 1
796 1
797 1
798 1
799 1
800 1
801 1
802 36
803 1
804 1
805 1
806 2
807 1
808 1
809 1
810 1
811 1
812 1
813 1
814 1
815 2
816 1
817 2
818 1
819 1
820 1
821 1
822 2
823 1
824 1
825 1
826 3
827 1
828 1
829 1
830 1
831 1
832 1
833 1
834 1
835 1
836 1
837 1
838 1
839 1
840 1
841 5
842 1
843 1
844 6
845 1
846 1
847 1
848 1
849 1
850 1
851 1
852 1
853 1
854 6
855 3
856 2
857 2
858 1
859 1
860 1
861 1
862 26
863 9
864 1
865 1
866 1
867 1
868 2
869 1
870 1
871 1
872 1
873 2
874 2
875 3
876 1
877 7
878 1
879 2
880 1
881 1
882 3
883 1
884 1
885 1
886 1
887 1
888 1
889 2
890 4
891 1
892 1
893 1
894 2
895 1
896 2
897 1
898 1
899 1
900 2
901 1
902 1
903 9
904 1
905 3
906 2
907 2
908 1
909 1
910 1
911 4
912 1
913 1
914 1
915 1
916 5
917 5
918 4
919 1
920 1
921 1
922 1
923 1
924 2
925 1
926 1
927 1
928 2
929 4
930 1
931 2
932 5
933 1
934 2
935 2
936 1
937 1
938 2
939 1
940 2
941 2
942 1
943 1
944 1
945 1
946 1
947 3
948 27
949 1
950 1
951 1
952 2
953 1
954 2
955 1
956 1
957 1
958 1
959 1
960 1
961 11
962 1
963 1
964 1
965 1
966 1
967 1
968 2
969 4
970 5
971 1
972 1
973 2
974 1
975 1
976 1
977 1
978 1
979 1
980 3
981 1
982 1
983 1
984 2
985 1
986 1
987 2
988 2
989 10
990 2
991 1
992 1
993 1
994 1
995 2
996 1
997 1
998 1
999 1
1000 2
1001 1
1002 1
1003 1
1004 2
1005 1
1006 2
1007 1
1008 1
1009 1
1010 1
1011 2
1012 1
1013 4
1014 1
1015 1
1016 1
1017 1
1018 1
1019 1
1020 6
1021 1
1022 1
1023 2
1024 1
1025 1
1026 1
1027 1
1028 1
1029 1
1030 1
1031 1
1032 1
1033 1
1034 1
1035 6
1036 1
1037 2
1038 2
1039 1
1040 1
1041 1
1042 1
1043 1
1044 1
1045 1
1046 2
1047 1
1048 1
1049 1
1050 1
1051 1
1052 2
1053 30
1054 18
1055 2
1056 2
1057 1
1058 5
1059 8
1060 101
1061 6
1062 1
1063 1
1064 1
1065 4
1066 1
1067 1
1068 1
1069 1
1070 4
1071 3
1072 1
1073 1
1074 1
1075 1
1076 1
1077 9
1078 1
1079 2
1080 8
1081 4
1082 1
1083 2
1084 1
1085 2
1086 3
1087 1
1088 1
1089 1
1090 3
1091 1
1092 1
1093 5
1094 1
1095 1
1096 1
1097 1
1098 1
1099 2
1100 2
1101 1
1102 1
1103 2
1104 5
1105 1
1106 1
1107 3
1108 28
1109 1
1110 1
1111 1
1112 5
1113 3
1114 14
1115 2
1116 4
1117 1
1118 1
1119 1
1120 1
1121 1
1122 1
1123 1
1124 4
1125 1
1126 5
1127 3
1128 1
1129 1
1130 1
1131 1
1132 2
1133 1
1134 1
1135 1
1136 1
1137 1
1138 1
1139 4
1140 3
1141 2
1142 2
1143 2
1144 3
1145 3
1146 1
1147 2
1148 1
1149 2
1150 1
1151 6
1152 4
1153 1
1154 2
1155 1
1156 1
1157 2
1158 2
1159 1
1160 1
1161 44
1162 1
1163 1
1164 1
1165 8
1166 3
1167 2
1168 2
1169 1
1170 1
1171 1
1172 1
1173 1
1174 1
1175 3
1176 1
1177 2
1178 1
1179 1
1180 2
1181 1
1182 3
1183 5
1184 3
1185 1
1186 4
1187 2
1188 1
1189 8
1190 1
1191 1
1192 1
1193 3
1194 2
1195 1
1196 1
1197 1
1198 4
1199 1
1200 2
1201 1
1202 2
1203 1
1204 1
1205 1
1206 1
1207 1
1208 3
1209 1
1210 3
1211 3
1212 1
1213 1
1214 1
1215 1
1216 2
1217 1
1218 1
1219 12
1220 1
1221 2
1222 1
1223 1
1224 1
1225 1
1226 1
1227 1
1228 1
1229 3
1230 2
1231 5
1232 2
1233 1
1234 1
1235 1
1236 1
1237 1
1238 1
1239 5
1240 1
1241 1
1242 1
1243 1
1244 1
1245 2
1246 1
1247 1
1248 1
1249 1
1250 1
1251 26
1252 1
1253 6
1254 1
1255 1
1256 1
1257 1
1258 1
1259 4
1260 1
1261 1
1262 1
1263 1
1264 2
1265 1
1266 1
1267 1
1268 4
1269 1
1270 1
1271 1
1272 5
1273 1
1274 1
1275 1
1276 1
1277 1
1278 3
1279 1
1280 1
1281 1
1282 2
1283 1
1284 1
1285 1
1286 2
1287 1
1288 1
1289 53
1290 1
1291 1
1292 1
1293 1
1294 1
1295 1
1296 1
1297 1
1298 1
1299 1
1300 1
1301 1
1302 1
1303 2
1304 1
1305 1
1306 1
1307 5
1308 1
1309 1
1310 1
1311 1
1312 1
1313 1
1314 1
1315 251
1316 2
1317 4
1318 2
1319 1
1320 5
1321 1
1322 1
1323 1
1324 1
1325 2
1326 1
1327 1
1328 1
1329 1
1330 1
1331 2
1332 1
1333 1
1334 1
1335 1
1336 1
1337 1
1338 3
1339 1
1340 1
1341 2
1342 1
1343 1
1344 1
1345 2
1346 2
1347 1
1348 1
1349 1
1350 1
1351 1
1352 1
1353 1
1354 2
1355 1
1356 1
1357 1
1358 1
1359 32
1360 1
1361 2
1362 1
1363 2
1364 1
1365 3
1366 3
1367 1
1368 1
1369 3
1370 5
1371 1
1372 2
1373 2
1374 1
1375 2
1376 1
1377 1
1378 4
1379 1
1380 2
1381 3
1382 1
1383 1
1384 1
1385 1
1386 5
1387 3
1388 4
1389 1
1390 1
1391 7
1392 1
1393 5
1394 1
1395 1
1396 2
1397 2
1398 1
1399 2
1400 2
1401 6
1402 2
1403 2
1404 1
1405 1
1406 1
1407 1
1408 4
1409 1
1410 2
1411 2
1412 32
1413 1
1414 1
1415 1
1416 1
1417 1
1418 1
1419 1
1420 1
1421 1
1422 1
1423 1
1424 1
1425 1
1426 1
1427 1
1428 3
1429 1
1430 1
1431 1
1432 1
1433 1
1434 1
1435 8
1436 1
1437 2
1438 1
1439 1
1440 2
1441 1
1442 1
1443 6
1444 5
1445 2
1446 1
1447 2
1448 1
1449 1
1450 1
1451 2
1452 1
1453 1
1454 2
1455 17
1456 3
1457 1
1458 15
1459 2
1460 4
1461 1
1462 5
1463 1
1464 1
1465 2
1466 1
1467 2
1468 1
1469 1
1470 1
1471 3
1472 1
1473 2
1474 1
1475 1
1476 1
1477 1
1478 3
1479 2
1480 1
1481 1
1482 2
1483 1
1484 1
1485 1
1486 1
1487 1
1488 1
1489 1
1490 3
1491 12
1492 1
1493 1
1494 1
1495 1
1496 1
1497 3
1498 5
1499 5
1500 3
1501 2
1502 10
1503 2
1504 3
1505 1
1506 1
1507 1
1508 5
1509 4
1510 2
1511 2
1512 5
1513 2
1514 1
1515 1
1516 1
1517 1
1518 1
1519 1
1520 3
1521 1
1522 1
1523 1
1524 1
1525 1
1526 1
1527 5
1528 2
1529 1
1530 2
1531 1
1532 1
1533 1
1534 1
1535 1
1536 1
1537 1
1538 1
1539 9
1540 5
1541 1
1542 2
1543 2
1544 1
1545 2
1546 1
1547 1
1548 2
1549 1
1550 3
1551 1
1552 2
1553 2
1554 2
1555 1
1556 6
1557 3
1558 2
1559 1
1560 8
1561 1
1562 1
1563 1
1564 1
1565 1
1566 1
1567 2
1568 1
1569 1
1570 3
1571 1
1572 1
1573 1
1574 1
1575 2
1576 1
1577 1
1578 1
1579 1
1580 4
1581 2
1582 4
1583 1
1584 1
1585 1
1586 5
1587 1
1588 1
1589 1
1590 1
1591 2
1592 1
1593 1
1594 9
1595 1
1596 2
1597 1
1598 13
1599 1
1600 1
1601 1
1602 1
1603 2
1604 1
1605 1
1606 7
1607 1
1608 1
1609 1
1610 1
1611 2
1612 2
1613 4
1614 1
1615 1
1616 1
1617 1
1618 1
1619 2
1620 1
1621 1
1622 1
1623 1
1624 1
1625 1
1626 1
1627 1
1628 1
1629 2
1630 5
1631 1
1632 1
1633 1
1634 1
1635 1
1636 1
1637 1
1638 1
1639 1
1640 13
1641 9
1642 1
1643 1
1644 1
1645 1
1646 7
1647 1
1648 1
1649 3
1650 6
1651 1
1652 2
1653 1
1654 1
1655 1
1656 1
1657 1
1658 1
1659 1
1660 2
1661 1
1662 1
1663 2
1664 1
1665 1
1666 1
1667 1
1668 1
1669 2
1670 1
1671 1
1672 2
1673 1
1674 2
1675 4
1676 1
1677 4
1678 1
1679 1
1680 1
1681 1
1682 2
1683 2
1684 2
1685 4
1686 2
1687 1
1688 1
1689 2
1690 1
1691 2
1692 5
1693 3
1694 1
1695 1
1696 1
1697 5
1698 2
1699 1
1700 2
1701 23
1702 1
1703 37
1704 2
1705 2
1706 1
1707 5
1708 10
1709 2
1710 1
1711 1
1712 1
1713 1
1714 4
1715 1
1716 1
1717 1
1718 1
1719 2
1720 1
1721 1
1722 1
1723 1
1724 1
1725 1
1726 1
1727 1
1728 1
1729 3
1730 2
1731 1
1732 3
1733 1
1734 1
1735 1
1736 1
1737 6
1738 1
1739 1
1740 1
1741 14
1742 6
1743 1
1744 3
1745 6
1746 2
1747 5
1748 1
1749 2
1750 2
1751 4
1752 1
1753 1
1754 1
1755 2
1756 3
1757 1
1758 2
1759 1
1760 1
1761 1
1762 1
1763 1
1764 1
1765 1
1766 2
1767 1
1768 2
1769 1
1770 1
1771 1
1772 3
1773 1
1774 3
1775 1
1776 1
1777 1
1778 1
1779 1
1780 8
1781 1
1782 2
1783 1
1784 1
1785 1
1786 1
1787 1
1788 1
1789 1
1790 1
1791 1
1792 10
1793 4
1794 10
1795 1
1796 1
1797 2
1798 1
1799 1
1800 1
1801 1
1802 1
1803 8
1804 1
1805 2
1806 1
1807 15
1808 1
1809 1
1810 1
1811 3
1812 1
1813 1
1814 3
1815 1
1816 1
1817 1
1818 2
1819 3
1820 1
1821 1
1822 6
1823 2
1824 1
1825 1
1826 3
1827 1
1828 3
1829 3
1830 1
1831 2
1832 3
1833 1
1834 3
1835 7
1836 1
1837 1
1838 1
1839 1
1840 1
1841 1
1842 6
1843 1
1844 1
1845 8
1846 1
1847 1
1848 1
1849 1
1850 2
1851 6
1852 1
1853 1
1854 2
1855 1
1856 1
1857 1
1858 1
1859 1
1860 1
1861 1
1862 1
1863 1
1864 1
1865 1
1866 1
1867 1
1868 1
1869 2
1870 1
1871 4
1872 1
1873 1
1874 3
1875 2
1876 2
1877 1
1878 2
1879 1
1880 1
1881 1
1882 2
1883 1
1884 1
1885 1
1886 1
1887 1
1888 2
1889 2
1890 4
1891 1
1892 15
1893 5
1894 1
1895 1
1896 1
1897 3
1898 6
1899 1
1900 3
1901 1
1902 13
1903 1
1904 2
1905 1
1906 2
1907 2
1908 1
1909 1
1910 6
1911 1
1912 1
1913 1
1914 1
1915 2
1916 1
1917 1
1918 1
1919 1
1920 5
1921 1
1922 1
1923 4
1924 3
1925 1
1926 3
1927 1
1928 1
1929 2
1930 1
1931 1
1932 27
1933 2
1934 2
1935 1
1936 1
1937 1
1938 4
1939 1
1940 2
1941 1
1942 1
1943 1
1944 1
1945 1
1946 7
1947 34
1948 1
1949 1
1950 2
1951 1
1952 8
1953 1
1954 1
1955 2
1956 2
1957 8
1958 1
1959 1
1960 1
1961 1
1962 1
1963 1
1964 1
1965 1
1966 1
1967 1
1968 3
1969 2
1970 1
1971 2
1972 12
1973 1
1974 1
1975 1
1976 9
1977 1
1978 1
1979 3
1980 1
1981 1
1982 1
1983 1
1984 1
1985 1
1986 1
1987 1
1988 7
1989 1
1990 3
1991 5
1992 1
1993 1
1994 1
1995 1
1996 1
1997 1
1998 1
1999 1
2000 1
2001 2
2002 1
2003 1
2004 3
2005 2
2006 1
2007 11
2008 1
2009 1
2010 1
2011 1
2012 1
2013 1
2014 1
2015 1
2016 1
2017 2
2018 3
2019 1
2020 1
2021 1
2022 4
2023 1
2024 2
2025 2
2026 2
2027 1
2028 2
2029 33
2030 6
2031 1
2032 1
2033 2
2034 5
2035 1
2036 1
2037 1
2038 10
2039 4
2040 5
2041 6
2042 1
2043 2
2044 1
2045 1
2046 1
2047 1
2048 1
2049 1
2050 1
2051 1
2052 1
2053 1
2054 1
2055 1
2056 1
2057 1
2058 6
2059 1
2060 1
2061 1
2062 2
2063 1
2064 2
2065 1
2066 1
2067 1
2068 3
2069 1
2070 1
2071 2
2072 1
2073 1
2074 1
2075 1
2076 1
2077 1
2078 1
2079 1
2080 2
2081 3
2082 1
2083 1
2084 1
2085 1
2086 3
2087 1
2088 4
2089 1
2090 1
2091 1
2092 1
2093 1
2094 1
2095 3
2096 2
2097 3
2098 458
2099 1
2100 1
2101 2
2102 1
2103 1
2104 2
2105 1
2106 3
2107 5
2108 1
2109 1
2110 1
2111 1
2112 1
2113 4
2114 1
2115 1
2116 2
2117 1
2118 1
2119 3
2120 1
2121 2
2122 1
2123 1
2124 1
2125 3
2126 1
2127 1
2128 1
2129 2
2130 1
2131 1
2132 1
2133 1
2134 1
2135 2
2136 1
2137 4
2138 1
2139 1
2140 1
2141 1
2142 1
2143 6
2144 1
2145 1
2146 1
2147 1
2148 6
2149 1
2150 1
2151 1
2152 2
2153 1
2154 1
2155 1
2156 11
2157 4
2158 1
2159 1
2160 1
2161 7
2162 1
2163 3
2164 1
2165 1
2166 6
2167 2
2168 2
2169 6
2170 1
2171 1
2172 1
2173 2
2174 1
2175 1
2176 1
2177 1
2178 2
2179 1
2180 1
2181 1
2182 2
2183 2
2184 1
2185 1
2186 1
2187 1
2188 1
2189 1
2190 1
2191 2
2192 1
2193 3
2194 1
2195 1
2196 1
2197 15
2198 1
2199 1
2200 1
2201 1
2202 15
2203 1
2204 2
2205 2
2206 1
2207 1
2208 1
2209 1
2210 5
2211 1
2212 1
2213 1
2214 1
2215 1
2216 3
2217 1
2218 2
2219 5
2220 7
2221 1
2222 1
2223 2
2224 1
2225 1
2226 1
2227 2
2228 1
2229 1
2230 3
2231 2
2232 2
2233 3
2234 1
2235 1
2236 2
2237 1
2238 1
2239 4
2240 3
2241 3
2242 2
2243 1
2244 3
2245 1
2246 1
2247 1
2248 1
2249 1
2250 2
2251 1
2252 1
2253 3
2254 1
2255 6
2256 2
2257 1
2258 1
2259 1
2260 2
2261 1
2262 9
2263 10
2264 1
2265 1
2266 1
2267 1
2268 1
2269 1
2270 1
2271 1
2272 2
2273 1
2274 1
2275 1
2276 1
2277 1
2278 1
2279 1
2280 1
2281 1
2282 3
2283 1
2284 2
2285 1
2286 1
2287 1
2288 6
2289 1
2290 1
2291 1
2292 1
2293 1
2294 1
2295 1
2296 1
2297 1
2298 1
2299 1
2300 1
2301 1
2302 1
2303 1
2304 1
2305 7
2306 1
2307 1
2308 1
2309 2
2310 1
2311 2
2312 2
2313 1
2314 1
2315 1
2316 1
2317 1
2318 1
2319 1
2320 1
2321 2
2322 1
2323 2
2324 9
2325 1
2326 1
2327 1
2328 2
2329 1
2330 1
2331 1
2332 1
2333 2
2334 1
2335 1
2336 1
2337 2
2338 1
2339 1
2340 1
2341 4
2342 1
2343 2
2344 1
2345 2
2346 1
2347 1
2348 1
2349 5
2350 1
2351 1
2352 1
2353 1
2354 4
2355 2
2356 2
2357 1
2358 1
2359 3
2360 1
2361 1
2362 1
2363 2
2364 1
2365 1
2366 1
2367 1
2368 3
2369 1
2370 1
2371 1
2372 1
2373 1
2374 1
2375 1
2376 1
2377 1
2378 2
2379 1
2380 1
2381 2
2382 1
2383 3
2384 1
2385 1
2386 1
2387 2
2388 1
2389 1
2390 1
2391 1
2392 6
2393 1
2394 1
2395 1
2396 1
2397 1
2398 4
2399 3
2400 1
2401 2
2402 1
2403 1
2404 1
2405 1
2406 1
2407 2
2408 206
2409 1
2410 1
2411 1
2412 4
2413 1
2414 2
2415 1
2416 3
2417 36
2418 2
2419 1
2420 1
2421 1
2422 1
2423 1
2424 1
2425 1
2426 1
2427 1
2428 1
2429 2
2430 1
2431 1
2432 1
2433 1
2434 1
2435 1
2436 1
2437 1
2438 1
2439 90
2440 6
2441 1
2442 1
2443 1
2444 1
2445 1
2446 1
2447 1
2448 1
2449 1
2450 1
2451 1
2452 1
2453 3
2454 1
2455 1
2456 1
2457 3
2458 1
2459 1
2460 2
2461 1
2462 8
2463 1
2464 1
2465 4
2466 2
2467 1
2468 3
2469 1
2470 1
2471 6
2472 4
2473 1
2474 1
2475 1
2476 1
2477 2
2478 1
2479 1
2480 1
2481 2
2482 1
2483 2
2484 1
2485 1
2486 1
2487 1
2488 1
2489 1
2490 1
2491 1
2492 1
2493 1
2494 1
2495 1
2496 1
2497 18
2498 1
2499 1
2500 1
2501 4
2502 1
2503 1
2504 1
2505 1
2506 33
2507 3
2508 1
2509 2
2510 9
2511 1
2512 1
2513 8
2514 1
2515 1
2516 1
2517 1
2518 2
2519 11
2520 1
2521 1
2522 1
2523 2
2524 2
2525 1
2526 1
2527 1
2528 1
2529 1
2530 1
2531 1
2532 2
2533 2
2534 1
2535 1
2536 1
2537 1
2538 1
2539 1
2540 1
2541 1
2542 1
2543 1
2544 7
2545 1
2546 1
2547 1
2548 1
2549 3
2550 3
2551 1
2552 1
2553 1
2554 1
2555 1
2556 2
2557 1
2558 10
2559 1
2560 1
2561 12
2562 1
2563 1
2564 1
2565 1
2566 2
2567 1
2568 1
2569 1
2570 9
2571 1
2572 41
2573 1
2574 1
2575 1
2576 1
2577 1
2578 1
2579 2
2580 3
2581 1
2582 2
2583 1
2584 1
2585 1
2586 2
2587 4
2588 1
2589 1
2590 1
2591 2
2592 1
2593 1
2594 2
2595 1
2596 1
2597 3
2598 1
2599 1
2600 1
2601 1
2602 1
2603 3
2604 4
2605 1
2606 2
2607 1
2608 1
2609 3
2610 1
2611 3
2612 1
2613 1
2614 2
2615 1
2616 1
2617 1
2618 2
2619 1
2620 1
2621 1
2622 2
2623 1
2624 2
2625 1
2626 1
2627 1
2628 4
2629 1
2630 4
2631 1
2632 1
2633 1
2634 1
2635 1
2636 1
2637 27
2638 2
2639 1
2640 1
2641 2
2642 1
2643 1
2644 1
2645 1
2646 1
2647 1
2648 1
2649 4
2650 1
2651 2
2652 1
2653 1
2654 2
2655 3
2656 2
2657 1
2658 1
2659 1
2660 1
2661 1
2662 1
2663 7
2664 1
2665 1
2666 1
2667 2
2668 14
2669 2
2670 1
2671 3
2672 2
2673 4
2674 2
2675 3
2676 2
2677 1
2678 1
2679 2
2680 2
2681 3
2682 1
2683 2
2684 1
2685 16
2686 1
2687 1
2688 1
2689 2
2690 1
2691 2
2692 3
2693 1
2694 1
2695 2
2696 1
2697 1
2698 1
2699 1
2700 1
2701 1
2702 1
2703 10
2704 1
2705 1
2706 5
2707 1
2708 1
2709 1
2710 1
2711 1
2712 3
2713 4
2714 3
2715 1
2716 1
2717 1
2718 3
2719 8
2720 1
2721 1
2722 1
2723 3
2724 1
2725 1
2726 1
2727 2
2728 1
2729 11
2730 1
2731 1
2732 1
2733 3
2734 48
2735 1
2736 1
2737 1
2738 7
2739 1
2740 3
2741 1
2742 1
2743 2
2744 2
2745 2
2746 1
2747 1
2748 2
2749 6
2750 1
2751 1
2752 1
2753 1
2754 1
2755 1
2756 1
2757 1
2758 9
2759 1
2760 1
2761 1
2762 1
2763 1
2764 1
2765 11
2766 1
2767 1
2768 1
2769 1
2770 1
2771 2
2772 1
2773 1
2774 1
2775 1
2776 1
2777 1
2778 1
2779 1
2780 2
2781 1
2782 20
2783 1
2784 1
2785 7
2786 3
2787 1
2788 1
2789 1
2790 1
2791 3
2792 48
2793 2
2794 1
2795 2
2796 1
2797 1
2798 17
2799 1
2800 1
2801 1
2802 1
2803 2
2804 1
2805 1
2806 1
2807 1
2808 1
2809 2
2810 1
2811 1
2812 1
2813 41
2814 13
2815 1
2816 1
2817 1
2818 1
2819 1
2820 1
2821 1
2822 1
2823 8
2824 1
2825 1
2826 1
2827 2
2828 2
2829 1
2830 1
2831 1
2832 1
2833 5
2834 3
2835 1
2836 8
2837 3
2838 1
2839 1
2840 6
2841 1
2842 1
2843 1
2844 1
2845 1
2846 3
2847 1
2848 1
2849 1
2850 1
2851 2
2852 1
2853 1
2854 3
2855 3
2856 2
2857 1
2858 1
2859 1
2860 4
2861 5
2862 1
2863 2
2864 2
2865 1
2866 1
2867 2
2868 4
2869 1
2870 1
2871 1
2872 3
2873 1
2874 1
2875 1
2876 1
2877 1
2878 1
2879 1
2880 1
2881 4
2882 2
2883 2
2884 1
2885 1
2886 1
2887 2
2888 1
2889 15
2890 1
2891 3
2892 1
2893 1
2894 1
2895 236
2896 1
2897 1
2898 1
2899 1
2900 1
2901 3
2902 1
2903 2
2904 1
2905 1
2906 1
2907 2
2908 1
2909 1
2910 1
2911 1
2912 2
2913 1
2914 1
2915 3
2916 1
2917 1
2918 1
2919 1
2920 1
2921 1
2922 1
2923 1
2924 2
2925 1
2926 1
2927 1
2928 1
2929 1
2930 2
2931 2
2932 1
2933 1
2934 1
2935 1
2936 3
2937 1
2938 1
2939 1
2940 4
2941 1
2942 1
2943 3
2944 3
2945 4
2946 1
2947 1
2948 1
2949 1
2950 1
2951 1
2952 4
2953 1
2954 1
2955 1
2956 1
2957 1
2958 1
2959 1
2960 3
2961 2
2962 1
2963 1
2964 1
2965 4
2966 8
2967 4
2968 1
2969 1
2970 1
2971 1
2972 1
2973 2
2974 1
2975 1
2976 1
2977 1
2978 1
2979 5
2980 2
2981 1
2982 4
2983 2
2984 1
2985 2
2986 1
2987 1
2988 26
2989 11
2990 1
2991 1
2992 1
2993 1
2994 1
2995 1
2996 1
2997 2
2998 1
2999 2
3000 2
3001 5
3002 1
3003 2
3004 1
3005 3
3006 1
3007 1
3008 1
3009 1
3010 1
3011 6
3012 2
3013 1
3014 3
3015 2
3016 1
3017 1
3018 3
3019 2
3020 1
3021 1
3022 4
3023 1
3024 1
3025 2
3026 1
3027 1
3028 1
3029 2
3030 1
3031 1
3032 2
3033 1
3034 1
3035 1
3036 7
3037 1
3038 1
3039 2
3040 1
3041 4
3042 1
3043 2
3044 1
3045 5
3046 4
3047 1
3048 3
3049 2
3050 1
3051 2
3052 1
3053 1
3054 2
3055 2
3056 1
3057 3
3058 1
3059 1
3060 1
3061 1
3062 2
3063 9
3064 1
3065 1
3066 2
3067 5
3068 1
3069 1
3070 1
3071 1
3072 1
3073 1
3074 1
3075 1
3076 1
3077 1
3078 1
3079 5
3080 1
3081 1
3082 1
3083 1
3084 1
3085 1
3086 1
3087 1
3088 4
3089 30
3090 4
3091 1
3092 1
3093 1
3094 1
3095 1
3096 2
3097 2
3098 1
3099 2
3100 1
3101 1
3102 1
3103 3
3104 3
3105 2
3106 2
3107 2
3108 2
3109 1
3110 6
3111 2
3112 1
3113 1
3114 1
3115 15
3116 1
3117 16
3118 1
3119 2
3120 2
3121 2
3122 1
3123 4
3124 1
3125 1
3126 3
3127 2
3128 1
3129 1
3130 2
3131 1
3132 1
3133 1
3134 1
3135 1
3136 2
3137 1
3138 2
3139 1
3140 6
3141 3
3142 8
3143 3
3144 5
3145 2
3146 1
3147 1
3148 2
3149 1
3150 27
3151 1
3152 1
3153 2
3154 1
3155 1
3156 1
3157 1
3158 2
3159 1
3160 1
3161 1
3162 1
3163 1
3164 1
3165 1
3166 1
3167 2
3168 1
3169 1
3170 2
3171 1
3172 10
3173 1
3174 1
3175 1
3176 1
3177 5
3178 1
3179 1
3180 1
3181 1
3182 2
3183 1
3184 1
3185 1
3186 1
3187 1
3188 7
3189 9
3190 1
3191 2
3192 1
3193 3
3194 1
3195 1
3196 7
3197 16
3198 1
3199 1
3200 1
3201 1
3202 2
3203 2
3204 1
3205 1
3206 1
3207 1
3208 1
3209 1
3210 2
3211 1
3212 1
3213 1
3214 2
