0 1295
1 26
2 2
3 1
4 1
5 1
6 1
7 1
8 22
9 1
10 1
11 1
12 1
13 1
14 1
15 1
16 1
17 1
18 7
19 1
20 1
21 2
22 1
23 1
24 1
25 1
26 1
27 1
28 1
29 1
30 1
31 1
32 1
33 1
34 1
35 1
36 2
37 3
38 1
39 1
40 1
41 1
42 1
43 1
44 1
45 3
46 2
47 2
48 1
49 7
50 1
51 1
52 3
53 5
54 1
55 1
56 1
57 2
58 1
59 2
60 1
61 1
62 1
63 2
64 1
65 1
66 1
67 1
68 1
69 3
70 1
71 1
72 1
73 1
74 1
75 1
76 1
77 2
78 4
79 1
80 1
81 2
82 1
83 39
84 1
85 1
86 1
87 1
88 1
89 2
90 8
91 2
92 5
93 1
94 1
95 1
96 2
97 4
98 1
99 1
100 1
101 8
102 1
103 1
104 1
105 1
106 1
107 6
108 3
109 1
110 2
111 3
112 1
113 1
114 2
115 1
116 4
117 1
118 1
119 1
120 3
121 1
122 1
123 3
124 3
125 1
126 10
127 1
128 1
129 1
130 4
131 1
132 1
133 2
134 1
135 2
136 3
137 1
138 2
139 1
140 1
141 1
142 1
143 1
144 4
145 3
146 1
147 3
148 2
149 1
150 1
151 1
152 1
153 1
154 2
155 1
156 1
157 1
158 1
159 2
160 1
161 1
162 1
163 7
164 3
165 3
166 1
167 4
168 3
169 1
170 2
171 2
172 1
173 8
174 1
175 1
176 3
177 1
178 1
179 3
180 2
181 3
182 2
183 1
184 1
185 2
186 4
187 1
188 9
189 1
190 1
191 1
192 1
193 1
194 1
195 1
196 7
197 33
198 1
199 1
200 1
201 1
202 3
203 1
204 7
205 1
206 1
207 1
208 1
209 19
210 2
211 1
212 1
213 1
214 40
215 1
216 7
217 1
218 2
219 1
220 1
221 8
222 1
223 1
224 2
225 1
226 3
227 1
228 1
229 1
230 1
231 1
232 1
233 1
234 1
235 1
236 1
237 1
238 1
239 1
240 2
241 1
242 1
243 1
244 1
245 1
246 1
247 3
248 1
249 1
250 1
251 1
252 39
253 4
254 2
255 5
256 1
257 1
258 1
259 1
260 8
261 1
262 3
263 1
264 1
265 20
266 1
267 2
268 1
269 1
270 3
271 1
272 2
273 1
274 1
275 1
276 2
277 1
278 5
279 1
280 2
281 2
282 2
283 1
284 1
285 9
286 1
287 1
288 1
289 2
290 2
291 1
292 3
293 1
294 1
295 1
296 1
297 1
298 1
299 1
300 6
301 1
302 1
303 2
304 7
305 1
306 1
307 1
308 1
309 4
310 2
311 1
312 1
313 1
314 2
315 1
316 1
317 1
318 13
319 1
320 1
321 34
322 1
323 1
324 1
325 2
326 5
327 1
328 1
329 3
330 1
331 1
332 1
333 1
334 1
335 1
336 1
337 1
338 1
339 1
340 6
341 1
342 1
343 1
344 3
345 1
346 1
347 2
348 1
349 1
350 1
351 1
352 13
353 1
354 2
355 1
356 1
357 1
358 1
359 1
360 1
361 1
362 1
363 1
364 1
365 1
366 1
367 2
368 1
369 1
370 1
371 1
372 1
373 1
374 1
375 1
376 1
377 3
378 1
379 1
380 2
381 1
382 1
383 4
384 1
385 1
386 1
387 1
388 1
389 2
390 1
391 1
392 1
393 1
394 1
395 4
396 2
397 12
398 2
399 2
400 1
401 3
402 1
403 2
404 1
405 2
406 4
407 2
408 1
409 3
410 1
411 2
412 1
413 1
414 2
415 1
416 1
417 2
418 1
419 1
420 1
421 1
422 1
423 1
424 1
425 1
426 1
427 1
428 1
429 1
430 1
431 8
432 2
433 1
434 1
435 1
436 1
437 7
438 1
439 1
440 1
441 1
442 1
443 1
444 1
445 1
446 1
447 1
448 2
449 1
450 1
451 322
452 1
453 1
454 1
455 1
456 1
457 1
458 1
459 1
460 1
461 1
462 1
463 1
464 1
465 1
466 1
467 3
468 1
469 1
470 1
471 1
472 1
473 1
474 1
475 2
476 1
477 1
478 1
479 2
480 1
481 2
482 2
483 3
484 2
485 3
486 1
487 1
488 1
489 1
490 2
491 1
492 1
493 1
494 1
495 3
496 1
497 2
498 1
499 1
500 6
501 1
502 3
503 7
504 2
505 1
506 14
507 1
508 1
509 1
510 1
511 1
512 1
513 4
514 1
515 1
516 1
517 9
518 1
519 2
520 2
521 1
522 1
523 12
524 61
525 1
526 5
527 1
528 2
529 2
530 5
531 1
532 1
533 1
534 1
535 1
536 1
537 1
538 1
539 3
540 1
541 1
542 4
543 1
544 2
545 1
546 5
547 1
548 1
549 1
550 1
551 1
552 4
553 1
554 5
555 1
556 7
557 3
558 1
559 2
560 8
561 2
562 7
563 2
564 3
565 2
566 1
567 1
568 10
569 1
570 1
571 1
572 1
573 1
574 3
575 1
576 1
577 18
578 1
579 7
580 1
581 1
582 1
583 1
584 1
585 16
586 1
587 1
588 5
589 1
590 1
591 1
592 1
593 5
594 2
595 1
596 1
597 1
598 2
599 1
600 1
601 1
602 1
603 1
604 1
605 2
606 1
607 1
608 1
609 1
610 1
611 1
612 1
613 15
614 2
615 1
616 1
617 1
618 1
619 1
620 1
621 3
622 1
623 1
624 6
625 1
626 1
627 14
628 2
629 1
630 1
631 1
632 1
633 1
634 2
635 1
636 1
637 3
638 1
639 1
640 8
641 1
642 1
643 1
644 1
645 1
646 2
647 1
648 1
649 1
650 1
651 1
652 1
653 5
654 5
655 2
656 1
657 1
658 1
659 2
660 4
661 1
662 4
663 1
664 1
665 1
666 1
667 1
668 124
669 1
670 1
671 1
672 1
673 2
674 1
675 1
676 1
677 1
678 1
679 1
680 1
681 1
682 1
683 3
684 7
685 54
686 1
687 1
688 1
689 1
690 1
691 1
692 3
693 32
694 1
695 1
696 3
697 1
698 1
699 1
700 4
701 2
702 2
703 6
704 2
705 1
706 1
707 1
708 1
709 2
710 1
711 1
712 1
713 1
714 1
715 1
716 1
717 2
718 2
719 1
720 1
721 6
722 1
723 1
724 2
725 1
726 2
727 3
728 1
729 1
730 1
731 5
732 13
733 1
734 1
735 1
736 6
737 1
738 1
739 1
740 2
741 2
742 1
743 1
744 1
745 1
746 1
747 1
748 1
749 3
750 1
751 2
752 1
753 1
754 1
755 1
756 1
757 1
758 2
759 1
760 1
761 1
762 3
763 1
764 1
765 2
766 1
767 1
768 1
769 2
770 3
771 2
772 1
773 1
774 1
775 1
776 1
777 1
778 1
779 1
780 21
781 1
782 1
783 1
784 1
785 3
786 1
787 1
788 1
789 1
790 1
791 1
792 4
793 1
794 1
795 4
796 1
797 1
798 1
799 1
800 1
801 1
802 2
803 2
804 1
805 1
806 1
807 1
808 1
809 1
810 2
811 4
812 3
813 3
814 1
815 1
816 1
817 1
818 1
819 1
820 1
821 1
822 1
823 1
824 1
825 6
826 5
827 1
828 1
829 2
830 2
831 1
832 1
833 29
834 1
835 1
836 1
837 1
838 2
839 1
840 1
841 3
842 1
843 7
844 1
845 1
846 6
847 1
848 1
849 1
850 1
851 1
852 12
853 1
854 1
855 2
856 1
857 12
858 1
859 15
860 1
861 1
862 1
863 1
864 1
865 1
866 1
867 6
868 1
869 5
870 7
871 4
872 1
873 3
874 3
875 1
876 2
877 1
878 1
879 1
880 1
881 1
882 5
883 2
884 1
885 1
886 3
887 11
888 1
889 1
890 1
891 1
892 3
893 1
894 1
895 12
896 2
897 1
898 3
899 1
900 1
901 2
902 1
903 1
904 1
905 1
906 3
907 2
908 5
909 1
910 1
911 2
912 1
913 1
914 1
915 1
916 1
917 2
918 1
919 1
920 1
921 1
922 1
923 2
924 1
925 1
926 1
927 1
928 1
929 1
930 1
931 2
932 1
933 1
934 4
935 6
936 1
937 1
938 1
939 1
940 2
941 1
942 1
943 1
944 1
945 1
946 1
947 1
948 1
949 2
950 1
951 1
952 1
953 1
954 1
955 1
956 2
957 1
958 1
959 1
960 1
961 1
962 3
963 1
964 6
965 1
966 1
967 4
968 1
969 1
970 3
971 1
972 2
973 1
974 1
975 1
976 1
977 1
978 2
979 1
980 6
981 1
982 1
983 2
984 1
985 1
986 1
987 3
988 2
989 2
990 1
991 1
992 1
993 1
994 1
995 3
996 1
997 1
998 1
999 2
1000 3
1001 4
1002 1
1003 26
1004 12
1005 5
1006 3
1007 1
1008 1
1009 2
1010 1
1011 7
1012 1
1013 1
1014 1
1015 1
1016 5
1017 4
1018 1
1019 1
1020 1
1021 9
1022 1
1023 3
1024 1
1025 1
1026 1
1027 1
1028 1
1029 2
1030 1
1031 7
1032 1
1033 1
1034 1
1035 3
1036 2
1037 7
1038 10
1039 2
1040 1
1041 1
1042 1
1043 1
1044 3
1045 2
1046 1
1047 1
1048 1
1049 2
1050 1
1051 1
1052 1
1053 1
1054 1
1055 8
1056 4
1057 1
1058 1
1059 1
1060 1
1061 1
1062 1
1063 2
1064 11
1065 1
1066 1
1067 7
1068 2
1069 1
1070 1
1071 1
1072 2
1073 1
1074 1
1075 1
1076 1
1077 1
1078 2
1079 6
1080 1
1081 1
1082 1
1083 6
1084 1
1085 1
1086 1
1087 1
1088 1
1089 7
1090 1
1091 3
1092 1
1093 1
1094 3
1095 1
1096 3
1097 1
1098 1
1099 56
1100 2
1101 1
1102 2
1103 5
1104 2
1105 1
1106 2
1107 2
1108 1
1109 1
1110 1
1111 2
1112 1
1113 1
1114 1
1115 10
1116 1
1117 1
1118 2
1119 5
1120 6
1121 3
1122 6
1123 4
1124 1
1125 1
1126 6
1127 2
1128 1
1129 1
1130 1
1131 1
1132 1
1133 1
1134 1
1135 1
1136 1
1137 1
1138 3
1139 1
1140 2
1141 3
1142 1
1143 3
1144 1
1145 1
1146 2
1147 1
1148 1
1149 1
1150 1
1151 1
1152 1
1153 7
1154 1
1155 1
1156 2
1157 1
1158 4
1159 1
1160 1
1161 1
1162 1
1163 2
1164 2
1165 1
1166 2
1167 1
1168 2
1169 1
1170 1
1171 2
1172 1
1173 4
1174 1
1175 1
1176 1
1177 1
1178 2
1179 1
1180 1
1181 2
1182 10
1183 1
1184 1
1185 2
1186 1
1187 2
1188 2
1189 1
1190 1
1191 12
1192 1
1193 1
1194 4
1195 1
1196 2
1197 1
1198 3
1199 1
1200 1
1201 3
1202 1
1203 1
1204 1
1205 1
1206 1
1207 1
1208 1
1209 3
1210 2
1211 1
1212 1
1213 1
1214 1
1215 4
1216 1
1217 1
1218 1
1219 1
1220 1
1221 1
1222 2
1223 1
1224 34
1225 1
1226 1
1227 1
1228 2
1229 2
1230 1
1231 1
1232 1
1233 1
1234 1
1235 1
1236 1
1237 1
1238 3
1239 3
1240 1
1241 1
1242 1
1243 2
1244 1
1245 2
1246 1
1247 261
1248 1
1249 1
1250 2
1251 1
1252 3
1253 2
1254 1
1255 1
1256 1
1257 4
1258 1
1259 1
1260 3
1261 1
1262 2
1263 3
1264 1
1265 1
1266 1
1267 3
1268 1
1269 2
1270 1
1271 5
1272 1
1273 1
1274 1
1275 1
1276 1
1277 1
1278 1
1279 1
1280 1
1281 1
1282 1
1283 6
1284 2
1285 2
1286 1
1287 39
1288 1
1289 2
1290 1
1291 1
1292 2
1293 5
1294 1
1295 1
1296 1
1297 1
1298 4
1299 1
1300 1
1301 1
1302 1
1303 1
1304 1
1305 1
1306 4
1307 1
1308 2
1309 1
1310 1
1311 1
1312 1
1313 1
1314 9
1315 5
1316 2
1317 55
1318 1
1319 1
1320 1
1321 1
1322 1
1323 1
1324 3
1325 2
1326 1
1327 1
1328 5
1329 1
1330 8
1331 1
1332 2
1333 8
1334 1
1335 1
1336 1
1337 1
1338 1
1339 1
1340 2
1341 1
1342 3
1343 1
1344 1
1345 1
1346 1
1347 2
1348 1
1349 2
1350 1
1351 1
1352 1
1353 1
1354 1
1355 1
1356 1
1357 1
1358 1
1359 1
1360 1
1361 1
1362 1
1363 5
1364 12
1365 1
1366 1
1367 1
1368 1
1369 1
1370 5
1371 1
1372 5
1373 1
1374 1
1375 6
1376 1
1377 8
1378 4
1379 1
1380 1
1381 5
1382 1
1383 3
1384 2
1385 1
1386 1
1387 1
1388 1
1389 1
1390 1
1391 5
1392 1
1393 2
1394 3
1395 2
1396 1
1397 1
1398 4
1399 1
1400 1
1401 1
1402 1
1403 1
1404 1
1405 1
1406 1
1407 1
1408 1
1409 1
1410 2
1411 1
1412 1
1413 1
1414 1
1415 1
1416 10
1417 3
1418 2
1419 1
1420 3
1421 1
1422 9
1423 1
1424 1
1425 1
1426 2
1427 1
1428 8
1429 2
1430 1
1431 2
1432 8
1433 4
1434 2
1435 1
1436 1
1437 5
1438 2
1439 1
1440 1
1441 1
1442 1
1443 1
1444 1
1445 2
1446 5
1447 1
1448 2
1449 1
1450 1
1451 1
1452 1
1453 1
1454 1
1455 1
1456 1
1457 1
1458 1
1459 4
1460 1
1461 1
1462 3
1463 1
1464 1
1465 1
1466 5
1467 1
1468 1
1469 1
1470 1
1471 1
1472 2
1473 1
1474 2
1475 1
1476 1
1477 1
1478 1
1479 1
1480 1
1481 4
1482 2
1483 1
1484 3
1485 3
1486 3
1487 1
1488 1
1489 1
1490 9
1491 1
1492 1
1493 1
1494 2
1495 1
1496 1
1497 1
1498 1
1499 2
1500 3
1501 13
1502 1
1503 1
1504 1
1505 4
1506 1
1507 2
1508 1
1509 1
1510 1
1511 1
1512 1
1513 1
1514 1
1515 2
1516 1
1517 1
1518 3
1519 1
1520 1
1521 11
1522 1
1523 1
1524 1
1525 1
1526 1
1527 1
1528 1
1529 1
1530 1
1531 1
1532 1
1533 2
1534 1
1535 1
1536 1
1537 1
1538 1
1539 3
1540 4
1541 1
1542 1
1543 16
1544 1
1545 2
1546 1
1547 1
1548 1
1549 2
1550 1
1551 2
1552 1
1553 1
1554 1
1555 1
1556 1
1557 1
1558 1
1559 19
1560 1
1561 1
1562 1
1563 1
1564 3
1565 2
1566 2
1567 6
1568 3
1569 2
1570 1
1571 1
1572 1
1573 1
1574 1
1575 2
1576 1
1577 1
1578 2
1579 1
1580 1
1581 2
1582 1
1583 1
1584 2
1585 1
1586 1
1587 1
1588 1
1589 1
1590 2
1591 1
1592 1
1593 1
1594 3
1595 1
1596 1
1597 3
1598 1
1599 1
1600 2
1601 2
1602 1
1603 2
1604 1
1605 1
1606 1
1607 3
1608 2
1609 2
1610 2
1611 1
1612 1
1613 1
1614 1
1615 1
1616 1
1617 1
1618 17
1619 1
1620 3
1621 28
1622 1
1623 1
1624 2
1625 1
1626 1
1627 7
1628 11
1629 2
1630 1
1631 8
1632 1
1633 1
1634 1
1635 1
1636 1
1637 1
1638 3
1639 1
1640 1
1641 1
1642 2
1643 2
1644 2
1645 1
1646 1
1647 2
1648 2
1649 2
1650 1
1651 2
1652 7
1653 6
1654 1
1655 1
1656 1
1657 6
1658 2
1659 4
1660 1
1661 5
1662 1
1663 1
1664 1
1665 1
1666 1
1667 1
1668 2
1669 1
1670 1
1671 1
1672 1
1673 1
1674 1
1675 1
1676 1
1677 10
1678 1
1679 1
1680 8
1681 1
1682 1
1683 1
1684 2
1685 1
1686 2
1687 2
1688 7
1689 1
1690 1
1691 1
1692 2
1693 1
1694 1
1695 1
1696 2
1697 1
1698 1
1699 1
1700 1
1701 1
1702 1
1703 1
1704 1
1705 1
1706 1
1707 1
1708 2
1709 4
1710 1
1711 1
1712 2
1713 1
1714 1
1715 6
1716 1
1717 1
1718 5
1719 1
1720 1
1721 17
1722 1
1723 2
1724 1
1725 1
1726 2
1727 3
1728 1
1729 1
1730 1
1731 3
1732 1
1733 1
1734 1
1735 1
1736 1
1737 2
1738 4
1739 1
1740 2
1741 1
1742 1
1743 1
1744 3
1745 1
1746 3
1747 1
1748 4
1749 1
1750 2
1751 5
1752 1
1753 6
1754 3
1755 1
1756 2
1757 2
1758 2
1759 4
1760 1
1761 1
1762 3
1763 9
1764 1
1765 1
1766 2
1767 1
1768 1
1769 3
1770 7
1771 1
1772 1
1773 3
1774 1
1775 1
1776 1
1777 2
1778 1
1779 1
1780 2
1781 1
1782 6
1783 1
1784 2
1785 1
1786 1
1787 1
1788 1
1789 2
1790 3
1791 1
1792 1
1793 1
1794 2
1795 2
1796 1
1797 1
1798 1
1799 1
1800 1
1801 3
1802 2
1803 2
1804 1
1805 1
1806 1
1807 7
1808 1
1809 1
1810 13
1811 1
1812 2
1813 1
1814 1
1815 1
1816 1
1817 3
1818 1
1819 8
1820 1
1821 1
1822 1
1823 1
1824 1
1825 2
1826 3
1827 1
1828 1
1829 4
1830 1
1831 2
1832 1
1833 1
1834 1
1835 1
1836 1
1837 1
1838 2
1839 1
1840 1
1841 4
1842 1
1843 1
1844 18
1845 1
1846 28
1847 7
1848 1
1849 1
1850 5
1851 1
1852 1
1853 1
1854 1
1855 1
1856 2
1857 1
1858 1
1859 41
1860 1
1861 1
1862 1
1863 1
1864 6
1865 1
1866 1
1867 1
1868 1
1869 3
1870 1
1871 1
1872 1
1873 1
1874 6
1875 1
1876 1
1877 1
1878 1
1879 1
1880 1
1881 3
1882 1
1883 1
1884 1
1885 7
1886 1
1887 1
1888 12
1889 1
1890 2
1891 1
1892 1
1893 1
1894 1
1895 2
1896 1
1897 1
1898 1
1899 10
1900 1
1901 1
1902 1
1903 2
1904 1
1905 2
1906 1
1907 1
1908 1
1909 1
1910 1
1911 2
1912 1
1913 2
1914 1
1915 1
1916 9
1917 1
1918 1
1919 1
1920 1
1921 1
1922 1
1923 1
1924 1
1925 1
1926 1
1927 3
1928 1
1929 1
1930 2
1931 1
1932 1
1933 1
1934 1
1935 2
1936 1
1937 35
1938 2
1939 4
1940 1
1941 1
1942 1
1943 1
1944 1
1945 1
1946 12
1947 1
1948 1
1949 6
1950 1
1951 1
1952 18
1953 38
1954 1
1955 5
1956 1
1957 1
1958 1
1959 1
1960 1
1961 1
1962 6
1963 4
1964 2
1965 1
1966 4
1967 1
1968 2
1969 1
1970 1
1971 2
1972 2
1973 1
1974 1
1975 1
1976 1
1977 1
1978 3
1979 1
1980 1
1981 1
1982 1
1983 1
1984 1
1985 1
1986 1
1987 1
1988 1
1989 1
1990 1
1991 2
1992 1
1993 3
1994 1
1995 1
1996 1
1997 2
1998 1
1999 2
2000 1
2001 1
2002 1
2003 3
2004 1
2005 2
2006 1
2007 1
2008 1
2009 1
2010 456
2011 1
2012 1
2013 1
2014 1
2015 1
2016 3
2017 1
2018 3
2019 6
2020 4
2021 1
2022 1
2023 1
2024 1
2025 1
2026 1
2027 1
2028 1
2029 1
2030 1
2031 1
2032 2
2033 1
2034 1
2035 5
2036 2
2037 2
2038 1
2039 1
2040 1
2041 1
2042 1
2043 1
2044 2
2045 1
2046 1
2047 1
2048 1
2049 1
2050 1
2051 2
2052 1
2053 1
2054 2
2055 2
2056 1
2057 1
2058 1
2059 1
2060 1
2061 3
2062 2
2063 3
2064 2
2065 1
2066 1
2067 2
2068 1
2069 2
2070 2
2071 4
2072 1
2073 8
2074 4
2075 1
2076 1
2077 1
2078 2
2079 1
2080 1
2081 3
2082 1
2083 1
2084 1
2085 1
2086 1
2087 6
2088 1
2089 1
2090 4
2091 1
2092 2
2093 1
2094 1
2095 1
2096 1
2097 1
2098 1
2099 1
2100 1
2101 1
2102 3
2103 1
2104 2
2105 2
2106 1
2107 1
2108 4
2109 1
2110 1
2111 1
2112 1
2113 1
2114 1
2115 1
2116 1
2117 1
2118 6
2119 1
2120 3
2121 1
2122 3
2123 16
2124 1
2125 1
2126 1
2127 1
2128 1
2129 1
2130 1
2131 14
2132 1
2133 1
2134 1
2135 3
2136 1
2137 2
2138 1
2139 1
2140 2
2141 1
2142 1
2143 1
2144 1
2145 1
2146 1
2147 1
2148 2
2149 1
2150 3
2151 5
2152 1
2153 1
2154 3
2155 7
2156 4
2157 1
2158 1
2159 1
2160 1
2161 1
2162 1
2163 1
2164 4
2165 2
2166 1
2167 1
2168 4
2169 2
2170 4
2171 1
2172 1
2173 1
2174 1
2175 1
2176 6
2177 2
2178 2
2179 1
2180 1
2181 6
2182 9
2183 1
2184 1
2185 1
2186 1
2187 2
2188 2
2189 1
2190 1
2191 3
2192 1
2193 1
2194 2
2195 1
2196 1
2197 1
2198 1
2199 1
2200 1
2201 1
2202 1
2203 1
2204 1
2205 2
2206 1
2207 1
2208 7
2209 1
2210 2
2211 1
2212 1
2213 1
2214 1
2215 1
2216 1
2217 1
2218 4
2219 1
2220 1
2221 2
2222 5
2223 1
2224 1
2225 1
2226 1
2227 1
2228 1
2229 1
2230 2
2231 1
2232 5
2233 1
2234 1
2235 1
2236 1
2237 1
2238 2
2239 1
2240 1
2241 1
2242 1
2243 2
2244 1
2245 2
2246 1
2247 1
2248 1
2249 1
2250 1
2251 1
2252 7
2253 1
2254 2
2255 2
2256 1
2257 1
2258 1
2259 5
2260 3
2261 3
2262 1
2263 1
2264 1
2265 17
2266 1
2267 1
2268 1
2269 1
2270 2
2271 1
2272 2
2273 1
2274 1
2275 1
2276 1
2277 1
2278 1
2279 1
2280 1
2281 1
2282 1
2283 1
2284 1
2285 1
2286 1
2287 5
2288 1
2289 5
2290 1
2291 1
2292 1
2293 1
2294 6
2295 1
2296 1
2297 1
2298 1
2299 5
2300 1
2301 1
2302 4
2303 1
2304 1
2305 1
2306 2
2307 1
2308 200
2309 3
2310 1
2311 1
2312 2
2313 1
2314 1
2315 1
2316 2
2317 1
2318 1
2319 1
2320 33
2321 1
2322 2
2323 2
2324 1
2325 1
2326 1
2327 2
2328 1
2329 1
2330 1
2331 1
2332 6
2333 1
2334 2
2335 1
2336 1
2337 1
2338 3
2339 4
2340 1
2341 86
2342 8
2343 1
2344 4
2345 1
2346 1
2347 1
2348 4
2349 1
2350 4
2351 1
2352 1
2353 1
2354 1
2355 1
2356 1
2357 1
2358 4
2359 1
2360 1
2361 1
2362 1
2363 1
2364 2
2365 1
2366 1
2367 5
2368 1
2369 2
2370 1
2371 1
2372 1
2373 1
2374 3
2375 1
2376 1
2377 1
2378 1
2379 1
2380 1
2381 2
2382 1
2383 2
2384 1
2385 11
2386 1
2387 12
2388 1
2389 1
2390 1
2391 1
2392 3
2393 3
2394 2
2395 2
2396 1
2397 16
2398 2
2399 1
2400 1
2401 1
2402 3
2403 7
2404 2
2405 5
2406 1
2407 1
2408 1
2409 1
2410 1
2411 1
2412 2
2413 1
2414 1
2415 1
2416 2
2417 1
2418 1
2419 2
2420 1
2421 2
2422 1
2423 1
2424 1
2425 2
2426 2
2427 2
2428 1
2429 1
2430 1
2431 1
2432 1
2433 1
2434 11
2435 1
2436 1
2437 1
2438 1
2439 3
2440 1
2441 2
2442 4
2443 1
2444 1
2445 13
2446 1
2447 1
2448 1
2449 1
2450 13
2451 4
2452 2
2453 1
2454 1
2455 1
2456 13
2457 2
2458 1
2459 59
2460 4
2461 2
2462 1
2463 1
2464 1
2465 1
2466 1
2467 5
2468 1
2469 1
2470 1
2471 1
2472 1
2473 1
2474 1
2475 2
2476 1
2477 1
2478 1
2479 1
2480 10
2481 1
2482 1
2483 1
2484 2
2485 2
2486 1
2487 2
2488 1
2489 1
2490 1
2491 2
2492 1
2493 2
2494 5
2495 6
2496 1
2497 1
2498 2
2499 1
2500 2
2501 6
2502 1
2503 2
2504 1
2505 1
2506 1
2507 2
2508 1
2509 2
2510 1
2511 1
2512 2
2513 1
2514 2
2515 1
2516 2
2517 2
2518 1
2519 1
2520 1
2521 1
2522 2
2523 1
2524 1
2525 1
2526 1
2527 21
2528 2
2529 1
2530 1
2531 1
2532 1
2533 1
2534 3
2535 1
2536 1
2537 1
2538 1
2539 1
2540 1
2541 1
2542 1
2543 1
2544 1
2545 2
2546 1
2547 1
2548 1
2549 2
2550 1
2551 1
2552 1
2553 1
2554 1
2555 2
2556 1
2557 1
2558 1
2559 2
2560 1
2561 2
2562 1
2563 6
2564 1
2565 1
2566 1
2567 1
2568 1
2569 2
2570 1
2571 3
2572 1
2573 1
2574 1
2575 5
2576 1
2577 1
2578 1
2579 1
2580 1
2581 1
2582 1
2583 10
2584 1
2585 2
2586 1
2587 1
2588 1
2589 3
2590 2
2591 4
2592 3
2593 4
2594 1
2595 1
2596 1
2597 2
2598 6
2599 2
2600 4
2601 1
2602 1
2603 1
2604 1
2605 9
2606 2
2607 1
2608 1
2609 1
2610 1
2611 1
2612 1
2613 1
2614 1
2615 2
2616 1
2617 1
2618 5
2619 1
2620 1
2621 1
2622 1
2623 1
2624 2
2625 2
2626 2
2627 3
2628 1
2629 1
2630 1
2631 1
2632 3
2633 1
2634 1
2635 1
2636 1
2637 1
2638 1
2639 1
2640 1
2641 1
2642 2
2643 1
2644 1
2645 3
2646 9
2647 1
2648 1
2649 1
2650 1
2651 2
2652 2
2653 1
2654 17
2655 1
2656 1
2657 2
2658 1
2659 5
2660 15
2661 2
2662 1
2663 1
2664 1
2665 1
2666 1
2667 1
2668 1
2669 3
2670 1
2671 1
2672 1
2673 1
2674 1
2675 1
2676 10
2677 1
2678 4
2679 1
2680 5
2681 1
2682 4
2683 1
2684 3
2685 3
2686 1
2687 1
2688 1
2689 1
2690 1
2691 1
2692 2
2693 2
2694 5
2695 1
2696 3
2697 2
2698 1
2699 47
2700 40
2701 9
2702 1
2703 1
2704 1
2705 1
2706 1
2707 1
2708 1
2709 1
2710 1
2711 6
2712 1
2713 1
2714 2
2715 1
2716 2
2717 1
2718 1
2719 1
2720 1
2721 1
2722 1
2723 2
2724 1
2725 1
2726 1
2727 13
2728 2
2729 1
2730 1
2731 7
2732 1
2733 1
2734 1
2735 2
2736 1
2737 1
2738 1
2739 3
2740 1
2741 1
2742 2
2743 1
2744 1
2745 1
2746 2
2747 1
2748 1
2749 2
2750 4
2751 1
2752 1
2753 1
2754 4
2755 3
2756 11
2757 1
2758 1
2759 2
2760 1
2761 1
2762 2
2763 1
2764 1
2765 2
2766 1
2767 2
2768 3
2769 1
2770 2
2771 1
2772 2
2773 1
2774 1
2775 13
2776 1
2777 6
2778 1
2779 2
2780 251
2781 1
2782 1
2783 1
2784 1
2785 1
2786 1
2787 1
2788 1
2789 1
2790 1
2791 1
2792 1
2793 1
2794 1
2795 2
2796 1
2797 1
2798 1
2799 5
2800 1
2801 1
2802 1
2803 1
2804 1
2805 1
2806 1
2807 1
2808 1
2809 1
2810 1
2811 1
2812 1
2813 1
2814 1
2815 2
2816 1
2817 1
2818 1
2819 1
2820 1
2821 1
2822 1
2823 1
2824 5
2825 1
2826 1
2827 6
2828 1
2829 1
2830 1
2831 1
2832 1
2833 2
2834 1
2835 1
2836 1
2837 2
2838 1
2839 1
2840 1
2841 1
2842 1
2843 1
2844 1
2845 3
2846 2
2847 1
2848 1
2849 1
2850 1
2851 5
2852 1
2853 1
2854 2
2855 1
2856 8
2857 2
2858 1
2859 24
2860 1
2861 7
2862 1
2863 1
2864 2
2865 1
2866 1
2867 2
2868 1
2869 1
2870 5
2871 1
2872 1
2873 1
2874 1
2875 1
2876 1
2877 4
2878 1
2879 1
2880 1
2881 1
2882 1
2883 2
2884 2
2885 1
2886 1
2887 1
2888 1
2889 1
2890 2
2891 1
2892 1
2893 2
2894 1
2895 1
2896 1
2897 1
2898 2
2899 1
2900 1
2901 1
2902 1
2903 2
2904 1
2905 9
2906 1
2907 1
2908 3
2909 1
2910 1
2911 1
2912 1
2913 2
2914 1
2915 5
2916 1
2917 1
2918 1
2919 3
2920 1
2921 3
2922 4
2923 2
2924 2
2925 1
2926 2
2927 3
2928 3
2929 1
2930 1
2931 1
2932 1
2933 12
2934 1
2935 2
2936 1
2937 1
2938 1
2939 3
2940 3
2941 1
2942 1
2943 1
2944 1
2945 1
2946 2
2947 1
2948 1
2949 1
2950 4
2951 1
2952 1
2953 1
2954 1
2955 2
2956 1
2957 1
2958 3
2959 1
2960 1
2961 1
2962 1
2963 1
2964 2
2965 1
2966 1
2967 1
2968 1
2969 1
2970 7
2971 4
2972 1
2973 1
2974 1
2975 1
2976 1
2977 10
2978 1
2979 2
2980 2
2981 1
2982 2
2983 1
2984 1
2985 5
2986 1
2987 1
2988 3
2989 4
2990 1
2991 2
2992 2
2993 1
2994 1
2995 1
2996 15
2997 1
2998 1
2999 1
3000 1
3001 16
3002 1
3003 1
3004 2
3005 1
3006 1
3007 1
3008 2
3009 2
3010 1
3011 2
3012 1
3013 1
3014 1
3015 19
3016 1
3017 1
3018 1
3019 1
3020 1
3021 1
3022 1
3023 1
3024 2
3025 5
3026 1
3027 2
3028 4
3029 1
3030 2
3031 26
3032 1
3033 1
3034 1
3035 3
3036 1
3037 1
3038 1
3039 3
3040 2
3041 1
3042 1
3043 1
3044 1
3045 1
3046 1
3047 1
3048 1
3049 1
3050 4
3051 1
3052 10
3053 1
3054 2
3055 2
3056 2
3057 1
3058 1
3059 1
3060 3
3061 1
3062 7
3063 1
3064 1
3065 2
3066 3
3067 1
3068 1
3069 1
3070 1
3071 3
3072 11
3073 1
3074 1
3075 1
3076 1
3077 3
3078 1
3079 1
3080 1
3081 1
3082 3
