0 1277
1 1
2 21
3 2
4 1
5 1
6 1
7 1
8 1
9 4
10 1
11 3
12 1
13 3
14 2
15 1
16 2
17 3
18 1
19 1
20 1
21 1
22 1
23 7
24 7
25 1
26 4
27 3
28 1
29 1
30 1
31 1
32 1
33 1
34 1
35 2
36 1
37 1
38 3
39 1
40 1
41 1
42 1
43 1
44 2
45 1
46 10
47 2
48 1
49 5
50 1
51 1
52 1
53 1
54 1
55 1
56 1
57 1
58 1
59 1
60 1
61 1
62 1
63 1
64 1
65 1
66 1
67 1
68 1
69 1
70 1
71 1
72 1
73 1
74 2
75 1
76 1
77 3
78 2
79 1
80 1
81 3
82 1
83 1
84 1
85 40
86 1
87 1
88 1
89 1
90 1
91 1
92 3
93 2
94 1
95 1
96 1
97 1
98 1
99 3
100 1
101 1
102 1
103 7
104 3
105 1
106 2
107 4
108 10
109 3
110 1
111 1
112 1
113 1
114 1
115 1
116 1
117 4
118 2
119 2
120 1
121 2
122 3
123 1
124 1
125 1
126 1
127 1
128 3
129 18
130 1
131 1
132 1
133 1
134 1
135 4
136 9
137 4
138 2
139 1
140 2
141 1
142 1
143 4
144 1
145 1
146 3
147 1
148 1
149 1
150 2
151 2
152 1
153 1
154 1
155 2
156 1
157 1
158 1
159 2
160 1
161 1
162 1
163 1
164 1
165 1
166 1
167 1
168 1
169 1
170 3
171 1
172 1
173 1
174 13
175 1
176 6
177 6
178 1
179 1
180 1
181 1
182 1
183 1
184 38
185 1
186 1
187 3
188 1
189 7
190 1
191 1
192 1
193 1
194 1
195 1
196 5
197 2
198 2
199 1
200 1
201 6
202 3
203 8
204 2
205 1
206 3
207 1
208 1
209 1
210 2
211 1
212 1
213 1
214 11
215 22
216 1
217 1
218 5
219 2
220 6
221 5
222 1
223 1
224 1
225 2
226 1
227 40
228 1
229 1
230 2
231 4
232 2
233 2
234 1
235 1
236 1
237 1
238 1
239 3
240 1
241 1
242 1
243 2
244 2
245 1
246 1
247 1
248 7
249 1
250 2
251 3
252 7
253 1
254 1
255 1
256 1
257 1
258 1
259 1
260 1
261 1
262 1
263 1
264 1
265 38
266 3
267 1
268 9
269 1
270 1
271 1
272 6
273 19
274 2
275 1
276 7
277 1
278 1
279 25
280 1
281 1
282 1
283 3
284 1
285 1
286 1
287 11
288 1
289 1
290 2
291 1
292 1
293 1
294 1
295 3
296 1
297 1
298 1
299 1
300 1
301 1
302 1
303 1
304 1
305 2
306 6
307 7
308 1
309 2
310 5
311 1
312 1
313 1
314 1
315 3
316 1
317 1
318 2
319 3
320 3
321 3
322 1
323 1
324 14
325 1
326 3
327 2
328 1
329 2
330 1
331 1
332 2
333 1
334 1
335 1
336 1
337 1
338 1
339 2
340 2
341 2
342 2
343 8
344 1
345 1
346 1
347 1
348 1
349 8
350 1
351 1
352 1
353 1
354 1
355 1
356 1
357 3
358 1
359 13
360 9
361 4
362 1
363 1
364 1
365 3
366 1
367 1
368 1
369 1
370 4
371 2
372 2
373 1
374 1
375 1
376 1
377 1
378 1
379 5
380 3
381 1
382 1
383 1
384 1
385 1
386 1
387 2
388 1
389 1
390 6
391 1
392 1
393 2
394 5
395 1
396 2
397 5
398 1
399 1
400 1
401 2
402 1
403 1
404 1
405 14
406 2
407 4
408 1
409 3
410 1
411 1
412 1
413 1
414 9
415 1
416 2
417 1
418 1
419 1
420 1
421 1
422 5
423 3
424 2
425 1
426 3
427 1
428 1
429 2
430 1
431 5
432 1
433 1
434 1
435 1
436 1
437 1
438 1
439 1
440 1
441 1
442 1
443 6
444 1
445 279
446 1
447 1
448 1
449 1
450 1
451 1
452 1
453 1
454 1
455 1
456 1
457 1
458 2
459 1
460 2
461 1
462 1
463 1
464 1
465 1
466 1
467 1
468 1
469 2
470 1
471 1
472 2
473 4
474 2
475 4
476 1
477 1
478 1
479 1
480 1
481 2
482 4
483 1
484 4
485 1
486 1
487 2
488 5
489 2
490 1
491 7
492 1
493 1
494 1
495 1
496 1
497 2
498 1
499 2
500 2
501 3
502 1
503 2
504 2
505 1
506 2
507 1
508 1
509 14
510 53
511 2
512 1
513 1
514 15
515 1
516 1
517 1
518 1
519 1
520 2
521 1
522 1
523 1
524 2
525 7
526 1
527 1
528 1
529 1
530 2
531 5
532 1
533 1
534 1
535 1
536 2
537 24
538 5
539 1
540 6
541 1
542 1
543 1
544 1
545 9
546 4
547 9
548 1
549 6
550 2
551 8
552 3
553 3
554 6
555 1
556 1
557 1
558 1
559 1
560 4
561 2
562 1
563 1
564 1
565 5
566 1
567 2
568 1
569 1
570 1
571 22
572 1
573 6
574 1
575 1
576 1
577 1
578 2
579 2
580 1
581 2
582 1
583 2
584 1
585 1
586 1
587 4
588 1
589 3
590 1
591 1
592 2
593 1
594 1
595 1
596 5
597 2
598 1
599 1
600 1
601 2
602 1
603 9
604 2
605 1
606 2
607 1
608 2
609 1
610 1
611 1
612 40
613 1
614 1
615 1
616 3
617 1
618 1
619 1
620 4
621 1
622 1
623 1
624 1
625 2
626 1
627 2
628 1
629 1
630 1
631 1
632 2
633 1
634 2
635 2
636 7
637 1
638 1
639 1
640 1
641 1
642 1
643 4
644 1
645 1
646 5
647 1
648 3
649 2
650 2
651 3
652 1
653 1
654 1
655 1
656 1
657 2
658 1
659 1
660 119
661 1
662 2
663 1
664 1
665 3
666 1
667 2
668 1
669 1
670 1
671 1
672 1
673 3
674 1
675 1
676 1
677 1
678 4
679 2
680 1
681 1
682 1
683 3
684 1
685 1
686 4
687 1
688 2
689 27
690 1
691 1
692 5
693 2
694 2
695 2
696 4
697 1
698 1
699 1
700 2
701 1
702 2
703 1
704 1
705 1
706 1
707 2
708 3
709 1
710 2
711 3
712 1
713 1
714 1
715 3
716 1
717 1
718 3
719 2
720 2
721 1
722 1
723 2
724 1
725 1
726 1
727 15
728 1
729 1
730 1
731 1
732 1
733 1
734 1
735 1
736 1
737 1
738 4
739 2
740 1
741 1
742 1
743 4
744 2
745 1
746 1
747 1
748 1
749 2
750 1
751 1
752 1
753 1
754 1
755 1
756 1
757 1
758 1
759 1
760 3
761 1
762 1
763 4
764 1
765 2
766 1
767 1
768 1
769 1
770 1
771 1
772 1
773 1
774 1
775 1
776 1
777 2
778 1
779 1
780 1
781 19
782 1
783 1
784 1
785 1
786 1
787 1
788 4
789 1
790 1
791 2
792 1
793 1
794 1
795 1
796 1
797 1
798 1
799 1
800 1
801 1
802 1
803 6
804 1
805 3
806 1
807 1
808 1
809 2
810 3
811 1
812 1
813 1
814 2
815 1
816 1
817 1
818 1
819 1
820 1
821 2
822 1
823 2
824 1
825 6
826 1
827 1
828 1
829 1
830 7
831 1
832 1
833 1
834 1
835 1
836 1
837 1
838 1
839 3
840 1
841 2
842 12
843 2
844 1
845 1
846 2
847 1
848 1
849 34
850 9
851 1
852 1
853 1
854 2
855 1
856 1
857 4
858 1
859 1
860 1
861 1
862 2
863 7
864 1
865 1
866 3
867 1
868 1
869 1
870 1
871 1
872 1
873 2
874 1
875 2
876 3
877 4
878 3
879 1
880 1
881 1
882 1
883 2
884 1
885 11
886 7
887 2
888 1
889 1
890 1
891 1
892 1
893 1
894 1
895 9
896 2
897 1
898 1
899 5
900 9
901 2
902 1
903 1
904 1
905 1
906 1
907 1
908 1
909 2
910 1
911 1
912 1
913 1
914 1
915 1
916 1
917 1
918 1
919 9
920 1
921 1
922 3
923 1
924 1
925 1
926 1
927 2
928 1
929 1
930 1
931 15
932 2
933 1
934 1
935 1
936 1
937 1
938 1
939 2
940 3
941 1
942 3
943 1
944 1
945 1
946 5
947 1
948 3
949 2
950 11
951 1
952 1
953 1
954 1
955 1
956 1
957 1
958 2
959 1
960 1
961 4
962 34
963 1
964 1
965 1
966 4
967 3
968 2
969 1
970 1
971 3
972 1
973 1
974 3
975 2
976 1
977 1
978 1
979 1
980 1
981 2
982 1
983 4
984 1
985 2
986 1
987 3
988 3
989 1
990 3
991 1
992 1
993 1
994 1
995 1
996 1
997 1
998 2
999 1
1000 1
1001 4
1002 1
1003 4
1004 6
1005 1
1006 1
1007 1
1008 1
1009 2
1010 1
1011 1
1012 9
1013 1
1014 4
1015 1
1016 1
1017 4
1018 7
1019 1
1020 1
1021 2
1022 1
1023 1
1024 1
1025 2
1026 4
1027 1
1028 17
1029 16
1030 2
1031 5
1032 1
1033 2
1034 1
1035 1
1036 1
1037 5
1038 5
1039 1
1040 1
1041 4
1042 1
1043 7
1044 1
1045 5
1046 1
1047 1
1048 4
1049 2
1050 1
1051 1
1052 1
1053 1
1054 1
1055 1
1056 1
1057 2
1058 1
1059 5
1060 5
1061 1
1062 1
1063 4
1064 3
1065 5
1066 1
1067 1
1068 3
1069 1
1070 2
1071 1
1072 4
1073 1
1074 1
1075 1
1076 1
1077 1
1078 1
1079 1
1080 1
1081 1
1082 2
1083 1
1084 1
1085 1
1086 1
1087 1
1088 1
1089 2
1090 1
1091 1
1092 1
1093 2
1094 2
1095 2
1096 6
1097 3
1098 1
1099 1
1100 1
1101 3
1102 1
1103 4
1104 2
1105 7
1106 1
1107 2
1108 1
1109 2
1110 4
1111 1
1112 1
1113 1
1114 1
1115 1
1116 1
1117 1
1118 1
1119 1
1120 1
1121 5
1122 1
1123 1
1124 2
1125 2
1126 1
1127 1
1128 1
1129 3
1130 8
1131 2
1132 1
1133 4
1134 1
1135 1
1136 1
1137 1
1138 53
1139 1
1140 2
1141 1
1142 3
1143 2
1144 1
1145 1
1146 1
1147 2
1148 3
1149 1
1150 1
1151 1
1152 1
1153 1
1154 2
1155 1
1156 1
1157 1
1158 2
1159 1
1160 4
1161 1
1162 4
1163 1
1164 3
1165 1
1166 2
1167 2
1168 2
1169 1
1170 1
1171 3
1172 2
1173 1
1174 1
1175 1
1176 1
1177 2
1178 4
1179 1
1180 1
1181 1
1182 1
1183 2
1184 1
1185 1
1186 2
1187 1
1188 1
1189 8
1190 1
1191 3
1192 2
1193 1
1194 1
1195 1
1196 5
1197 4
1198 1
1199 1
1200 1
1201 1
1202 1
1203 1
1204 1
1205 1
1206 9
1207 2
1208 1
1209 1
1210 1
1211 1
1212 1
1213 1
1214 1
1215 4
1216 2
1217 1
1218 1
1219 1
1220 1
1221 1
1222 1
1223 1
1224 1
1225 1
1226 2
1227 1
1228 2
1229 1
1230 1
1231 6
1232 1
1233 2
1234 1
1235 1
1236 1
1237 2
1238 1
1239 1
1240 1
1241 1
1242 1
1243 1
1244 2
1245 1
1246 1
1247 1
1248 1
1249 4
1250 1
1251 1
1252 1
1253 1
1254 1
1255 4
1256 1
1257 2
1258 4
1259 2
1260 1
1261 1
1262 1
1263 2
1264 1
1265 1
1266 38
1267 1
1268 1
1269 1
1270 1
1271 3
1272 2
1273 1
1274 1
1275 1
1276 1
1277 1
1278 1
1279 1
1280 2
1281 2
1282 1
1283 1
1284 4
1285 1
1286 1
1287 1
1288 2
1289 1
1290 3
1291 1
1292 1
1293 256
1294 1
1295 5
1296 1
1297 7
1298 1
1299 1
1300 2
1301 1
1302 2
1303 4
1304 3
1305 1
1306 1
1307 1
1308 2
1309 1
1310 3
1311 1
1312 1
1313 1
1314 1
1315 1
1316 1
1317 2
1318 5
1319 1
1320 1
1321 2
1322 2
1323 1
1324 1
1325 1
1326 1
1327 1
1328 1
1329 1
1330 1
1331 1
1332 1
1333 1
1334 1
1335 1
1336 1
1337 3
1338 31
1339 1
1340 1
1341 4
1342 3
1343 1
1344 2
1345 2
1346 1
1347 1
1348 3
1349 1
1350 1
1351 2
1352 2
1353 1
1354 1
1355 3
1356 1
1357 1
1358 1
1359 2
1360 1
1361 2
1362 1
1363 1
1364 1
1365 1
1366 3
1367 5
1368 1
1369 1
1370 1
1371 1
1372 1
1373 4
1374 1
1375 1
1376 2
1377 1
1378 1
1379 3
1380 2
1381 2
1382 4
1383 1
1384 1
1385 1
1386 12
1387 1
1388 1
1389 1
1390 1
1391 2
1392 1
1393 1
1394 34
1395 1
1396 1
1397 1
1398 1
1399 1
1400 2
1401 1
1402 1
1403 1
1404 1
1405 2
1406 2
1407 2
1408 2
1409 1
1410 1
1411 1
1412 1
1413 2
1414 3
1415 1
1416 1
1417 1
1418 2
1419 1
1420 1
1421 1
1422 1
1423 2
1424 6
1425 1
1426 1
1427 1
1428 1
1429 1
1430 4
1431 1
1432 2
1433 1
1434 1
1435 1
1436 1
1437 1
1438 1
1439 1
1440 5
1441 1
1442 1
1443 2
1444 1
1445 1
1446 2
1447 1
1448 1
1449 1
1450 1
1451 1
1452 1
1453 2
1454 1
1455 1
1456 7
1457 1
1458 1
1459 2
1460 1
1461 1
1462 2
1463 4
1464 1
1465 2
1466 1
1467 1
1468 1
1469 1
1470 1
1471 1
1472 1
1473 1
1474 1
1475 8
1476 4
1477 1
1478 2
1479 1
1480 1
1481 7
1482 1
1483 2
1484 6
1485 1
1486 1
1487 1
1488 3
1489 1
1490 4
1491 2
1492 1
1493 1
1494 1
1495 1
1496 1
1497 1
1498 1
1499 2
1500 3
1501 2
1502 1
1503 1
1504 1
1505 1
1506 1
1507 1
1508 1
1509 1
1510 1
1511 1
1512 1
1513 1
1514 1
1515 1
1516 2
1517 1
1518 3
1519 4
1520 1
1521 2
1522 2
1523 1
1524 1
1525 1
1526 1
1527 1
1528 1
1529 1
1530 1
1531 1
1532 1
1533 2
1534 4
1535 1
1536 13
1537 1
1538 1
1539 2
1540 1
1541 1
1542 1
1543 1
1544 1
1545 1
1546 1
1547 4
1548 1
1549 2
1550 1
1551 1
1552 3
1553 1
1554 1
1555 1
1556 1
1557 1
1558 1
1559 26
1560 1
1561 1
1562 1
1563 1
1564 1
1565 2
1566 1
1567 1
1568 1
1569 1
1570 1
1571 1
1572 1
1573 1
1574 1
1575 1
1576 1
1577 1
1578 1
1579 2
1580 6
1581 1
1582 2
1583 1
1584 1
1585 2
1586 1
1587 1
1588 1
1589 1
1590 2
1591 1
1592 1
1593 22
1594 2
1595 1
1596 1
1597 1
1598 2
1599 1
1600 1
1601 12
1602 6
1603 4
1604 1
1605 1
1606 6
1607 1
1608 1
1609 4
1610 2
1611 1
1612 1
1613 2
1614 4
1615 1
1616 1
1617 2
1618 1
1619 1
1620 4
1621 1
1622 1
1623 1
1624 3
1625 1
1626 2
1627 1
1628 1
1629 1
1630 3
1631 1
1632 1
1633 1
1634 5
1635 1
1636 1
1637 1
1638 1
1639 2
1640 6
1641 1
1642 2
1643 2
1644 2
1645 2
1646 1
1647 1
1648 2
1649 1
1650 1
1651 1
1652 1
1653 21
1654 4
1655 2
1656 24
1657 1
1658 5
1659 1
1660 2
1661 5
1662 1
1663 1
1664 1
1665 1
1666 7
1667 1
1668 1
1669 1
1670 1
1671 2
1672 1
1673 2
1674 2
1675 2
1676 1
1677 1
1678 1
1679 1
1680 1
1681 1
1682 1
1683 6
1684 1
1685 1
1686 4
1687 1
1688 1
1689 1
1690 1
1691 3
1692 1
1693 1
1694 1
1695 1
1696 10
1697 6
1698 1
1699 1
1700 3
1701 1
1702 1
1703 1
1704 4
1705 2
1706 1
1707 1
1708 1
1709 1
1710 2
1711 1
1712 2
1713 1
1714 3
1715 1
1716 3
1717 2
1718 8
1719 1
1720 1
1721 1
1722 1
1723 2
1724 1
1725 1
1726 9
1727 1
1728 1
1729 1
1730 1
1731 1
1732 2
1733 1
1734 2
1735 1
1736 2
1737 1
1738 3
1739 1
1740 1
1741 3
1742 2
1743 3
1744 1
1745 1
1746 1
1747 1
1748 1
1749 1
1750 1
1751 5
1752 1
1753 2
1754 1
1755 1
1756 5
1757 1
1758 4
1759 2
1760 1
1761 4
1762 11
1763 1
1764 1
1765 1
1766 3
1767 1
1768 1
1769 1
1770 28
1771 1
1772 2
1773 1
1774 1
1775 1
1776 1
1777 1
1778 4
1779 1
1780 1
1781 1
1782 1
1783 1
1784 2
1785 1
1786 1
1787 1
1788 1
1789 1
1790 1
1791 1
1792 1
1793 2
1794 9
1795 1
1796 2
1797 1
1798 1
1799 7
1800 1
1801 3
1802 1
1803 1
1804 1
1805 1
1806 7
1807 2
1808 1
1809 3
1810 1
1811 1
1812 1
1813 8
1814 1
1815 2
1816 2
1817 1
1818 1
1819 1
1820 2
1821 5
1822 4
1823 1
1824 1
1825 2
1826 1
1827 1
1828 1
1829 1
1830 2
1831 1
1832 1
1833 1
1834 1
1835 1
1836 1
1837 2
1838 1
1839 1
1840 1
1841 1
1842 1
1843 2
1844 2
1845 2
1846 1
1847 1
1848 1
1849 3
1850 1
1851 1
1852 1
1853 1
1854 1
1855 1
1856 1
1857 1
1858 3
1859 1
1860 1
1861 20
1862 1
1863 8
1864 1
1865 1
1866 2
1867 1
1868 1
1869 1
1870 10
1871 1
1872 2
1873 1
1874 4
1875 2
1876 1
1877 1
1878 1
1879 1
1880 1
1881 1
1882 4
1883 1
1884 1
1885 1
1886 1
1887 1
1888 1
1889 2
1890 1
1891 1
1892 1
1893 1
1894 1
1895 2
1896 1
1897 3
1898 1
1899 1
1900 1
1901 1
1902 1
1903 1
1904 1
1905 1
1906 4
1907 21
1908 1
1909 1
1910 5
1911 1
1912 4
1913 1
1914 1
1915 1
1916 1
1917 1
1918 1
1919 4
1920 1
1921 1
1922 1
1923 2
1924 1
1925 40
1926 1
1927 1
1928 1
1929 5
1930 1
1931 1
1932 1
1933 1
1934 2
1935 1
1936 3
1937 5
1938 1
1939 1
1940 1
1941 1
1942 1
1943 1
1944 3
1945 1
1946 1
1947 2
1948 9
1949 1
1950 3
1951 6
1952 1
1953 1
1954 4
1955 1
1956 6
1957 1
1958 2
1959 1
1960 1
1961 1
1962 1
1963 1
1964 1
1965 3
1966 1
1967 1
1968 2
1969 1
1970 1
1971 3
1972 1
1973 2
1974 1
1975 1
1976 1
1977 2
1978 13
1979 1
1980 1
1981 1
1982 1
1983 1
1984 2
1985 1
1986 1
1987 1
1988 1
1989 1
1990 1
1991 4
1992 4
1993 1
1994 1
1995 2
1996 1
1997 2
1998 3
1999 20
2000 5
2001 1
2002 1
2003 2
2004 2
2005 9
2006 1
2007 2
2008 1
2009 1
2010 1
2011 3
2012 2
2013 11
2014 4
2015 10
2016 1
2017 2
2018 3
2019 20
2020 1
2021 2
2022 1
2023 2
2024 1
2025 3
2026 1
2027 2
2028 1
2029 1
2030 1
2031 1
2032 34
2033 1
2034 1
2035 1
2036 1
2037 1
2038 1
2039 1
2040 1
2041 3
2042 1
2043 1
2044 1
2045 1
2046 1
2047 2
2048 1
2049 1
2050 1
2051 1
2052 1
2053 1
2054 1
2055 1
2056 1
2057 2
2058 1
2059 1
2060 1
2061 1
2062 1
2063 1
2064 1
2065 3
2066 1
2067 3
2068 1
2069 436
2070 1
2071 1
2072 1
2073 2
2074 14
2075 3
2076 1
2077 1
2078 1
2079 2
2080 1
2081 2
2082 1
2083 1
2084 1
2085 1
2086 2
2087 1
2088 1
2089 1
2090 4
2091 10
2092 1
2093 1
2094 1
2095 1
2096 1
2097 1
2098 14
2099 1
2100 1
2101 1
2102 3
2103 1
2104 2
2105 1
2106 1
2107 1
2108 1
2109 2
2110 1
2111 1
2112 1
2113 3
2114 1
2115 2
2116 1
2117 1
2118 1
2119 1
2120 1
2121 1
2122 1
2123 1
2124 3
2125 1
2126 8
2127 2
2128 1
2129 1
2130 1
2131 14
2132 1
2133 6
2134 1
2135 4
2136 1
2137 1
2138 15
2139 1
2140 1
2141 2
2142 1
2143 1
2144 1
2145 2
2146 2
2147 1
2148 1
2149 1
2150 1
2151 3
2152 1
2153 1
2154 1
2155 1
2156 1
2157 1
2158 1
2159 1
2160 1
2161 1
2162 1
2163 1
2164 5
2165 1
2166 1
2167 2
2168 4
2169 10
2170 1
2171 1
2172 3
2173 1
2174 1
2175 17
2176 1
2177 1
2178 2
2179 2
2180 1
2181 2
2182 1
2183 1
2184 1
2185 1
2186 1
2187 1
2188 1
2189 1
2190 1
2191 1
2192 1
2193 1
2194 1
2195 8
2196 3
2197 1
2198 1
2199 1
2200 1
2201 1
2202 1
2203 1
2204 1
2205 1
2206 1
2207 1
2208 2
2209 2
2210 1
2211 1
2212 4
2213 1
2214 4
2215 2
2216 1
2217 1
2218 1
2219 1
2220 2
2221 2
2222 1
2223 2
2224 1
2225 1
2226 1
2227 2
2228 1
2229 1
2230 3
2231 5
2232 2
2233 1
2234 1
2235 1
2236 8
2237 14
2238 1
2239 1
2240 1
2241 2
2242 1
2243 1
2244 1
2245 1
2246 1
2247 3
2248 1
2249 2
2250 1
2251 9
2252 1
2253 1
2254 1
2255 2
2256 1
2257 1
2258 5
2259 1
2260 2
2261 2
2262 1
2263 1
2264 1
2265 1
2266 1
2267 1
2268 2
2269 1
2270 1
2271 1
2272 1
2273 14
2274 3
2275 1
2276 1
2277 1
2278 1
2279 1
2280 1
2281 1
2282 1
2283 10
2284 1
2285 1
2286 1
2287 1
2288 1
2289 3
2290 5
2291 1
2292 1
2293 3
2294 3
2295 1
2296 2
2297 4
2298 1
2299 1
2300 1
2301 1
2302 1
2303 1
2304 1
2305 1
2306 2
2307 1
2308 1
2309 6
2310 1
2311 1
2312 1
2313 1
2314 1
2315 7
2316 1
2317 2
2318 1
2319 1
2320 1
2321 3
2322 1
2323 1
2324 1
2325 22
2326 1
2327 5
2328 1
2329 1
2330 1
2331 1
2332 1
2333 1
2334 1
2335 3
2336 13
2337 2
2338 4
2339 3
2340 1
2341 1
2342 1
2343 11
2344 1
2345 1
2346 4
2347 1
2348 1
2349 1
2350 2
2351 1
2352 1
2353 1
2354 3
2355 195
2356 2
2357 1
2358 8
2359 1
2360 1
2361 1
2362 1
2363 1
2364 27
2365 1
2366 4
2367 1
2368 1
2369 1
2370 5
2371 4
2372 3
2373 1
2374 1
2375 1
2376 7
2377 3
2378 1
2379 1
2380 2
2381 1
2382 2
2383 1
2384 2
2385 1
2386 1
2387 3
2388 1
2389 5
2390 1
2391 1
2392 1
2393 75
2394 4
2395 1
2396 7
2397 1
2398 5
2399 2
2400 2
2401 1
2402 2
2403 4
2404 1
2405 2
2406 1
2407 1
2408 1
2409 1
2410 1
2411 1
2412 1
2413 1
2414 23
2415 1
2416 1
2417 5
2418 1
2419 1
2420 1
2421 1
2422 7
2423 1
2424 1
2425 2
2426 1
2427 3
2428 2
2429 1
2430 1
2431 1
2432 1
2433 11
2434 1
2435 4
2436 1
2437 17
2438 1
2439 1
2440 2
2441 2
2442 3
2443 5
2444 1
2445 1
2446 1
2447 1
2448 1
2449 1
2450 3
2451 2
2452 13
2453 2
2454 4
2455 1
2456 2
2457 1
2458 1
2459 1
2460 6
2461 1
2462 2
2463 1
2464 1
2465 1
2466 1
2467 1
2468 1
2469 4
2470 1
2471 1
2472 1
2473 1
2474 1
2475 2
2476 1
2477 1
2478 1
2479 1
2480 2
2481 2
2482 1
2483 1
2484 2
2485 1
2486 1
2487 1
2488 1
2489 1
2490 2
2491 1
2492 2
2493 1
2494 1
2495 1
2496 1
2497 1
2498 6
2499 1
2500 1
2501 1
2502 1
2503 1
2504 8
2505 1
2506 12
2507 2
2508 19
2509 2
2510 1
2511 2
2512 2
2513 1
2514 1
2515 1
2516 1
2517 1
2518 7
2519 2
2520 1
2521 45
2522 1
2523 1
2524 1
2525 1
2526 1
2527 1
2528 1
2529 4
2530 1
2531 1
2532 2
2533 1
2534 1
2535 1
2536 1
2537 1
2538 1
2539 1
2540 1
2541 1
2542 3
2543 1
2544 12
2545 1
2546 1
2547 2
2548 1
2549 2
2550 1
2551 1
2552 1
2553 1
2554 1
2555 2
2556 1
2557 2
2558 2
2559 1
2560 1
2561 1
2562 1
2563 2
2564 1
2565 4
2566 1
2567 1
2568 1
2569 1
2570 2
2571 1
2572 1
2573 1
2574 2
2575 1
2576 1
2577 1
2578 1
2579 1
2580 2
2581 1
2582 1
2583 1
2584 2
2585 3
2586 1
2587 1
2588 20
2589 1
2590 1
2591 3
2592 3
2593 1
2594 1
2595 3
2596 2
2597 1
2598 1
2599 1
2600 1
2601 1
2602 1
2603 1
2604 1
2605 3
2606 1
2607 1
2608 2
2609 2
2610 5
2611 1
2612 1
2613 1
2614 5
2615 2
2616 1
2617 1
2618 1
2619 5
2620 2
2621 1
2622 1
2623 5
2624 2
2625 1
2626 1
2627 1
2628 1
2629 1
2630 1
2631 1
2632 1
2633 1
2634 1
2635 2
2636 1
2637 1
2638 1
2639 1
2640 1
2641 1
2642 10
2643 17
2644 2
2645 2
2646 1
2647 1
2648 1
2649 1
2650 1
2651 1
2652 1
2653 1
2654 1
2655 1
2656 1
2657 5
2658 1
2659 1
2660 1
2661 1
2662 1
2663 1
2664 1
2665 1
2666 8
2667 1
2668 5
2669 6
2670 1
2671 1
2672 1
2673 4
2674 4
2675 1
2676 1
2677 1
2678 3
2679 1
2680 2
2681 8
2682 1
2683 1
2684 1
2685 3
2686 1
2687 2
2688 3
2689 1
2690 1
2691 2
2692 44
2693 1
2694 2
2695 1
2696 2
2697 2
2698 2
2699 1
2700 1
2701 1
2702 1
2703 1
2704 1
2705 1
2706 1
2707 1
2708 1
2709 1
2710 2
2711 1
2712 1
2713 1
2714 1
2715 1
2716 1
2717 1
2718 2
2719 6
2720 1
2721 1
2722 1
2723 6
2724 8
2725 2
2726 1
2727 2
2728 1
2729 1
2730 1
2731 1
2732 1
2733 1
2734 1
2735 1
2736 1
2737 1
2738 1
2739 3
2740 1
2741 1
2742 1
2743 1
2744 1
2745 4
2746 2
2747 1
2748 1
2749 1
2750 1
2751 3
2752 14
2753 2
2754 1
2755 1
2756 1
2757 1
2758 2
2759 1
2760 44
2761 5
2762 1
2763 1
2764 1
2765 2
2766 1
2767 1
2768 1
2769 1
2770 1
2771 1
2772 41
2773 34
2774 7
2775 1
2776 3
2777 1
2778 1
2779 1
2780 9
2781 1
2782 4
2783 2
2784 2
2785 1
2786 1
2787 1
2788 1
2789 1
2790 1
2791 1
2792 13
2793 1
2794 2
2795 2
2796 1
2797 1
2798 1
2799 1
2800 1
2801 1
2802 1
2803 1
2804 1
2805 1
2806 1
2807 2
2808 3
2809 1
2810 1
2811 1
2812 1
2813 2
2814 1
2815 1
2816 1
2817 1
2818 2
2819 3
2820 6
2821 1
2822 13
2823 1
2824 2
2825 2
2826 1
2827 1
2828 1
2829 1
2830 7
2831 3
2832 5
2833 2
2834 1
2835 1
2836 1
2837 1
2838 17
2839 1
2840 8
2841 1
2842 289
2843 1
2844 1
2845 1
2846 1
2847 2
2848 1
2849 1
2850 1
2851 1
2852 1
2853 1
2854 1
2855 1
2856 1
2857 1
2858 1
2859 1
2860 1
2861 1
2862 1
2863 2
2864 1
2865 1
2866 1
2867 1
2868 1
2869 2
2870 2
2871 3
2872 1
2873 1
2874 1
2875 1
2876 4
2877 1
2878 1
2879 2
2880 2
2881 1
2882 1
2883 1
2884 1
2885 1
2886 1
2887 1
2888 3
2889 1
2890 1
2891 1
2892 1
2893 2
2894 2
2895 1
2896 6
2897 1
2898 1
2899 5
2900 2
2901 3
2902 1
2903 1
2904 1
2905 2
2906 1
2907 1
2908 1
2909 1
2910 1
2911 3
2912 1
2913 1
2914 1
2915 1
2916 1
2917 2
2918 8
2919 1
2920 1
2921 1
2922 1
2923 5
2924 1
2925 1
2926 1
2927 6
2928 2
2929 1
2930 1
2931 2
2932 3
2933 5
2934 2
2935 6
2936 1
2937 1
2938 1
2939 1
2940 1
2941 1
2942 1
2943 1
2944 1
2945 1
2946 2
2947 4
2948 5
2949 1
2950 1
2951 2
2952 1
2953 1
2954 1
2955 3
2956 9
2957 1
2958 1
2959 1
2960 1
2961 1
2962 2
2963 1
2964 1
2965 2
2966 5
2967 3
2968 7
2969 1
2970 1
2971 1
2972 1
2973 2
2974 11
2975 1
2976 1
2977 1
2978 1
2979 1
2980 2
2981 2
2982 1
2983 1
2984 1
2985 1
2986 1
2987 1
2988 4
2989 12
2990 2
2991 5
2992 1
2993 1
2994 5
2995 1
2996 4
2997 1
2998 1
2999 4
3000 3
3001 1
3002 1
3003 1
3004 1
3005 1
3006 18
3007 1
3008 1
3009 4
3010 1
3011 1
3012 1
3013 1
3014 1
3015 1
3016 1
3017 1
3018 1
3019 4
3020 1
3021 2
3022 2
3023 1
3024 1
3025 1
3026 2
3027 6
3028 2
3029 1
3030 1
3031 1
3032 2
3033 1
3034 10
3035 1
3036 3
3037 4
3038 1
3039 1
3040 1
3041 1
3042 3
3043 1
3044 1
3045 1
3046 7
3047 1
3048 1
3049 4
3050 1
3051 2
3052 3
3053 1
3054 6
3055 1
3056 1
3057 18
3058 1
3059 13
3060 1
3061 1
3062 1
3063 2
3064 1
3065 1
3066 1
3067 1
3068 2
3069 1
3070 1
3071 1
3072 6
3073 1
3074 1
3075 9
3076 1
3077 1
3078 3
3079 4
3080 1
3081 2
3082 5
3083 1
3084 1
3085 1
3086 10
3087 1
3088 2
3089 2
3090 2
3091 1
3092 3
3093 1
3094 1
3095 1
3096 1
3097 35
3098 1
3099 1
3100 1
3101 3
3102 1
3103 1
3104 3
3105 1
3106 1
3107 1
3108 1
3109 1
3110 1
3111 1
3112 1
3113 1
3114 1
3115 1
3116 1
3117 1
3118 1
3119 2
3120 2
3121 1
3122 1
3123 1
3124 1
3125 2
3126 1
3127 1
3128 1
3129 1
3130 1
3131 8
3132 3
3133 1
3134 1
3135 1
3136 1
3137 2
3138 1
3139 1
3140 2
3141 6
3142 1
3143 1
3144 1
3145 1
3146 2
3147 1
3148 1
3149 2
3150 1
3151 1
3152 3
3153 1
3154 2
