0 1240
1 1
2 21
3 1
4 1
5 1
6 2
7 1
8 1
9 1
10 1
11 1
12 1
13 2
14 2
15 1
16 1
17 2
18 1
19 1
20 1
21 1
22 1
23 1
24 3
25 10
26 1
27 1
28 1
29 1
30 1
31 3
32 2
33 1
34 1
35 1
36 1
37 1
38 1
39 1
40 1
41 1
42 2
43 1
44 1
45 2
46 2
47 1
48 1
49 1
50 1
51 2
52 1
53 13
54 2
55 1
56 1
57 9
58 1
59 1
60 1
61 1
62 1
63 1
64 1
65 1
66 1
67 1
68 1
69 1
70 1
71 1
72 4
73 2
74 2
75 1
76 1
77 1
78 2
79 1
80 1
81 1
82 1
83 4
84 1
85 1
86 1
87 3
88 2
89 1
90 1
91 2
92 36
93 1
94 1
95 1
96 1
97 1
98 1
99 1
100 2
101 1
102 2
103 5
104 1
105 1
106 1
107 1
108 1
109 1
110 12
111 1
112 1
113 2
114 1
115 9
116 1
117 2
118 2
119 7
120 1
121 1
122 10
123 1
124 3
125 1
126 2
127 1
128 1
129 1
130 1
131 3
132 2
133 3
134 1
135 1
136 1
137 1
138 1
139 1
140 1
141 1
142 4
143 2
144 1
145 1
146 1
147 1
148 1
149 1
150 1
151 3
152 3
153 1
154 1
155 5
156 1
157 1
158 1
159 4
160 1
161 1
162 1
163 1
164 1
165 5
166 1
167 1
168 1
169 1
170 1
171 2
172 1
173 2
174 1
175 1
176 10
177 7
178 3
179 1
180 1
181 1
182 2
183 1
184 1
185 1
186 1
187 1
188 4
189 1
190 1
191 3
192 1
193 1
194 1
195 1
196 2
197 1
198 1
199 9
200 4
201 5
202 4
203 1
204 1
205 1
206 1
207 1
208 1
209 1
210 1
211 1
212 10
213 1
214 1
215 3
216 4
217 2
218 11
219 1
220 1
221 32
222 1
223 1
224 1
225 44
226 1
227 2
228 1
229 4
230 1
231 4
232 2
233 3
234 1
235 2
236 1
237 1
238 1
239 1
240 1
241 3
242 1
243 1
244 1
245 1
246 3
247 1
248 1
249 2
250 1
251 1
252 1
253 1
254 6
255 4
256 1
257 1
258 2
259 1
260 1
261 1
262 1
263 1
264 1
265 1
266 1
267 47
268 3
269 1
270 5
271 1
272 1
273 1
274 1
275 8
276 1
277 1
278 1
279 3
280 1
281 22
282 1
283 1
284 1
285 4
286 1
287 1
288 1
289 1
290 3
291 1
292 1
293 14
294 1
295 1
296 6
297 1
298 2
299 5
300 1
301 1
302 1
303 1
304 1
305 1
306 2
307 1
308 2
309 2
310 9
311 1
312 2
313 1
314 5
315 1
316 1
317 1
318 1
319 1
320 1
321 5
322 1
323 1
324 1
325 14
326 11
327 1
328 1
329 1
330 1
331 1
332 1
333 1
334 1
335 1
336 2
337 1
338 1
339 1
340 1
341 1
342 1
343 2
344 1
345 2
346 2
347 1
348 6
349 1
350 1
351 1
352 2
353 2
354 3
355 1
356 1
357 2
358 1
359 1
360 1
361 1
362 1
363 1
364 2
365 6
366 1
367 2
368 1
369 2
370 1
371 1
372 1
373 1
374 2
375 2
376 1
377 3
378 1
379 1
380 1
381 1
382 1
383 1
384 1
385 1
386 1
387 1
388 1
389 1
390 1
391 1
392 1
393 1
394 1
395 1
396 1
397 4
398 1
399 1
400 1
401 2
402 4
403 2
404 1
405 1
406 3
407 1
408 1
409 1
410 1
411 1
412 1
413 1
414 1
415 1
416 3
417 1
418 2
419 26
420 1
421 2
422 2
423 1
424 1
425 1
426 1
427 2
428 1
429 1
430 16
431 1
432 1
433 1
434 1
435 1
436 1
437 1
438 1
439 2
440 1
441 1
442 1
443 1
444 1
445 1
446 1
447 1
448 3
449 1
450 1
451 1
452 1
453 1
454 1
455 1
456 6
457 16
458 2
459 1
460 1
461 1
462 1
463 1
464 1
465 2
466 2
467 1
468 1
469 1
470 2
471 1
472 1
473 2
474 2
475 1
476 2
477 1
478 1
479 1
480 3
481 1
482 1
483 1
484 1
485 1
486 1
487 1
488 1
489 1
490 1
491 1
492 1
493 1
494 2
495 1
496 1
497 1
498 1
499 1
500 1
501 1
502 1
503 3
504 1
505 1
506 3
507 1
508 4
509 11
510 1
511 5
512 6
513 1
514 1
515 1
516 1
517 2
518 1
519 1
520 28
521 1
522 1
523 50
524 1
525 1
526 1
527 1
528 1
529 1
530 22
531 56
532 1
533 1
534 3
535 1
536 1
537 1
538 1
539 2
540 1
541 5
542 1
543 2
544 1
545 1
546 1
547 5
548 1
549 1
550 1
551 1
552 1
553 2
554 1
555 1
556 10
557 1
558 1
559 2
560 3
561 1
562 1
563 5
564 6
565 9
566 1
567 6
568 1
569 2
570 3
571 1
572 1
573 1
574 3
575 2
576 1
577 6
578 2
579 1
580 1
581 1
582 1
583 1
584 1
585 1
586 1
587 4
588 1
589 1
590 1
591 1
592 1
593 1
594 2
595 7
596 1
597 1
598 1
599 1
600 1
601 3
602 1
603 1
604 1
605 1
606 1
607 3
608 1
609 1
610 1
611 1
612 1
613 1
614 1
615 1
616 1
617 1
618 1
619 293
620 1
621 1
622 1
623 7
624 1
625 1
626 1
627 2
628 1
629 1
630 1
631 4
632 1
633 12
634 2
635 1
636 1
637 1
638 1
639 2
640 1
641 1
642 1
643 2
644 2
645 2
646 1
647 1
648 1
649 1
650 1
651 1
652 1
653 1
654 2
655 1
656 1
657 2
658 1
659 6
660 1
661 1
662 1
663 1
664 1
665 1
666 1
667 1
668 2
669 1
670 1
671 110
672 1
673 1
674 1
675 1
676 1
677 1
678 1
679 1
680 1
681 1
682 1
683 1
684 4
685 1
686 1
687 1
688 2
689 1
690 1
691 5
692 2
693 1
694 2
695 2
696 2
697 24
698 7
699 6
700 3
701 1
702 5
703 11
704 1
705 1
706 1
707 2
708 1
709 1
710 1
711 1
712 1
713 2
714 1
715 1
716 3
717 2
718 1
719 1
720 1
721 1
722 2
723 4
724 3
725 1
726 1
727 1
728 2
729 1
730 2
731 1
732 2
733 3
734 1
735 11
736 1
737 1
738 1
739 1
740 1
741 1
742 1
743 1
744 1
745 1
746 1
747 6
748 2
749 1
750 2
751 1
752 1
753 1
754 1
755 1
756 1
757 1
758 1
759 1
760 1
761 1
762 1
763 1
764 1
765 1
766 1
767 1
768 3
769 2
770 5
771 2
772 1
773 1
774 1
775 1
776 1
777 1
778 1
779 1
780 1
781 1
782 1
783 1
784 2
785 1
786 1
787 1
788 1
789 1
790 1
791 1
792 1
793 2
794 3
795 1
796 1
797 1
798 1
799 2
800 1
801 1
802 6
803 2
804 15
805 1
806 1
807 1
808 2
809 1
810 4
811 1
812 2
813 1
814 1
815 1
816 1
817 1
818 1
819 1
820 1
821 1
822 7
823 1
824 1
825 1
826 8
827 1
828 1
829 1
830 1
831 4
832 1
833 1
834 1
835 9
836 2
837 1
838 1
839 1
840 1
841 25
842 2
843 1
844 7
845 1
846 1
847 2
848 1
849 1
850 2
851 1
852 2
853 2
854 1
855 1
856 1
857 1
858 1
859 1
860 1
861 4
862 1
863 1
864 1
865 1
866 1
867 1
868 1
869 3
870 2
871 1
872 1
873 1
874 1
875 1
876 1
877 13
878 11
879 1
880 1
881 1
882 3
883 4
884 1
885 1
886 1
887 1
888 1
889 1
890 1
891 1
892 1
893 1
894 1
895 1
896 1
897 1
898 2
899 1
900 1
901 1
902 1
903 2
904 3
905 1
906 1
907 2
908 1
909 4
910 1
911 1
912 1
913 3
914 1
915 1
916 1
917 1
918 24
919 3
920 1
921 1
922 2
923 3
924 1
925 1
926 1
927 1
928 3
929 1
930 1
931 2
932 1
933 1
934 11
935 1
936 1
937 1
938 1
939 2
940 4
941 3
942 1
943 1
944 1
945 14
946 1
947 1
948 1
949 1
950 2
951 1
952 1
953 1
954 1
955 1
956 5
957 1
958 3
959 1
960 1
961 1
962 1
963 1
964 1
965 2
966 2
967 1
968 1
969 1
970 1
971 1
972 1
973 2
974 1
975 1
976 3
977 1
978 1
979 1
980 1
981 22
982 5
983 1
984 1
985 7
986 2
987 2
988 1
989 1
990 1
991 1
992 2
993 1
994 3
995 1
996 4
997 1
998 1
999 1
1000 1
1001 4
1002 2
1003 1
1004 1
1005 1
1006 1
1007 1
1008 1
1009 1
1010 2
1011 1
1012 1
1013 1
1014 1
1015 2
1016 1
1017 23
1018 22
1019 1
1020 1
1021 1
1022 3
1023 1
1024 1
1025 5
1026 1
1027 6
1028 1
1029 8
1030 1
1031 1
1032 2
1033 1
1034 1
1035 1
1036 1
1037 2
1038 1
1039 1
1040 1
1041 1
1042 1
1043 2
1044 1
1045 1
1046 1
1047 1
1048 1
1049 1
1050 1
1051 10
1052 1
1053 3
1054 1
1055 1
1056 6
1057 2
1058 8
1059 1
1060 1
1061 2
1062 1
1063 1
1064 1
1065 1
1066 1
1067 1
1068 1
1069 2
1070 1
1071 1
1072 1
1073 1
1074 1
1075 2
1076 1
1077 1
1078 1
1079 2
1080 4
1081 1
1082 1
1083 17
1084 1
1085 1
1086 3
1087 1
1088 2
1089 2
1090 1
1091 2
1092 6
1093 3
1094 1
1095 1
1096 1
1097 1
1098 1
1099 1
1100 3
1101 3
1102 2
1103 1
1104 5
1105 1
1106 1
1107 1
1108 1
1109 1
1110 1
1111 1
1112 1
1113 2
1114 2
1115 1
1116 1
1117 4
1118 1
1119 1
1120 1
1121 1
1122 4
1123 2
1124 1
1125 1
1126 4
1127 6
1128 2
1129 2
1130 1
1131 1
1132 1
1133 1
1134 46
1135 1
1136 1
1137 1
1138 4
1139 1
1140 2
1141 2
1142 1
1143 1
1144 2
1145 5
1146 1
1147 1
1148 1
1149 1
1150 2
1151 1
1152 1
1153 7
1154 1
1155 1
1156 1
1157 3
1158 1
1159 1
1160 2
1161 1
1162 4
1163 2
1164 1
1165 3
1166 9
1167 1
1168 1
1169 1
1170 1
1171 1
1172 1
1173 1
1174 2
1175 1
1176 2
1177 1
1178 1
1179 1
1180 1
1181 2
1182 1
1183 3
1184 5
1185 3
1186 1
1187 1
1188 3
1189 1
1190 1
1191 2
1192 1
1193 1
1194 2
1195 17
1196 1
1197 1
1198 2
1199 1
1200 1
1201 1
1202 1
1203 2
1204 1
1205 1
1206 1
1207 2
1208 2
1209 1
1210 1
1211 1
1212 1
1213 1
1214 1
1215 1
1216 1
1217 1
1218 1
1219 1
1220 1
1221 2
1222 1
1223 1
1224 1
1225 2
1226 3
1227 1
1228 2
1229 1
1230 2
1231 1
1232 1
1233 1
1234 1
1235 1
1236 4
1237 1
1238 1
1239 1
1240 1
1241 1
1242 1
1243 1
1244 5
1245 1
1246 1
1247 1
1248 1
1249 1
1250 3
1251 2
1252 1
1253 1
1254 1
1255 4
1256 1
1257 3
1258 1
1259 1
1260 1
1261 2
1262 1
1263 1
1264 1
1265 1
1266 38
1267 1
1268 1
1269 1
1270 2
1271 1
1272 1
1273 1
1274 1
1275 1
1276 1
1277 1
1278 1
1279 1
1280 2
1281 2
1282 1
1283 2
1284 7
1285 1
1286 1
1287 259
1288 2
1289 5
1290 2
1291 1
1292 1
1293 1
1294 1
1295 3
1296 1
1297 1
1298 1
1299 1
1300 7
1301 1
1302 1
1303 2
1304 1
1305 1
1306 4
1307 1
1308 4
1309 2
1310 1
1311 1
1312 1
1313 2
1314 1
1315 1
1316 3
1317 1
1318 1
1319 1
1320 2
1321 1
1322 1
1323 1
1324 2
1325 1
1326 1
1327 1
1328 1
1329 1
1330 1
1331 1
1332 2
1333 1
1334 32
1335 1
1336 1
1337 1
1338 1
1339 1
1340 1
1341 3
1342 5
1343 1
1344 2
1345 2
1346 1
1347 1
1348 1
1349 1
1350 1
1351 1
1352 2
1353 1
1354 1
1355 1
1356 1
1357 2
1358 1
1359 1
1360 1
1361 1
1362 1
1363 2
1364 1
1365 1
1366 1
1367 10
1368 1
1369 1
1370 1
1371 1
1372 4
1373 1
1374 1
1375 1
1376 1
1377 1
1378 2
1379 2
1380 1
1381 3
1382 7
1383 1
1384 1
1385 19
1386 4
1387 1
1388 2
1389 1
1390 1
1391 1
1392 4
1393 3
1394 1
1395 27
1396 2
1397 1
1398 1
1399 1
1400 1
1401 1
1402 2
1403 3
1404 1
1405 1
1406 1
1407 1
1408 2
1409 2
1410 1
1411 1
1412 1
1413 1
1414 6
1415 4
1416 1
1417 1
1418 1
1419 1
1420 1
1421 1
1422 1
1423 3
1424 1
1425 14
1426 2
1427 1
1428 1
1429 4
1430 1
1431 2
1432 1
1433 1
1434 1
1435 1
1436 1
1437 1
1438 1
1439 1
1440 1
1441 1
1442 1
1443 1
1444 1
1445 1
1446 1
1447 1
1448 2
1449 3
1450 1
1451 1
1452 1
1453 1
1454 1
1455 7
1456 4
1457 1
1458 6
1459 1
1460 1
1461 8
1462 1
1463 1
1464 1
1465 1
1466 5
1467 2
1468 1
1469 9
1470 2
1471 4
1472 1
1473 1
1474 2
1475 1
1476 1
1477 1
1478 1
1479 1
1480 1
1481 1
1482 213
1483 3
1484 1
1485 1
1486 1
1487 1
1488 3
1489 1
1490 1
1491 1
1492 1
1493 1
1494 2
1495 1
1496 2
1497 2
1498 2
1499 1
1500 2
1501 1
1502 1
1503 8
1504 3
1505 1
1506 6
1507 1
1508 3
1509 1
1510 1
1511 1
1512 1
1513 1
1514 1
1515 2
1516 1
1517 1
1518 1
1519 2
1520 2
1521 5
1522 3
1523 3
1524 1
1525 7
1526 2
1527 1
1528 1
1529 2
1530 1
1531 1
1532 1
1533 1
1534 1
1535 1
1536 2
1537 1
1538 1
1539 1
1540 1
1541 1
1542 2
1543 1
1544 1
1545 2
1546 1
1547 1
1548 1
1549 1
1550 2
1551 1
1552 1
1553 1
1554 1
1555 1
1556 1
1557 1
1558 2
1559 14
1560 1
1561 2
1562 1
1563 1
1564 1
1565 1
1566 1
1567 1
1568 1
1569 1
1570 1
1571 2
1572 1
1573 1
1574 1
1575 1
1576 2
1577 2
1578 1
1579 1
1580 1
1581 1
1582 3
1583 2
1584 1
1585 1
1586 1
1587 1
1588 9
1589 2
1590 1
1591 2
1592 1
1593 6
1594 2
1595 1
1596 6
1597 2
1598 1
1599 1
1600 1
1601 1
1602 1
1603 1
1604 3
1605 1
1606 1
1607 1
1608 2
1609 1
1610 1
1611 1
1612 3
1613 1
1614 1
1615 1
1616 3
1617 3
1618 3
1619 1
1620 2
1621 1
1622 1
1623 1
1624 1
1625 3
1626 2
1627 1
1628 1
1629 1
1630 1
1631 1
1632 1
1633 1
1634 3
1635 2
1636 1
1637 1
1638 9
1639 1
1640 1
1641 2
1642 1
1643 1
1644 1
1645 1
1646 2
1647 1
1648 1
1649 1
1650 11
1651 1
1652 2
1653 1
1654 25
1655 1
1656 2
1657 1
1658 35
1659 1
1660 5
1661 1
1662 2
1663 1
1664 4
1665 10
1666 1
1667 1
1668 1
1669 7
1670 2
1671 1
1672 1
1673 1
1674 2
1675 1
1676 1
1677 2
1678 1
1679 6
1680 5
1681 1
1682 3
1683 1
1684 1
1685 1
1686 5
1687 1
1688 1
1689 1
1690 1
1691 1
1692 5
1693 1
1694 6
1695 6
1696 1
1697 1
1698 1
1699 2
1700 2
1701 1
1702 5
1703 1
1704 1
1705 1
1706 1
1707 2
1708 2
1709 1
1710 1
1711 1
1712 1
1713 1
1714 1
1715 1
1716 2
1717 1
1718 1
1719 2
1720 2
1721 1
1722 5
1723 1
1724 2
1725 1
1726 1
1727 3
1728 1
1729 5
1730 1
1731 3
1732 3
1733 1
1734 2
1735 1
1736 1
1737 1
1738 2
1739 1
1740 1
1741 1
1742 1
1743 6
1744 1
1745 1
1746 2
1747 2
1748 1
1749 1
1750 1
1751 1
1752 8
1753 1
1754 3
1755 1
1756 20
1757 2
1758 3
1759 1
1760 1
1761 2
1762 1
1763 1
1764 1
1765 1
1766 2
1767 1
1768 2
1769 1
1770 1
1771 2
1772 1
1773 1
1774 1
1775 1
1776 1
1777 1
1778 2
1779 1
1780 2
1781 1
1782 8
1783 3
1784 2
1785 5
1786 1
1787 1
1788 1
1789 1
1790 6
1791 1
1792 1
1793 1
1794 2
1795 2
1796 1
1797 1
1798 4
1799 1
1800 3
1801 1
1802 1
1803 1
1804 1
1805 1
1806 2
1807 1
1808 1
1809 1
1810 1
1811 1
1812 1
1813 1
1814 1
1815 1
1816 1
1817 2
1818 2
1819 4
1820 2
1821 1
1822 1
1823 1
1824 1
1825 1
1826 1
1827 1
1828 1
1829 1
1830 1
1831 7
1832 1
1833 1
1834 22
1835 1
1836 1
1837 1
1838 1
1839 1
1840 3
1841 1
1842 2
1843 1
1844 15
1845 1
1846 1
1847 1
1848 1
1849 2
1850 5
1851 1
1852 1
1853 1
1854 1
1855 2
1856 1
1857 1
1858 1
1859 2
1860 1
1861 2
1862 7
1863 1
1864 1
1865 2
1866 21
1867 2
1868 9
1869 1
1870 4
1871 1
1872 1
1873 2
1874 1
1875 1
1876 1
1877 1
1878 1
1879 5
1880 1
1881 2
1882 2
1883 3
1884 34
1885 3
1886 1
1887 1
1888 1
1889 1
1890 1
1891 7
1892 1
1893 2
1894 1
1895 1
1896 1
1897 1
1898 1
1899 5
1900 1
1901 1
1902 1
1903 5
1904 1
1905 1
1906 1
1907 1
1908 1
1909 2
1910 1
1911 1
1912 1
1913 2
1914 2
1915 3
1916 1
1917 7
1918 2
1919 2
1920 6
1921 2
1922 1
1923 3
1924 1
1925 1
1926 1
1927 2
1928 1
1929 2
1930 1
1931 1
1932 1
1933 1
1934 1
1935 1
1936 1
1937 2
1938 1
1939 1
1940 1
1941 2
1942 1
1943 1
1944 1
1945 1
1946 2
1947 1
1948 1
1949 1
1950 1
1951 1
1952 1
1953 1
1954 3
1955 1
1956 1
1957 1
1958 1
1959 1
1960 4
1961 2
1962 1
1963 9
1964 2
1965 21
1966 1
1967 1
1968 2
1969 2
1970 3
1971 1
1972 4
1973 1
1974 13
1975 1
1976 6
1977 1
1978 11
1979 1
1980 29
1981 1
1982 1
1983 1
1984 1
1985 1
1986 1
1987 1
1988 1
1989 2
1990 1
1991 1
1992 1
1993 2
1994 1
1995 2
1996 1
1997 2
1998 4
1999 4
2000 1
2001 1
2002 2
2003 1
2004 1
2005 3
2006 10
2007 1
2008 2
2009 1
2010 1
2011 1
2012 1
2013 1
2014 1
2015 6
2016 1
2017 1
2018 2
2019 1
2020 1
2021 1
2022 1
2023 1
2024 1
2025 1
2026 1
2027 1
2028 1
2029 4
2030 1
2031 1
2032 1
2033 1
2034 1
2035 1
2036 432
2037 1
2038 2
2039 1
2040 1
2041 2
2042 4
2043 4
2044 1
2045 1
2046 2
2047 2
2048 1
2049 1
2050 2
2051 1
2052 1
2053 1
2054 1
2055 1
2056 7
2057 3
2058 1
2059 1
2060 1
2061 20
2062 1
2063 1
2064 1
2065 3
2066 1
2067 1
2068 1
2069 5
2070 1
2071 1
2072 1
2073 12
2074 1
2075 1
2076 1
2077 5
2078 1
2079 5
2080 1
2081 2
2082 1
2083 1
2084 1
2085 1
2086 2
2087 1
2088 5
2089 8
2090 4
2091 1
2092 3
2093 3
2094 1
2095 6
2096 1
2097 1
2098 1
2099 4
2100 4
2101 1
2102 1
2103 3
2104 1
2105 1
2106 1
2107 9
2108 1
2109 1
2110 1
2111 1
2112 1
2113 1
2114 1
2115 3
2116 1
2117 3
2118 1
2119 2
2120 1
2121 1
2122 1
2123 1
2124 1
2125 1
2126 1
2127 3
2128 2
2129 1
2130 1
2131 4
2132 1
2133 1
2134 1
2135 1
2136 2
2137 1
2138 1
2139 1
2140 2
2141 1
2142 19
2143 1
2144 1
2145 1
2146 4
2147 1
2148 1
2149 1
2150 3
2151 3
2152 1
2153 1
2154 1
2155 1
2156 1
2157 1
2158 1
2159 1
2160 1
2161 6
2162 1
2163 2
2164 1
2165 1
2166 3
2167 2
2168 1
2169 1
2170 1
2171 2
2172 7
2173 1
2174 1
2175 3
2176 1
2177 1
2178 3
2179 1
2180 2
2181 1
2182 1
2183 1
2184 1
2185 1
2186 1
2187 1
2188 1
2189 1
2190 2
2191 8
2192 17
2193 1
2194 1
2195 1
2196 1
2197 1
2198 1
2199 1
2200 1
2201 1
2202 1
2203 1
2204 1
2205 1
2206 1
2207 1
2208 1
2209 1
2210 1
2211 1
2212 6
2213 1
2214 2
2215 1
2216 3
2217 2
2218 1
2219 1
2220 1
2221 1
2222 1
2223 1
2224 1
2225 1
2226 1
2227 2
2228 6
2229 1
2230 2
2231 1
2232 1
2233 1
2234 1
2235 11
2236 1
2237 1
2238 1
2239 1
2240 1
2241 1
2242 5
2243 1
2244 1
2245 1
2246 1
2247 1
2248 1
2249 1
2250 1
2251 1
2252 1
2253 1
2254 1
2255 1
2256 2
2257 2
2258 1
2259 1
2260 1
2261 1
2262 1
2263 1
2264 9
2265 1
2266 1
2267 1
2268 1
2269 1
2270 5
2271 1
2272 1
2273 1
2274 3
2275 1
2276 2
2277 1
2278 1
2279 11
2280 1
2281 1
2282 2
2283 1
2284 1
2285 1
2286 1
2287 1
2288 1
2289 1
2290 2
2291 1
2292 1
2293 1
2294 1
2295 1
2296 7
2297 1
2298 4
2299 3
2300 1
2301 1
2302 1
2303 2
2304 1
2305 11
2306 1
2307 5
2308 1
2309 3
2310 3
2311 1
2312 1
2313 1
2314 1
2315 2
2316 1
2317 1
2318 1
2319 1
2320 1
2321 7
2322 1
2323 1
2324 1
2325 1
2326 1
2327 32
2328 1
2329 1
2330 1
2331 4
2332 2
2333 4
2334 1
2335 1
2336 1
2337 6
2338 2
2339 1
2340 1
2341 2
2342 2
2343 1
2344 1
2345 1
2346 1
2347 1
2348 1
2349 1
2350 5
2351 4
2352 1
2353 70
2354 2
2355 1
2356 1
2357 1
2358 5
2359 1
2360 1
2361 1
2362 1
2363 4
2364 1
2365 1
2366 2
2367 2
2368 1
2369 1
2370 1
2371 1
2372 1
2373 1
2374 1
2375 1
2376 2
2377 3
2378 2
2379 1
2380 11
2381 1
2382 1
2383 1
2384 1
2385 2
2386 1
2387 1
2388 1
2389 1
2390 1
2391 1
2392 1
2393 1
2394 1
2395 1
2396 1
2397 1
2398 1
2399 11
2400 1
2401 5
2402 2
2403 1
2404 1
2405 2
2406 1
2407 1
2408 1
2409 1
2410 16
2411 2
2412 5
2413 1
2414 1
2415 1
2416 1
2417 1
2418 1
2419 11
2420 1
2421 1
2422 1
2423 1
2424 1
2425 3
2426 1
2427 1
2428 1
2429 3
2430 2
2431 1
2432 1
2433 1
2434 1
2435 1
2436 1
2437 1
2438 1
2439 1
2440 1
2441 1
2442 1
2443 1
2444 2
2445 1
2446 2
2447 5
2448 2
2449 2
2450 1
2451 1
2452 1
2453 1
2454 1
2455 2
2456 1
2457 1
2458 1
2459 12
2460 1
2461 3
2462 1
2463 2
2464 22
2465 1
2466 1
2467 1
2468 1
2469 2
2470 6
2471 3
2472 1
2473 1
2474 12
2475 5
2476 1
2477 2
2478 1
2479 1
2480 5
2481 1
2482 8
2483 1
2484 1
2485 1
2486 51
2487 2
2488 1
2489 1
2490 1
2491 1
2492 1
2493 1
2494 4
2495 1
2496 1
2497 1
2498 1
2499 1
2500 1
2501 1
2502 1
2503 1
2504 1
2505 1
2506 1
2507 3
2508 1
2509 1
2510 2
2511 2
2512 2
2513 30
2514 1
2515 1
2516 1
2517 2
2518 1
2519 38
2520 1
2521 1
2522 1
2523 1
2524 5
2525 1
2526 1
2527 4
2528 1
2529 1
2530 1
2531 1
2532 1
2533 2
2534 1
2535 1
2536 2
2537 2
2538 1
2539 1
2540 1
2541 1
2542 1
2543 1
2544 1
2545 2
2546 1
2547 1
2548 1
2549 1
2550 1
2551 24
2552 1
2553 2
2554 1
2555 1
2556 2
2557 1
2558 7
2559 1
2560 1
2561 1
2562 1
2563 1
2564 1
2565 1
2566 8
2567 1
2568 1
2569 1
2570 1
2571 1
2572 2
2573 1
2574 1
2575 4
2576 4
2577 2
2578 1
2579 1
2580 9
2581 2
2582 1
2583 2
2584 1
2585 2
2586 1
2587 2
2588 1
2589 1
2590 1
2591 1
2592 1
2593 2
2594 18
2595 1
2596 1
2597 2
2598 1
2599 4
2600 2
2601 3
2602 1
2603 1
2604 1
2605 1
2606 1
2607 6
2608 1
2609 1
2610 5
2611 1
2612 2
2613 1
2614 2
2615 11
2616 1
2617 3
2618 1
2619 1
2620 1
2621 1
2622 1
2623 11
2624 1
2625 1
2626 3
2627 1
2628 1
2629 1
2630 2
2631 1
2632 1
2633 1
2634 1
2635 2
2636 2
2637 52
2638 3
2639 1
2640 1
2641 1
2642 1
2643 2
2644 1
2645 1
2646 1
2647 1
2648 1
2649 1
2650 6
2651 1
2652 1
2653 1
2654 1
2655 1
2656 2
2657 1
2658 6
2659 2
2660 1
2661 1
2662 1
2663 1
2664 1
2665 2
2666 11
2667 1
2668 1
2669 1
2670 1
2671 4
2672 3
2673 2
2674 1
2675 2
2676 2
2677 2
2678 1
2679 1
2680 1
2681 1
2682 4
2683 11
2684 2
2685 1
2686 5
2687 1
2688 1
2689 1
2690 1
2691 3
2692 48
2693 1
2694 1
2695 1
2696 1
2697 1
2698 1
2699 1
2700 1
2701 1
2702 1
2703 30
2704 46
2705 9
2706 1
2707 1
2708 1
2709 1
2710 1
2711 6
2712 1
2713 2
2714 2
2715 1
2716 3
2717 1
2718 1
2719 1
2720 1
2721 1
2722 15
2723 2
2724 1
2725 4
2726 1
2727 1
2728 1
2729 1
2730 1
2731 1
2732 1
2733 1
2734 1
2735 3
2736 1
2737 1
2738 1
2739 1
2740 3
2741 1
2742 1
2743 1
2744 1
2745 1
2746 2
2747 3
2748 1
2749 1
2750 1
2751 1
2752 1
2753 1
2754 3
2755 1
2756 5
2757 1
2758 1
2759 6
2760 1
2761 6
2762 2
2763 1
2764 4
2765 1
2766 1
2767 1
2768 12
2769 1
2770 1
2771 259
2772 1
2773 1
2774 1
2775 1
2776 1
2777 5
2778 1
2779 1
2780 1
2781 1
2782 1
2783 1
2784 1
2785 1
2786 1
2787 1
2788 1
2789 1
2790 1
2791 1
2792 1
2793 1
2794 1
2795 1
2796 2
2797 2
2798 1
2799 1
2800 1
2801 2
2802 1
2803 1
2804 2
2805 1
2806 1
2807 4
2808 1
2809 1
2810 1
2811 1
2812 1
2813 1
2814 1
2815 1
2816 1
2817 6
2818 1
2819 1
2820 12
2821 1
2822 1
2823 6
2824 1
2825 1
2826 1
2827 1
2828 1
2829 1
2830 1
2831 1
2832 3
2833 1
2834 1
2835 1
2836 1
2837 1
2838 6
2839 1
2840 3
2841 1
2842 1
2843 1
2844 1
2845 1
2846 2
2847 1
2848 1
2849 11
2850 1
2851 2
2852 1
2853 2
2854 2
2855 3
2856 1
2857 1
2858 23
2859 10
2860 1
2861 1
2862 1
2863 1
2864 2
2865 1
2866 1
2867 1
2868 1
2869 2
2870 4
2871 2
2872 1
2873 2
2874 1
2875 2
2876 2
2877 1
2878 4
2879 5
2880 1
2881 1
2882 1
2883 1
2884 1
2885 1
2886 1
2887 1
2888 1
2889 1
2890 1
2891 1
2892 3
2893 1
2894 2
2895 1
2896 1
2897 2
2898 1
2899 1
2900 2
2901 1
2902 1
2903 1
2904 5
2905 1
2906 1
2907 2
2908 1
2909 1
2910 1
2911 2
2912 1
2913 1
2914 2
2915 1
2916 1
2917 1
2918 3
2919 1
2920 1
2921 1
2922 3
2923 1
2924 1
2925 1
2926 1
2927 3
2928 1
2929 1
2930 1
2931 1
2932 1
2933 2
2934 2
2935 1
2936 1
2937 10
2938 1
2939 1
2940 1
2941 1
2942 2
2943 1
2944 1
2945 1
2946 3
2947 1
2948 1
2949 1
2950 1
2951 1
2952 2
2953 1
2954 1
2955 5
2956 2
2957 1
2958 1
2959 2
2960 2
2961 2
2962 1
2963 7
2964 1
2965 1
2966 3
2967 1
2968 10
2969 3
2970 1
2971 1
2972 1
2973 1
2974 1
2975 5
2976 1
2977 1
2978 4
2979 1
2980 1
2981 3
2982 1
2983 4
2984 2
2985 1
2986 1
2987 1
2988 2
2989 1
2990 10
2991 2
2992 1
2993 1
2994 20
2995 1
2996 1
2997 1
2998 1
2999 1
3000 1
3001 2
3002 1
3003 1
3004 1
3005 1
3006 1
3007 1
3008 1
3009 10
3010 1
3011 1
3012 4
3013 1
3014 1
3015 1
3016 1
3017 1
3018 1
3019 2
3020 1
3021 1
3022 1
3023 5
3024 1
3025 2
3026 2
3027 1
3028 1
3029 1
3030 1
3031 1
3032 26
3033 1
3034 1
3035 2
3036 1
3037 5
3038 1
3039 2
3040 2
3041 2
3042 1
3043 1
3044 1
3045 1
3046 1
3047 1
3048 1
3049 1
3050 2
3051 2
3052 3
3053 1
3054 1
3055 1
3056 1
3057 1
3058 1
3059 1
3060 2
3061 4
3062 1
3063 1
3064 1
3065 1
3066 1
3067 1
3068 3
3069 1
3070 1
3071 1
3072 7
3073 9
3074 1
3075 4
3076 1
3077 1
3078 1
3079 2
3080 1
3081 1
3082 1
3083 1
