0 1334
1 27
2 1
3 1
4 1
5 1
6 1
7 1
8 1
9 1
10 2
11 2
12 1
13 1
14 1
15 1
16 1
17 1
18 8
19 1
20 1
21 1
22 1
23 2
24 13
25 1
26 2
27 1
28 1
29 1
30 1
31 1
32 1
33 1
34 2
35 1
36 1
37 1
38 1
39 1
40 1
41 1
42 1
43 1
44 2
45 3
46 1
47 2
48 4
49 1
50 2
51 2
52 1
53 1
54 8
55 1
56 1
57 1
58 1
59 2
60 1
61 1
62 1
63 1
64 2
65 1
66 1
67 1
68 1
69 1
70 1
71 3
72 2
73 1
74 1
75 2
76 1
77 1
78 1
79 1
80 2
81 5
82 1
83 1
84 2
85 2
86 1
87 1
88 1
89 1
90 4
91 1
92 44
93 1
94 2
95 1
96 1
97 1
98 2
99 2
100 1
101 2
102 1
103 1
104 1
105 1
106 4
107 1
108 1
109 1
110 1
111 1
112 1
113 5
114 1
115 1
116 15
117 1
118 1
119 5
120 1
121 1
122 1
123 1
124 3
125 1
126 1
127 1
128 1
129 2
130 3
131 2
132 2
133 1
134 6
135 1
136 1
137 1
138 2
139 1
140 1
141 1
142 15
143 1
144 1
145 1
146 3
147 1
148 4
149 1
150 1
151 1
152 1
153 1
154 2
155 1
156 1
157 3
158 1
159 4
160 1
161 3
162 1
163 1
164 1
165 1
166 1
167 3
168 1
169 1
170 1
171 1
172 1
173 1
174 1
175 1
176 3
177 1
178 1
179 2
180 1
181 1
182 4
183 3
184 7
185 1
186 5
187 5
188 2
189 1
190 1
191 1
192 1
193 1
194 3
195 1
196 4
197 1
198 1
199 1
200 2
201 1
202 5
203 1
204 1
205 11
206 1
207 2
208 1
209 1
210 1
211 1
212 3
213 5
214 1
215 1
216 1
217 1
218 2
219 2
220 6
221 1
222 1
223 1
224 2
225 2
226 5
227 1
228 1
229 1
230 1
231 1
232 1
233 1
234 1
235 40
236 1
237 1
238 2
239 1
240 1
241 1
242 3
243 3
244 1
245 1
246 1
247 3
248 1
249 1
250 1
251 1
252 1
253 1
254 1
255 2
256 1
257 3
258 1
259 1
260 1
261 2
262 2
263 1
264 2
265 2
266 1
267 1
268 1
269 1
270 1
271 1
272 1
273 41
274 3
275 2
276 7
277 1
278 2
279 2
280 1
281 2
282 6
283 2
284 5
285 1
286 1
287 15
288 3
289 1
290 4
291 8
292 1
293 1
294 1
295 1
296 1
297 2
298 1
299 1
300 1
301 1
302 1
303 1
304 1
305 7
306 1
307 1
308 1
309 4
310 1
311 2
312 1
313 2
314 2
315 1
316 2
317 1
318 1
319 1
320 4
321 1
322 29
323 6
324 1
325 1
326 4
327 1
328 3
329 4
330 2
331 1
332 1
333 1
334 1
335 1
336 11
337 1
338 14
339 1
340 2
341 5
342 1
343 1
344 1
345 1
346 1
347 1
348 1
349 1
350 1
351 2
352 2
353 1
354 5
355 1
356 2
357 1
358 1
359 1
360 4
361 1
362 2
363 1
364 3
365 1
366 6
367 8
368 10
369 4
370 1
371 1
372 1
373 1
374 1
375 1
376 1
377 1
378 1
379 1
380 1
381 2
382 1
383 2
384 4
385 1
386 1
387 1
388 3
389 1
390 1
391 1
392 1
393 1
394 1
395 1
396 1
397 1
398 1
399 2
400 4
401 2
402 1
403 1
404 1
405 1
406 1
407 1
408 1
409 1
410 1
411 5
412 1
413 1
414 13
415 1
416 3
417 1
418 2
419 2
420 1
421 1
422 1
423 3
424 1
425 2
426 1
427 1
428 7
429 1
430 1
431 1
432 2
433 1
434 1
435 1
436 1
437 1
438 6
439 1
440 2
441 1
442 1
443 1
444 1
445 1
446 7
447 1
448 1
449 1
450 1
451 1
452 1
453 1
454 1
455 1
456 1
457 2
458 1
459 2
460 1
461 1
462 2
463 1
464 1
465 1
466 2
467 1
468 1
469 1
470 1
471 1
472 1
473 1
474 1
475 1
476 2
477 1
478 1
479 4
480 1
481 1
482 1
483 1
484 2
485 1
486 1
487 1
488 2
489 1
490 1
491 4
492 11
493 1
494 1
495 1
496 8
497 1
498 1
499 1
500 1
501 2
502 1
503 1
504 2
505 2
506 1
507 3
508 1
509 6
510 1
511 14
512 1
513 1
514 1
515 1
516 1
517 1
518 1
519 1
520 19
521 60
522 1
523 1
524 1
525 1
526 1
527 1
528 2
529 1
530 1
531 5
532 1
533 1
534 1
535 1
536 6
537 1
538 1
539 2
540 1
541 6
542 1
543 2
544 1
545 1
546 1
547 1
548 1
549 1
550 7
551 1
552 9
553 7
554 9
555 1
556 1
557 7
558 1
559 2
560 5
561 2
562 2
563 1
564 1
565 3
566 1
567 15
568 1
569 1
570 1
571 1
572 2
573 1
574 1
575 4
576 1
577 3
578 1
579 1
580 2
581 2
582 1
583 1
584 1
585 2
586 4
587 2
588 1
589 1
590 1
591 1
592 8
593 1
594 2
595 3
596 1
597 1
598 5
599 1
600 1
601 3
602 5
603 1
604 1
605 1
606 1
607 2
608 1
609 1
610 334
611 1
612 11
613 3
614 1
615 1
616 4
617 1
618 2
619 1
620 1
621 1
622 6
623 1
624 1
625 1
626 13
627 1
628 1
629 1
630 1
631 1
632 1
633 2
634 2
635 3
636 1
637 1
638 1
639 2
640 1
641 1
642 1
643 1
644 3
645 2
646 2
647 1
648 1
649 1
650 3
651 1
652 1
653 1
654 1
655 1
656 3
657 1
658 3
659 1
660 1
661 4
662 5
663 1
664 1
665 1
666 1
667 1
668 1
669 1
670 1
671 3
672 1
673 1
674 1
675 2
676 1
677 1
678 1
679 1
680 1
681 1
682 7
683 1
684 1
685 2
686 1
687 3
688 2
689 1
690 1
691 2
692 5
693 30
694 1
695 1
696 1
697 2
698 1
699 3
700 1
701 1
702 1
703 1
704 6
705 1
706 6
707 1
708 1
709 1
710 1
711 5
712 1
713 1
714 1
715 1
716 1
717 1
718 1
719 2
720 1
721 1
722 1
723 1
724 1
725 2
726 1
727 1
728 1
729 1
730 1
731 5
732 1
733 1
734 1
735 11
736 2
737 1
738 3
739 2
740 1
741 2
742 3
743 6
744 1
745 1
746 1
747 1
748 1
749 1
750 1
751 2
752 1
753 1
754 3
755 1
756 3
757 1
758 1
759 1
760 1
761 1
762 1
763 1
764 2
765 2
766 5
767 1
768 1
769 1
770 1
771 1
772 1
773 1
774 1
775 2
776 1
777 1
778 1
779 1
780 1
781 1
782 1
783 1
784 2
785 1
786 1
787 1
788 1
789 4
790 1
791 1
792 1
793 2
794 3
795 1
796 1
797 2
798 1
799 1
800 2
801 1
802 1
803 1
804 1
805 1
806 4
807 1
808 1
809 1
810 1
811 1
812 4
813 1
814 1
815 1
816 1
817 7
818 1
819 1
820 1
821 1
822 1
823 2
824 1
825 1
826 1
827 4
828 1
829 1
830 1
831 5
832 1
833 1
834 1
835 1
836 3
837 4
838 1
839 1
840 26
841 5
842 14
843 1
844 1
845 1
846 2
847 2
848 1
849 1
850 2
851 1
852 2
853 1
854 4
855 2
856 1
857 2
858 2
859 1
860 1
861 1
862 3
863 1
864 1
865 1
866 2
867 1
868 13
869 10
870 1
871 1
872 1
873 1
874 1
875 2
876 4
877 1
878 2
879 10
880 1
881 1
882 8
883 6
884 5
885 1
886 1
887 1
888 1
889 1
890 1
891 1
892 1
893 1
894 1
895 1
896 1
897 1
898 5
899 1
900 4
901 3
902 7
903 1
904 1
905 2
906 3
907 3
908 1
909 2
910 1
911 2
912 26
913 1
914 1
915 1
916 1
917 3
918 1
919 1
920 2
921 2
922 2
923 1
924 1
925 1
926 1
927 14
928 1
929 2
930 1
931 1
932 1
933 1
934 1
935 3
936 1
937 1
938 5
939 1
940 1
941 1
942 1
943 1
944 3
945 1
946 1
947 1
948 1
949 1
950 1
951 1
952 1
953 1
954 8
955 2
956 1
957 1
958 1
959 6
960 1
961 1
962 2
963 1
964 1
965 1
966 2
967 1
968 4
969 3
970 2
971 2
972 1
973 1
974 1
975 1
976 6
977 1
978 1
979 3
980 1
981 2
982 2
983 2
984 3
985 1
986 1
987 1
988 1
989 1
990 1
991 4
992 1
993 2
994 1
995 2
996 1
997 1
998 6
999 1
1000 5
1001 1
1002 4
1003 1
1004 1
1005 1
1006 1
1007 2
1008 2
1009 1
1010 1
1011 4
1012 1
1013 1
1014 2
1015 1
1016 35
1017 18
1018 1
1019 1
1020 2
1021 1
1022 1
1023 1
1024 1
1025 1
1026 1
1027 2
1028 1
1029 4
1030 1
1031 1
1032 1
1033 1
1034 2
1035 3
1036 1
1037 111
1038 2
1039 1
1040 1
1041 1
1042 1
1043 1
1044 1
1045 1
1046 1
1047 2
1048 2
1049 1
1050 2
1051 9
1052 2
1053 2
1054 1
1055 6
1056 3
1057 10
1058 1
1059 2
1060 2
1061 1
1062 1
1063 1
1064 1
1065 1
1066 1
1067 3
1068 1
1069 1
1070 1
1071 1
1072 1
1073 1
1074 2
1075 1
1076 1
1077 1
1078 1
1079 3
1080 2
1081 2
1082 1
1083 23
1084 1
1085 1
1086 3
1087 1
1088 12
1089 2
1090 1
1091 2
1092 1
1093 1
1094 1
1095 2
1096 2
1097 2
1098 3
1099 1
1100 1
1101 1
1102 1
1103 1
1104 2
1105 1
1106 1
1107 5
1108 1
1109 1
1110 1
1111 1
1112 1
1113 1
1114 1
1115 1
1116 1
1117 1
1118 1
1119 2
1120 1
1121 1
1122 1
1123 12
1124 1
1125 1
1126 1
1127 3
1128 1
1129 1
1130 3
1131 5
1132 1
1133 1
1134 2
1135 43
1136 1
1137 1
1138 1
1139 2
1140 1
1141 1
1142 1
1143 2
1144 2
1145 1
1146 1
1147 1
1148 1
1149 2
1150 1
1151 1
1152 1
1153 1
1154 1
1155 1
1156 2
1157 5
1158 2
1159 1
1160 1
1161 1
1162 2
1163 1
1164 1
1165 1
1166 4
1167 4
1168 1
1169 2
1170 1
1171 1
1172 1
1173 1
1174 2
1175 1
1176 1
1177 2
1178 1
1179 3
1180 1
1181 1
1182 1
1183 1
1184 1
1185 6
1186 1
1187 3
1188 3
1189 2
1190 1
1191 2
1192 1
1193 1
1194 1
1195 1
1196 16
1197 1
1198 1
1199 1
1200 1
1201 1
1202 1
1203 1
1204 1
1205 1
1206 2
1207 1
1208 1
1209 1
1210 1
1211 1
1212 1
1213 2
1214 1
1215 1
1216 1
1217 1
1218 1
1219 1
1220 1
1221 2
1222 2
1223 1
1224 1
1225 3
1226 3
1227 1
1228 1
1229 1
1230 1
1231 1
1232 2
1233 1
1234 1
1235 1
1236 1
1237 7
1238 1
1239 1
1240 3
1241 7
1242 1
1243 1
1244 1
1245 1
1246 1
1247 1
1248 1
1249 1
1250 1
1251 2
1252 1
1253 1
1254 1
1255 41
1256 1
1257 1
1258 1
1259 1
1260 1
1261 2
1262 2
1263 1
1264 1
1265 1
1266 1
1267 1
1268 1
1269 1
1270 1
1271 1
1272 1
1273 2
1274 3
1275 1
1276 1
1277 1
1278 1
1279 1
1280 1
1281 259
1282 1
1283 1
1284 2
1285 6
1286 1
1287 2
1288 1
1289 1
1290 3
1291 1
1292 2
1293 1
1294 1
1295 1
1296 1
1297 1
1298 1
1299 1
1300 2
1301 1
1302 1
1303 1
1304 1
1305 1
1306 2
1307 1
1308 2
1309 1
1310 1
1311 1
1312 1
1313 1
1314 1
1315 1
1316 2
1317 1
1318 1
1319 1
1320 1
1321 1
1322 1
1323 1
1324 1
1325 2
1326 1
1327 1
1328 5
1329 1
1330 1
1331 1
1332 40
1333 2
1334 1
1335 1
1336 1
1337 2
1338 1
1339 1
1340 1
1341 1
1342 1
1343 1
1344 1
1345 1
1346 4
1347 2
1348 1
1349 1
1350 1
1351 2
1352 1
1353 1
1354 1
1355 1
1356 1
1357 1
1358 1
1359 2
1360 2
1361 1
1362 2
1363 1
1364 1
1365 13
1366 1
1367 1
1368 2
1369 2
1370 4
1371 1
1372 2
1373 5
1374 1
1375 1
1376 2
1377 1
1378 1
1379 2
1380 4
1381 10
1382 1
1383 1
1384 1
1385 1
1386 10
1387 1
1388 1
1389 1
1390 3
1391 1
1392 5
1393 2
1394 3
1395 32
1396 1
1397 1
1398 1
1399 1
1400 1
1401 1
1402 1
1403 1
1404 1
1405 1
1406 1
1407 1
1408 1
1409 2
1410 1
1411 1
1412 1
1413 1
1414 1
1415 1
1416 1
1417 1
1418 1
1419 3
1420 7
1421 5
1422 1
1423 1
1424 3
1425 3
1426 4
1427 1
1428 8
1429 1
1430 1
1431 1
1432 1
1433 6
1434 1
1435 2
1436 1
1437 1
1438 1
1439 2
1440 2
1441 4
1442 1
1443 2
1444 1
1445 2
1446 1
1447 1
1448 1
1449 1
1450 2
1451 1
1452 2
1453 1
1454 2
1455 1
1456 2
1457 1
1458 1
1459 1
1460 1
1461 3
1462 1
1463 1
1464 1
1465 2
1466 1
1467 3
1468 3
1469 1
1470 1
1471 3
1472 3
1473 1
1474 1
1475 8
1476 1
1477 2
1478 1
1479 1
1480 1
1481 9
1482 1
1483 1
1484 1
1485 1
1486 5
1487 4
1488 3
1489 2
1490 1
1491 5
1492 1
1493 1
1494 1
1495 1
1496 1
1497 2
1498 3
1499 1
1500 1
1501 1
1502 1
1503 1
1504 1
1505 1
1506 2
1507 1
1508 1
1509 1
1510 3
1511 1
1512 1
1513 1
1514 1
1515 1
1516 5
1517 1
1518 3
1519 1
1520 1
1521 2
1522 2
1523 3
1524 1
1525 2
1526 1
1527 1
1528 1
1529 1
1530 1
1531 3
1532 6
1533 2
1534 2
1535 1
1536 8
1537 1
1538 1
1539 1
1540 1
1541 1
1542 1
1543 1
1544 1
1545 1
1546 1
1547 1
1548 1
1549 1
1550 1
1551 1
1552 1
1553 2
1554 1
1555 4
1556 1
1557 6
1558 2
1559 1
1560 1
1561 1
1562 6
1563 1
1564 1
1565 1
1566 1
1567 1
1568 1
1569 4
1570 1
1571 1
1572 21
1573 4
1574 2
1575 4
1576 2
1577 1
1578 1
1579 1
1580 1
1581 1
1582 8
1583 3
1584 2
1585 1
1586 1
1587 1
1588 1
1589 1
1590 1
1591 1
1592 1
1593 1
1594 2
1595 2
1596 1
1597 3
1598 1
1599 1
1600 2
1601 1
1602 1
1603 1
1604 13
1605 1
1606 1
1607 1
1608 1
1609 11
1610 3
1611 1
1612 1
1613 2
1614 3
1615 2
1616 1
1617 1
1618 1
1619 1
1620 1
1621 1
1622 1
1623 4
1624 1
1625 1
1626 1
1627 1
1628 1
1629 2
1630 1
1631 1
1632 1
1633 1
1634 1
1635 1
1636 6
1637 1
1638 3
1639 8
1640 1
1641 1
1642 2
1643 1
1644 2
1645 2
1646 1
1647 1
1648 1
1649 5
1650 1
1651 1
1652 2
1653 1
1654 1
1655 2
1656 7
1657 1
1658 3
1659 5
1660 17
1661 2
1662 1
1663 1
1664 1
1665 33
1666 1
1667 3
1668 2
1669 3
1670 1
1671 1
1672 2
1673 1
1674 4
1675 1
1676 1
1677 1
1678 4
1679 13
1680 1
1681 1
1682 1
1683 1
1684 2
1685 1
1686 1
1687 5
1688 2
1689 1
1690 1
1691 2
1692 1
1693 1
1694 1
1695 1
1696 1
1697 1
1698 8
1699 10
1700 4
1701 1
1702 1
1703 1
1704 1
1705 3
1706 1
1707 1
1708 1
1709 6
1710 1
1711 1
1712 1
1713 1
1714 1
1715 1
1716 1
1717 1
1718 1
1719 2
1720 3
1721 2
1722 1
1723 1
1724 6
1725 1
1726 1
1727 1
1728 1
1729 1
1730 5
1731 1
1732 1
1733 1
1734 1
1735 1
1736 1
1737 1
1738 1
1739 1
1740 1
1741 6
1742 1
1743 2
1744 1
1745 3
1746 1
1747 1
1748 1
1749 1
1750 1
1751 2
1752 1
1753 2
1754 3
1755 1
1756 1
1757 1
1758 1
1759 10
1760 1
1761 1
1762 2
1763 1
1764 1
1765 1
1766 1
1767 17
1768 1
1769 2
1770 1
1771 2
1772 4
1773 1
1774 2
1775 1
1776 2
1777 1
1778 1
1779 2
1780 1
1781 1
1782 2
1783 1
1784 1
1785 4
1786 1
1787 2
1788 1
1789 2
1790 2
1791 1
1792 1
1793 3
1794 2
1795 8
1796 5
1797 1
1798 2
1799 2
1800 1
1801 1
1802 2
1803 1
1804 1
1805 1
1806 4
1807 1
1808 1
1809 1
1810 1
1811 8
1812 2
1813 1
1814 2
1815 1
1816 3
1817 1
1818 1
1819 1
1820 1
1821 1
1822 1
1823 1
1824 1
1825 1
1826 1
1827 1
1828 1
1829 1
1830 1
1831 1
1832 1
1833 1
1834 1
1835 1
1836 1
1837 1
1838 1
1839 2
1840 1
1841 1
1842 2
1843 1
1844 2
1845 1
1846 1
1847 1
1848 2
1849 1
1850 17
1851 2
1852 1
1853 1
1854 1
1855 1
1856 1
1857 2
1858 1
1859 6
1860 3
1861 4
1862 9
1863 1
1864 1
1865 2
1866 2
1867 1
1868 2
1869 1
1870 1
1871 1
1872 1
1873 1
1874 1
1875 3
1876 1
1877 1
1878 2
1879 2
1880 1
1881 1
1882 1
1883 1
1884 27
1885 1
1886 6
1887 1
1888 1
1889 1
1890 1
1891 2
1892 1
1893 1
1894 1
1895 2
1896 1
1897 1
1898 1
1899 1
1900 3
1901 1
1902 1
1903 6
1904 43
1905 1
1906 1
1907 1
1908 1
1909 8
1910 1
1911 1
1912 1
1913 2
1914 1
1915 1
1916 3
1917 1
1918 1
1919 1
1920 3
1921 1
1922 7
1923 8
1924 1
1925 7
1926 1
1927 1
1928 1
1929 1
1930 2
1931 1
1932 1
1933 1
1934 1
1935 1
1936 3
1937 2
1938 2
1939 1
1940 4
1941 1
1942 1
1943 2
1944 1
1945 2
1946 1
1947 1
1948 1
1949 2
1950 1
1951 1
1952 1
1953 20
1954 7
1955 1
1956 1
1957 4
1958 1
1959 1
1960 1
1961 1
1962 1
1963 2
1964 4
1965 2
1966 1
1967 1
1968 1
1969 1
1970 5
1971 7
1972 1
1973 2
1974 15
1975 10
1976 2
1977 1
1978 1
1979 6
1980 3
1981 1
1982 1
1983 1
1984 13
1985 5
1986 1
1987 1
1988 11
1989 1
1990 2
1991 1
1992 1
1993 2
1994 2
1995 1
1996 2
1997 1
1998 1
1999 2
2000 1
2001 21
2002 1
2003 1
2004 1
2005 1
2006 1
2007 4
2008 1
2009 2
2010 1
2011 1
2012 3
2013 3
2014 8
2015 1
2016 1
2017 1
2018 1
2019 2
2020 1
2021 1
2022 1
2023 1
2024 1
2025 1
2026 1
2027 1
2028 2
2029 1
2030 1
2031 1
2032 1
2033 2
2034 1
2035 1
2036 1
2037 1
2038 1
2039 1
2040 1
2041 1
2042 1
2043 1
2044 466
2045 1
2046 2
2047 4
2048 5
2049 7
2050 2
2051 1
2052 2
2053 2
2054 1
2055 2
2056 1
2057 3
2058 1
2059 1
2060 4
2061 3
2062 1
2063 1
2064 1
2065 1
2066 3
2067 1
2068 1
2069 1
2070 4
2071 1
2072 2
2073 1
2074 1
2075 2
2076 3
2077 3
2078 1
2079 1
2080 2
2081 1
2082 1
2083 1
2084 1
2085 1
2086 1
2087 1
2088 1
2089 1
2090 1
2091 2
2092 1
2093 1
2094 1
2095 1
2096 5
2097 3
2098 1
2099 2
2100 1
2101 3
2102 1
2103 4
2104 2
2105 8
2106 1
2107 1
2108 1
2109 3
2110 1
2111 1
2112 10
2113 1
2114 1
2115 1
2116 1
2117 1
2118 4
2119 1
2120 7
2121 1
2122 1
2123 3
2124 1
2125 1
2126 2
2127 6
2128 1
2129 1
2130 2
2131 1
2132 1
2133 1
2134 1
2135 1
2136 3
2137 1
2138 1
2139 2
2140 3
2141 1
2142 3
2143 1
2144 1
2145 1
2146 2
2147 1
2148 1
2149 1
2150 1
2151 1
2152 2
2153 1
2154 2
2155 1
2156 1
2157 1
2158 1
2159 15
2160 1
2161 1
2162 1
2163 2
2164 15
2165 1
2166 1
2167 1
2168 1
2169 1
2170 9
2171 3
2172 1
2173 1
2174 1
2175 1
2176 3
2177 1
2178 1
2179 1
2180 5
2181 6
2182 5
2183 2
2184 1
2185 1
2186 2
2187 1
2188 9
2189 1
2190 1
2191 1
2192 1
2193 1
2194 1
2195 1
2196 1
2197 1
2198 1
2199 1
2200 2
2201 6
2202 1
2203 1
2204 1
2205 1
2206 4
2207 18
2208 1
2209 1
2210 1
2211 1
2212 1
2213 1
2214 1
2215 1
2216 1
2217 7
2218 2
2219 1
2220 1
2221 2
2222 1
2223 1
2224 1
2225 8
2226 1
2227 1
2228 1
2229 1
2230 10
2231 1
2232 1
2233 2
2234 1
2235 1
2236 1
2237 1
2238 2
2239 7
2240 1
2241 1
2242 1
2243 1
2244 1
2245 1
2246 2
2247 1
2248 1
2249 1
2250 1
2251 1
2252 1
2253 1
2254 1
2255 1
2256 1
2257 1
2258 1
2259 3
2260 1
2261 2
2262 2
2263 1
2264 1
2265 1
2266 1
2267 1
2268 2
2269 1
2270 1
2271 3
2272 1
2273 2
2274 2
2275 1
2276 1
2277 7
2278 4
2279 2
2280 1
2281 2
2282 1
2283 1
2284 1
2285 1
2286 1
2287 4
2288 1
2289 1
2290 1
2291 1
2292 3
2293 1
2294 1
2295 1
2296 18
2297 1
2298 1
2299 1
2300 2
2301 1
2302 1
2303 3
2304 1
2305 1
2306 1
2307 1
2308 1
2309 1
2310 1
2311 8
2312 1
2313 5
2314 1
2315 2
2316 1
2317 18
2318 2
2319 1
2320 1
2321 2
2322 1
2323 1
2324 3
2325 1
2326 1
2327 1
2328 4
2329 1
2330 1
2331 1
2332 1
2333 4
2334 1
2335 212
2336 2
2337 1
2338 3
2339 1
2340 1
2341 1
2342 1
2343 2
2344 24
2345 2
2346 1
2347 1
2348 1
2349 2
2350 5
2351 1
2352 1
2353 2
2354 2
2355 1
2356 2
2357 7
2358 1
2359 1
2360 1
2361 2
2362 2
2363 1
2364 6
2365 80
2366 5
2367 1
2368 2
2369 1
2370 1
2371 1
2372 2
2373 2
2374 2
2375 2
2376 1
2377 1
2378 1
2379 2
2380 2
2381 1
2382 1
2383 1
2384 3
2385 1
2386 1
2387 1
2388 1
2389 1
2390 2
2391 3
2392 1
2393 1
2394 1
2395 1
2396 1
2397 1
2398 1
2399 1
2400 3
2401 1
2402 4
2403 2
2404 1
2405 5
2406 1
2407 1
2408 2
2409 9
2410 1
2411 1
2412 1
2413 1
2414 1
2415 1
2416 1
2417 1
2418 1
2419 1
2420 1
2421 9
2422 1
2423 13
2424 1
2425 1
2426 1
2427 2
2428 12
2429 1
2430 1
2431 4
2432 27
2433 2
2434 1
2435 9
2436 1
2437 1
2438 1
2439 1
2440 2
2441 2
2442 1
2443 1
2444 2
2445 9
2446 2
2447 1
2448 1
2449 1
2450 12
2451 1
2452 1
2453 1
2454 1
2455 3
2456 1
2457 2
2458 1
2459 2
2460 2
2461 1
2462 1
2463 1
2464 1
2465 1
2466 1
2467 3
2468 1
2469 1
2470 1
2471 1
2472 14
2473 1
2474 1
2475 2
2476 1
2477 2
2478 1
2479 2
2480 1
2481 1
2482 4
2483 32
2484 1
2485 7
2486 2
2487 1
2488 1
2489 1
2490 1
2491 16
2492 2
2493 1
2494 1
2495 1
2496 1
2497 1
2498 1
2499 2
2500 3
2501 1
2502 6
2503 41
2504 2
2505 1
2506 1
2507 9
2508 1
2509 1
2510 1
2511 5
2512 1
2513 1
2514 1
2515 1
2516 4
2517 4
2518 7
2519 3
2520 2
2521 1
2522 1
2523 3
2524 1
2525 1
2526 1
2527 1
2528 1
2529 3
2530 1
2531 1
2532 1
2533 4
2534 1
2535 3
2536 1
2537 1
2538 1
2539 1
2540 1
2541 1
2542 2
2543 1
2544 1
2545 1
2546 1
2547 2
2548 1
2549 1
2550 1
2551 2
2552 1
2553 3
2554 2
2555 1
2556 1
2557 1
2558 1
2559 1
2560 1
2561 1
2562 26
2563 3
2564 2
2565 1
2566 1
2567 1
2568 1
2569 3
2570 1
2571 1
2572 1
2573 1
2574 1
2575 1
2576 1
2577 1
2578 1
2579 1
2580 1
2581 1
2582 1
2583 1
2584 1
2585 1
2586 1
2587 1
2588 1
2589 1
2590 1
2591 1
2592 1
2593 1
2594 5
2595 2
2596 1
2597 1
2598 1
2599 1
2600 1
2601 1
2602 1
2603 1
2604 1
2605 2
2606 1
2607 1
2608 1
2609 1
2610 1
2611 10
2612 2
2613 1
2614 2
2615 2
2616 1
2617 1
2618 1
2619 1
2620 1
2621 1
2622 1
2623 10
2624 1
2625 2
2626 7
2627 1
2628 1
2629 1
2630 3
2631 13
2632 3
2633 1
2634 2
2635 1
2636 1
2637 7
2638 1
2639 1
2640 5
2641 1
2642 1
2643 1
2644 1
2645 1
2646 1
2647 1
2648 1
2649 1
2650 1
2651 3
2652 28
2653 1
2654 2
2655 2
2656 1
2657 2
2658 2
2659 1
2660 1
2661 1
2662 1
2663 2
2664 1
2665 1
2666 1
2667 1
2668 1
2669 1
2670 1
2671 1
2672 9
2673 1
2674 1
2675 1
2676 1
2677 11
2678 1
2679 1
2680 1
2681 11
2682 1
2683 1
2684 1
2685 1
2686 1
2687 10
2688 1
2689 1
2690 1
2691 1
2692 1
2693 2
2694 1
2695 1
2696 5
2697 1
2698 1
2699 1
2700 1
2701 1
2702 2
2703 11
2704 2
2705 3
2706 4
2707 1
2708 1
2709 4
2710 1
2711 1
2712 48
2713 4
2714 3
2715 2
2716 1
2717 1
2718 1
2719 1
2720 1
2721 2
2722 47
2723 47
2724 8
2725 1
2726 1
2727 1
2728 1
2729 1
2730 3
2731 6
2732 1
2733 1
2734 1
2735 2
2736 1
2737 1
2738 1
2739 1
2740 1
2741 18
2742 1
2743 2
2744 1
2745 1
2746 2
2747 1
2748 1
2749 1
2750 1
2751 4
2752 1
2753 1
2754 1
2755 1
2756 2
2757 2
2758 1
2759 3
2760 1
2761 1
2762 2
2763 1
2764 2
2765 4
2766 1
2767 1
2768 1
2769 3
2770 1
2771 1
2772 2
2773 1
2774 1
2775 1
2776 4
2777 1
2778 1
2779 7
2780 1
2781 2
2782 3
2783 1
2784 1
2785 1
2786 3
2787 2
2788 2
2789 1
2790 1
2791 12
2792 2
2793 1
2794 1
2795 266
2796 1
2797 2
2798 1
2799 1
2800 1
2801 1
2802 1
2803 1
2804 1
2805 1
2806 1
2807 1
2808 1
2809 1
2810 1
2811 1
2812 1
2813 1
2814 1
2815 1
2816 1
2817 1
2818 2
2819 1
2820 1
2821 2
2822 1
2823 1
2824 1
2825 1
2826 2
2827 2
2828 1
2829 1
2830 1
2831 1
2832 2
2833 1
2834 2
2835 1
2836 2
2837 21
2838 1
2839 1
2840 1
2841 2
2842 1
2843 8
2844 1
2845 1
2846 1
2847 1
2848 1
2849 1
2850 1
2851 1
2852 2
2853 1
2854 1
2855 1
2856 1
2857 1
2858 1
2859 1
2860 2
2861 1
2862 1
2863 1
2864 1
2865 1
2866 1
2867 1
2868 1
2869 1
2870 1
2871 1
2872 1
2873 1
2874 8
2875 1
2876 2
2877 1
2878 1
2879 2
2880 1
2881 1
2882 23
2883 8
2884 2
2885 1
2886 1
2887 1
2888 1
2889 1
2890 1
2891 1
2892 2
2893 1
2894 1
2895 1
2896 2
2897 1
2898 1
2899 2
2900 1
2901 1
2902 2
2903 1
2904 1
2905 1
2906 6
2907 1
2908 1
2909 1
2910 2
2911 1
2912 1
2913 1
2914 1
2915 1
2916 5
2917 1
2918 1
2919 4
2920 1
2921 1
2922 1
2923 1
2924 1
2925 1
2926 1
2927 7
2928 1
2929 1
2930 1
2931 2
2932 2
2933 1
2934 2
2935 1
2936 3
2937 1
2938 1
2939 1
2940 1
2941 1
2942 1
2943 1
2944 1
2945 2
2946 1
2947 1
2948 1
2949 1
2950 1
2951 1
2952 2
2953 1
2954 1
2955 2
2956 1
2957 1
2958 1
2959 2
2960 1
2961 1
2962 11
2963 1
2964 1
2965 1
2966 1
2967 1
2968 1
2969 5
2970 1
2971 6
2972 1
2973 1
2974 1
2975 3
2976 1
2977 1
2978 1
2979 4
2980 1
2981 2
2982 2
2983 2
2984 1
2985 3
2986 2
2987 3
2988 1
2989 2
2990 1
2991 5
2992 1
2993 2
2994 13
2995 1
2996 1
2997 1
2998 1
2999 1
3000 2
3001 1
3002 1
3003 2
3004 1
3005 1
3006 2
3007 2
3008 1
3009 1
3010 7
3011 1
3012 1
3013 2
3014 2
3015 1
3016 1
3017 1
3018 6
3019 1
3020 1
3021 26
3022 2
3023 22
3024 1
3025 1
3026 1
3027 1
3028 2
3029 1
3030 1
3031 4
3032 2
3033 2
3034 1
3035 1
3036 2
3037 1
3038 2
3039 2
3040 8
3041 1
3042 1
3043 3
3044 2
3045 2
3046 1
3047 1
3048 1
3049 1
3050 8
3051 3
3052 1
3053 1
3054 1
3055 20
3056 1
3057 1
3058 2
3059 1
3060 1
3061 1
3062 1
3063 1
3064 1
3065 1
3066 4
3067 4
3068 2
3069 1
3070 2
3071 1
3072 1
3073 1
3074 5
3075 1
3076 1
3077 2
3078 1
3079 1
3080 1
3081 1
3082 2
3083 1
3084 2
3085 1
3086 6
3087 1
3088 1
3089 1
3090 1
3091 1
3092 1
3093 1
3094 1
3095 1
3096 1
3097 1
3098 1
3099 4
3100 9
3101 1
3102 1
3103 1
3104 1
3105 1
3106 1
3107 1
3108 3
3109 1
3110 1
3111 2
