0 1214
1 1
2 18
3 3
4 1
5 1
6 2
7 1
8 4
9 1
10 1
11 1
12 1
13 1
14 1
15 1
16 1
17 5
18 1
19 1
20 1
21 6
22 2
23 3
24 1
25 1
26 1
27 1
28 1
29 1
30 1
31 1
32 1
33 2
34 1
35 2
36 1
37 2
38 1
39 1
40 3
41 2
42 1
43 2
44 1
45 10
46 1
47 1
48 1
49 3
50 1
51 1
52 1
53 1
54 1
55 1
56 2
57 1
58 4
59 1
60 1
61 1
62 1
63 2
64 1
65 1
66 1
67 1
68 3
69 3
70 2
71 1
72 1
73 2
74 1
75 1
76 1
77 1
78 1
79 41
80 1
81 1
82 1
83 2
84 1
85 2
86 1
87 1
88 1
89 1
90 4
91 1
92 1
93 1
94 1
95 5
96 1
97 1
98 1
99 2
100 4
101 8
102 2
103 2
104 2
105 1
106 1
107 7
108 1
109 4
110 1
111 2
112 1
113 1
114 1
115 6
116 2
117 2
118 2
119 1
120 10
121 1
122 3
123 1
124 1
125 6
126 1
127 3
128 1
129 1
130 1
131 3
132 1
133 2
134 1
135 1
136 1
137 1
138 2
139 1
140 1
141 1
142 1
143 1
144 1
145 1
146 1
147 1
148 1
149 3
150 1
151 1
152 1
153 2
154 2
155 2
156 1
157 1
158 1
159 3
160 1
161 6
162 2
163 1
164 2
165 3
166 1
167 3
168 1
169 1
170 1
171 1
172 3
173 1
174 1
175 1
176 1
177 1
178 1
179 1
180 10
181 2
182 1
183 1
184 1
185 4
186 5
187 1
188 5
189 1
190 6
191 1
192 2
193 3
194 1
195 1
196 1
197 1
198 1
199 1
200 1
201 6
202 1
203 1
204 1
205 2
206 8
207 7
208 4
209 1
210 5
211 1
212 1
213 3
214 1
215 33
216 1
217 1
218 2
219 6
220 45
221 2
222 2
223 1
224 1
225 5
226 1
227 2
228 1
229 1
230 1
231 1
232 4
233 1
234 2
235 1
236 1
237 1
238 1
239 1
240 1
241 1
242 1
243 2
244 1
245 1
246 2
247 1
248 1
249 1
250 1
251 1
252 1
253 1
254 2
255 1
256 1
257 1
258 1
259 1
260 2
261 1
262 1
263 1
264 1
265 1
266 48
267 4
268 6
269 3
270 1
271 1
272 9
273 1
274 1
275 4
276 1
277 1
278 26
279 3
280 2
281 2
282 3
283 1
284 1
285 1
286 1
287 1
288 1
289 2
290 1
291 1
292 1
293 1
294 1
295 1
296 1
297 2
298 1
299 4
300 3
301 1
302 1
303 1
304 1
305 1
306 1
307 1
308 8
309 1
310 2
311 9
312 1
313 1
314 2
315 1
316 2
317 1
318 3
319 1
320 1
321 1
322 1
323 8
324 1
325 2
326 1
327 3
328 7
329 1
330 1
331 1
332 2
333 1
334 4
335 12
336 1
337 1
338 1
339 1
340 1
341 1
342 1
343 2
344 1
345 1
346 1
347 2
348 2
349 1
350 5
351 1
352 1
353 1
354 1
355 2
356 1
357 1
358 1
359 1
360 1
361 2
362 2
363 1
364 1
365 1
366 1
367 1
368 1
369 1
370 1
371 1
372 1
373 1
374 1
375 1
376 2
377 1
378 1
379 1
380 2
381 1
382 1
383 3
384 2
385 1
386 1
387 1
388 2
389 1
390 2
391 4
392 1
393 1
394 1
395 1
396 1
397 1
398 1
399 1
400 1
401 2
402 20
403 4
404 3
405 1
406 2
407 1
408 1
409 1
410 1
411 14
412 1
413 2
414 1
415 3
416 4
417 1
418 1
419 1
420 3
421 2
422 1
423 1
424 1
425 1
426 1
427 1
428 1
429 3
430 1
431 1
432 1
433 2
434 1
435 1
436 2
437 4
438 3
439 1
440 2
441 3
442 1
443 1
444 1
445 1
446 2
447 1
448 1
449 8
450 1
451 1
452 2
453 1
454 1
455 2
456 3
457 1
458 1
459 1
460 1
461 1
462 1
463 1
464 1
465 1
466 1
467 1
468 1
469 2
470 1
471 2
472 1
473 2
474 2
475 2
476 1
477 4
478 1
479 2
480 2
481 4
482 6
483 2
484 1
485 1
486 1
487 1
488 1
489 3
490 1
491 1
492 1
493 1
494 1
495 1
496 1
497 1
498 1
499 2
500 1
501 5
502 9
503 1
504 1
505 1
506 1
507 1
508 1
509 3
510 3
511 2
512 1
513 1
514 9
515 1
516 2
517 1
518 1
519 1
520 26
521 46
522 1
523 1
524 1
525 1
526 3
527 1
528 1
529 1
530 1
531 1
532 1
533 1
534 3
535 2
536 2
537 1
538 1
539 1
540 1
541 1
542 1
543 2
544 1
545 11
546 1
547 3
548 3
549 2
550 1
551 1
552 1
553 8
554 5
555 2
556 5
557 1
558 2
559 2
560 1
561 3
562 2
563 5
564 1
565 4
566 1
567 1
568 1
569 1
570 1
571 1
572 1
573 1
574 2
575 1
576 3
577 1
578 1
579 1
580 1
581 1
582 1
583 1
584 14
585 1
586 5
587 2
588 2
589 1
590 5
591 1
592 2
593 1
594 1
595 1
596 2
597 1
598 1
599 1
600 1
601 1
602 1
603 1
604 1
605 1
606 1
607 1
608 280
609 1
610 1
611 2
612 8
613 1
614 1
615 1
616 1
617 1
618 1
619 1
620 1
621 1
622 1
623 1
624 1
625 1
626 1
627 1
628 32
629 1
630 3
631 1
632 1
633 2
634 1
635 4
636 1
637 1
638 1
639 1
640 2
641 1
642 1
643 1
644 1
645 1
646 1
647 2
648 1
649 1
650 1
651 1
652 1
653 1
654 2
655 3
656 2
657 1
658 1
659 1
660 1
661 1
662 1
663 3
664 1
665 2
666 1
667 1
668 3
669 2
670 1
671 1
672 1
673 91
674 1
675 1
676 1
677 4
678 4
679 1
680 1
681 1
682 1
683 1
684 1
685 2
686 3
687 1
688 1
689 1
690 1
691 5
692 7
693 1
694 23
695 1
696 1
697 1
698 1
699 1
700 1
701 4
702 2
703 4
704 1
705 4
706 1
707 1
708 1
709 2
710 3
711 1
712 1
713 2
714 1
715 1
716 1
717 3
718 1
719 1
720 1
721 4
722 5
723 1
724 1
725 1
726 1
727 1
728 1
729 1
730 4
731 1
732 1
733 13
734 1
735 1
736 1
737 1
738 1
739 4
740 1
741 1
742 1
743 3
744 5
745 1
746 2
747 1
748 2
749 1
750 1
751 1
752 2
753 1
754 1
755 1
756 1
757 6
758 2
759 1
760 1
761 1
762 1
763 7
764 1
765 1
766 1
767 1
768 1
769 1
770 1
771 1
772 1
773 1
774 1
775 1
776 1
777 1
778 1
779 2
780 2
781 2
782 1
783 1
784 1
785 1
786 1
787 2
788 1
789 1
790 5
791 1
792 1
793 1
794 1
795 1
796 1
797 1
798 1
799 1
800 1
801 1
802 2
803 2
804 1
805 1
806 1
807 1
808 2
809 1
810 1
811 1
812 1
813 1
814 1
815 1
816 8
817 1
818 3
819 2
820 2
821 1
822 1
823 1
824 1
825 1
826 2
827 1
828 9
829 2
830 2
831 1
832 1
833 3
834 1
835 1
836 1
837 32
838 1
839 8
840 2
841 1
842 1
843 1
844 1
845 1
846 1
847 1
848 1
849 1
850 1
851 2
852 3
853 2
854 4
855 2
856 1
857 6
858 1
859 1
860 1
861 1
862 1
863 1
864 1
865 2
866 4
867 1
868 1
869 1
870 1
871 1
872 1
873 1
874 3
875 1
876 1
877 1
878 9
879 5
880 2
881 1
882 1
883 1
884 1
885 1
886 2
887 3
888 5
889 8
890 2
891 1
892 1
893 1
894 1
895 1
896 1
897 1
898 1
899 2
900 3
901 1
902 1
903 3
904 1
905 1
906 4
907 1
908 1
909 1
910 1
911 1
912 1
913 4
914 1
915 1
916 1
917 1
918 2
919 1
920 1
921 21
922 3
923 1
924 1
925 1
926 2
927 3
928 1
929 1
930 1
931 3
932 1
933 17
934 2
935 1
936 1
937 1
938 1
939 7
940 1
941 1
942 1
943 1
944 1
945 1
946 1
947 1
948 4
949 2
950 1
951 3
952 1
953 1
954 1
955 1
956 1
957 1
958 1
959 2
960 4
961 1
962 1
963 1
964 1
965 1
966 1
967 2
968 1
969 1
970 2
971 1
972 3
973 1
974 1
975 1
976 1
977 2
978 3
979 1
980 2
981 1
982 1
983 1
984 7
985 1
986 2
987 1
988 1
989 3
990 1
991 1
992 1
993 1
994 1
995 10
996 1
997 1
998 3
999 3
1000 1
1001 1
1002 1
1003 1
1004 1
1005 1
1006 1
1007 1
1008 2
1009 1
1010 1
1011 1
1012 2
1013 1
1014 6
1015 2
1016 18
1017 22
1018 1
1019 4
1020 1
1021 1
1022 1
1023 1
1024 1
1025 1
1026 1
1027 5
1028 1
1029 6
1030 1
1031 1
1032 1
1033 2
1034 1
1035 1
1036 2
1037 1
1038 6
1039 3
1040 1
1041 1
1042 1
1043 1
1044 4
1045 1
1046 2
1047 3
1048 1
1049 4
1050 5
1051 1
1052 5
1053 1
1054 1
1055 1
1056 1
1057 1
1058 1
1059 1
1060 1
1061 1
1062 1
1063 1
1064 5
1065 1
1066 1
1067 3
1068 2
1069 1
1070 1
1071 1
1072 1
1073 2
1074 1
1075 4
1076 6
1077 1
1078 1
1079 1
1080 1
1081 34
1082 1
1083 1
1084 1
1085 2
1086 1
1087 2
1088 8
1089 4
1090 1
1091 1
1092 1
1093 1
1094 2
1095 2
1096 1
1097 1
1098 3
1099 1
1100 4
1101 1
1102 1
1103 1
1104 1
1105 1
1106 2
1107 1
1108 1
1109 5
1110 1
1111 1
1112 1
1113 4
1114 3
1115 3
1116 1
1117 2
1118 1
1119 1
1120 2
1121 1
1122 2
1123 1
1124 1
1125 1
1126 1
1127 52
1128 1
1129 1
1130 1
1131 1
1132 1
1133 1
1134 1
1135 1
1136 1
1137 1
1138 1
1139 1
1140 3
1141 1
1142 2
1143 1
1144 4
1145 1
1146 1
1147 1
1148 1
1149 2
1150 1
1151 1
1152 1
1153 1
1154 3
1155 1
1156 1
1157 3
1158 8
1159 2
1160 1
1161 2
1162 1
1163 2
1164 1
1165 1
1166 1
1167 1
1168 1
1169 4
1170 1
1171 4
1172 1
1173 1
1174 1
1175 3
1176 1
1177 3
1178 1
1179 3
1180 4
1181 1
1182 1
1183 1
1184 1
1185 12
1186 1
1187 1
1188 2
1189 2
1190 3
1191 2
1192 1
1193 1
1194 1
1195 1
1196 1
1197 1
1198 1
1199 11
1200 2
1201 1
1202 1
1203 1
1204 1
1205 1
1206 1
1207 1
1208 1
1209 1
1210 1
1211 1
1212 2
1213 1
1214 3
1215 1
1216 1
1217 1
1218 1
1219 1
1220 1
1221 1
1222 5
1223 1
1224 2
1225 1
1226 2
1227 1
1228 1
1229 1
1230 1
1231 2
1232 1
1233 1
1234 1
1235 1
1236 1
1237 1
1238 2
1239 1
1240 5
1241 1
1242 1
1243 1
1244 1
1245 1
1246 1
1247 1
1248 2
1249 1
1250 2
1251 1
1252 10
1253 1
1254 1
1255 1
1256 2
1257 37
1258 1
1259 1
1260 1
1261 1
1262 1
1263 2
1264 1
1265 1
1266 1
1267 4
1268 2
1269 1
1270 3
1271 1
1272 2
1273 1
1274 2
1275 3
1276 1
1277 5
1278 257
1279 1
1280 2
1281 1
1282 7
1283 1
1284 1
1285 2
1286 1
1287 2
1288 1
1289 1
1290 1
1291 1
1292 1
1293 1
1294 1
1295 1
1296 1
1297 2
1298 1
1299 1
1300 1
1301 4
1302 1
1303 1
1304 5
1305 1
1306 1
1307 1
1308 1
1309 1
1310 1
1311 1
1312 1
1313 1
1314 1
1315 1
1316 2
1317 1
1318 1
1319 2
1320 1
1321 1
1322 1
1323 26
1324 1
1325 1
1326 1
1327 1
1328 1
1329 1
1330 2
1331 1
1332 1
1333 1
1334 1
1335 1
1336 1
1337 2
1338 1
1339 1
1340 3
1341 1
1342 2
1343 3
1344 1
1345 4
1346 1
1347 1
1348 1
1349 1
1350 1
1351 1
1352 2
1353 13
1354 3
1355 1
1356 1
1357 1
1358 3
1359 5
1360 1
1361 2
1362 1
1363 1
1364 2
1365 1
1366 5
1367 1
1368 1
1369 1
1370 1
1371 1
1372 1
1373 2
1374 1
1375 4
1376 1
1377 36
1378 1
1379 1
1380 1
1381 1
1382 3
1383 1
1384 1
1385 1
1386 1
1387 1
1388 1
1389 2
1390 1
1391 2
1392 1
1393 1
1394 1
1395 1
1396 3
1397 2
1398 3
1399 3
1400 2
1401 5
1402 10
1403 1
1404 1
1405 1
1406 4
1407 2
1408 1
1409 1
1410 6
1411 2
1412 1
1413 1
1414 10
1415 1
1416 1
1417 1
1418 1
1419 1
1420 1
1421 1
1422 1
1423 1
1424 2
1425 1
1426 1
1427 2
1428 1
1429 1
1430 1
1431 1
1432 2
1433 1
1434 2
1435 1
1436 1
1437 2
1438 1
1439 1
1440 1
1441 2
1442 1
1443 2
1444 1
1445 2
1446 3
1447 1
1448 2
1449 8
1450 6
1451 2
1452 1
1453 1
1454 10
1455 1
1456 1
1457 5
1458 8
1459 2
1460 2
1461 4
1462 1
1463 1
1464 1
1465 1
1466 1
1467 1
1468 3
1469 1
1470 1
1471 3
1472 1
1473 2
1474 1
1475 1
1476 1
1477 1
1478 1
1479 1
1480 1
1481 1
1482 1
1483 5
1484 1
1485 1
1486 1
1487 1
1488 3
1489 1
1490 1
1491 1
1492 1
1493 2
1494 1
1495 6
1496 1
1497 1
1498 1
1499 1
1500 1
1501 2
1502 1
1503 1
1504 1
1505 1
1506 8
1507 4
1508 1
1509 12
1510 1
1511 1
1512 1
1513 2
1514 2
1515 2
1516 3
1517 2
1518 1
1519 1
1520 4
1521 1
1522 1
1523 1
1524 1
1525 7
1526 1
1527 1
1528 1
1529 2
1530 1
1531 1
1532 2
1533 1
1534 9
1535 1
1536 1
1537 1
1538 17
1539 1
1540 3
1541 1
1542 5
1543 1
1544 1
1545 1
1546 2
1547 1
1548 6
1549 1
1550 2
1551 1
1552 1
1553 4
1554 1
1555 1
1556 1
1557 1
1558 1
1559 4
1560 5
1561 1
1562 1
1563 2
1564 1
1565 1
1566 1
1567 2
1568 1
1569 1
1570 2
1571 2
1572 1
1573 1
1574 1
1575 3
1576 1
1577 1
1578 3
1579 2
1580 15
1581 1
1582 5
1583 2
1584 1
1585 1
1586 2
1587 3
1588 1
1589 1
1590 1
1591 1
1592 1
1593 1
1594 5
1595 1
1596 2
1597 1
1598 1
1599 1
1600 1
1601 1
1602 2
1603 2
1604 1
1605 1
1606 2
1607 1
1608 2
1609 2
1610 2
1611 1
1612 2
1613 4
1614 1
1615 1
1616 1
1617 1
1618 1
1619 7
1620 1
1621 1
1622 2
1623 3
1624 1
1625 1
1626 1
1627 1
1628 1
1629 1
1630 1
1631 1
1632 1
1633 1
1634 1
1635 22
1636 1
1637 1
1638 1
1639 23
1640 1
1641 3
1642 1
1643 1
1644 4
1645 5
1646 1
1647 2
1648 1
1649 1
1650 1
1651 1
1652 1
1653 1
1654 2
1655 1
1656 2
1657 1
1658 1
1659 1
1660 1
1661 2
1662 2
1663 1
1664 2
1665 1
1666 1
1667 1
1668 1
1669 1
1670 1
1671 1
1672 3
1673 1
1674 1
1675 10
1676 10
1677 1
1678 1
1679 2
1680 1
1681 9
1682 1
1683 1
1684 1
1685 1
1686 1
1687 1
1688 1
1689 1
1690 1
1691 1
1692 2
1693 1
1694 2
1695 1
1696 1
1697 3
1698 1
1699 8
1700 1
1701 1
1702 1
1703 1
1704 1
1705 2
1706 1
1707 4
1708 1
1709 2
1710 1
1711 2
1712 1
1713 1
1714 1
1715 3
1716 2
1717 1
1718 1
1719 3
1720 1
1721 2
1722 3
1723 1
1724 1
1725 2
1726 1
1727 1
1728 2
1729 1
1730 1
1731 1
1732 1
1733 1
1734 14
1735 1
1736 2
1737 1
1738 4
1739 1
1740 1
1741 2
1742 2
1743 1
1744 3
1745 1
1746 1
1747 3
1748 1
1749 1
1750 1
1751 4
1752 1
1753 1
1754 1
1755 1
1756 5
1757 1
1758 1
1759 1
1760 2
1761 1
1762 4
1763 1
1764 4
1765 2
1766 1
1767 10
1768 1
1769 6
1770 1
1771 1
1772 6
1773 1
1774 1
1775 1
1776 6
1777 1
1778 2
1779 2
1780 1
1781 1
1782 1
1783 1
1784 1
1785 1
1786 1
1787 1
1788 1
1789 2
1790 2
1791 1
1792 1
1793 1
1794 1
1795 5
1796 2
1797 1
1798 1
1799 1
1800 1
1801 1
1802 4
1803 1
1804 1
1805 3
1806 1
1807 1
1808 1
1809 2
1810 1
1811 1
1812 1
1813 16
1814 1
1815 1
1816 1
1817 1
1818 1
1819 1
1820 6
1821 2
1822 3
1823 1
1824 3
1825 1
1826 1
1827 1
1828 2
1829 2
1830 1
1831 2
1832 1
1833 1
1834 1
1835 2
1836 1
1837 1
1838 2
1839 1
1840 1
1841 1
1842 1
1843 1
1844 3
1845 1
1846 1
1847 1
1848 2
1849 1
1850 1
1851 2
1852 1
1853 1
1854 21
1855 1
1856 1
1857 7
1858 1
1859 1
1860 1
1861 1
1862 2
1863 1
1864 1
1865 1
1866 1
1867 1
1868 1
1869 1
1870 3
1871 2
1872 46
1873 1
1874 1
1875 1
1876 1
1877 5
1878 1
1879 1
1880 1
1881 1
1882 1
1883 5
1884 1
1885 1
1886 1
1887 3
1888 1
1889 6
1890 1
1891 1
1892 1
1893 1
1894 1
1895 1
1896 1
1897 1
1898 1
1899 1
1900 5
1901 3
1902 7
1903 3
1904 1
1905 1
1906 2
1907 1
1908 1
1909 1
1910 2
1911 1
1912 6
1913 1
1914 1
1915 1
1916 13
1917 1
1918 1
1919 1
1920 1
1921 1
1922 3
1923 2
1924 1
1925 1
1926 2
1927 1
1928 1
1929 3
1930 1
1931 1
1932 1
1933 1
1934 1
1935 1
1936 1
1937 27
1938 1
1939 1
1940 1
1941 1
1942 1
1943 1
1944 1
1945 1
1946 1
1947 2
1948 2
1949 1
1950 2
1951 3
1952 1
1953 1
1954 1
1955 7
1956 1
1957 1
1958 29
1959 2
1960 1
1961 1
1962 2
1963 2
1964 3
1965 5
1966 1
1967 1
1968 1
1969 1
1970 10
1971 1
1972 6
1973 2
1974 6
1975 4
1976 31
1977 1
1978 1
1979 1
1980 1
1981 1
1982 1
1983 6
1984 1
1985 1
1986 1
1987 1
1988 1
1989 1
1990 15
1991 2
1992 3
1993 1
1994 1
1995 2
1996 1
1997 1
1998 3
1999 1
2000 1
2001 1
2002 1
2003 1
2004 1
2005 1
2006 1
2007 1
2008 4
2009 1
2010 1
2011 2
2012 2
2013 2
2014 1
2015 1
2016 1
2017 1
2018 2
2019 1
2020 1
2021 1
2022 1
2023 1
2024 4
2025 1
2026 1
2027 1
2028 1
2029 1
2030 364
2031 1
2032 1
2033 1
2034 1
2035 1
2036 1
2037 3
2038 1
2039 1
2040 1
2041 1
2042 1
2043 1
2044 1
2045 1
2046 1
2047 1
2048 2
2049 1
2050 1
2051 1
2052 3
2053 4
2054 3
2055 5
2056 1
2057 1
2058 1
2059 1
2060 1
2061 1
2062 2
2063 1
2064 1
2065 1
2066 1
2067 1
2068 1
2069 1
2070 1
2071 2
2072 1
2073 2
2074 1
2075 7
2076 1
2077 1
2078 1
2079 1
2080 1
2081 1
2082 4
2083 1
2084 1
2085 1
2086 1
2087 1
2088 1
2089 1
2090 1
2091 2
2092 11
2093 1
2094 1
2095 3
2096 1
2097 1
2098 4
2099 1
2100 1
2101 8
2102 2
2103 2
2104 2
2105 1
2106 1
2107 5
2108 3
2109 13
2110 1
2111 1
2112 1
2113 2
2114 1
2115 1
2116 2
2117 1
2118 1
2119 1
2120 1
2121 1
2122 1
2123 2
2124 1
2125 1
2126 2
2127 4
2128 1
2129 2
2130 1
2131 1
2132 3
2133 2
2134 14
2135 1
2136 1
2137 1
2138 1
2139 12
2140 1
2141 5
2142 1
2143 1
2144 1
2145 1
2146 1
2147 4
2148 2
2149 1
2150 1
2151 1
2152 7
2153 1
2154 1
2155 1
2156 1
2157 1
2158 2
2159 4
2160 1
2161 2
2162 1
2163 3
2164 5
2165 1
2166 1
2167 4
2168 2
2169 1
2170 4
2171 1
2172 2
2173 1
2174 3
2175 1
2176 1
2177 3
2178 1
2179 1
2180 1
2181 1
2182 1
2183 1
2184 1
2185 2
2186 3
2187 1
2188 1
2189 1
2190 1
2191 1
2192 6
2193 7
2194 1
2195 3
2196 1
2197 1
2198 1
2199 2
2200 1
2201 1
2202 1
2203 1
2204 1
2205 1
2206 1
2207 1
2208 1
2209 1
2210 1
2211 1
2212 1
2213 1
2214 2
2215 1
2216 2
2217 1
2218 4
2219 2
2220 1
2221 1
2222 1
2223 1
2224 1
2225 7
2226 1
2227 1
2228 1
2229 1
2230 1
2231 1
2232 1
2233 2
2234 5
2235 1
2236 1
2237 2
2238 1
2239 2
2240 2
2241 4
2242 1
2243 1
2244 3
2245 4
2246 1
2247 1
2248 2
2249 2
2250 2
2251 1
2252 1
2253 4
2254 1
2255 1
2256 1
2257 1
2258 3
2259 1
2260 1
2261 1
2262 1
2263 2
2264 1
2265 4
2266 1
2267 2
2268 1
2269 2
2270 1
2271 3
2272 1
2273 1
2274 1
2275 2
2276 1
2277 1
2278 1
2279 1
2280 1
2281 22
2282 1
2283 1
2284 7
2285 2
2286 1
2287 1
2288 1
2289 1
2290 1
2291 1
2292 1
2293 10
2294 1
2295 1
2296 2
2297 2
2298 1
2299 2
2300 1
2301 7
2302 1
2303 1
2304 1
2305 1
2306 1
2307 14
2308 1
2309 1
2310 1
2311 1
2312 2
2313 1
2314 1
2315 2
2316 1
2317 1
2318 2
2319 3
2320 183
2321 2
2322 1
2323 9
2324 1
2325 1
2326 1
2327 1
2328 1
2329 31
2330 1
2331 1
2332 2
2333 1
2334 1
2335 1
2336 2
2337 1
2338 1
2339 1
2340 4
2341 1
2342 1
2343 4
2344 1
2345 1
2346 3
2347 1
2348 1
2349 4
2350 3
2351 1
2352 1
2353 1
2354 64
2355 4
2356 1
2357 1
2358 6
2359 1
2360 1
2361 1
2362 1
2363 1
2364 1
2365 2
2366 1
2367 1
2368 1
2369 2
2370 1
2371 2
2372 8
2373 5
2374 1
2375 1
2376 5
2377 1
2378 1
2379 1
2380 1
2381 1
2382 4
2383 1
2384 2
2385 2
2386 1
2387 1
2388 1
2389 1
2390 2
2391 1
2392 1
2393 1
2394 2
2395 14
2396 1
2397 1
2398 1
2399 1
2400 1
2401 1
2402 1
2403 1
2404 1
2405 1
2406 1
2407 1
2408 1
2409 1
2410 1
2411 12
2412 1
2413 1
2414 1
2415 1
2416 1
2417 1
2418 1
2419 1
2420 1
2421 2
2422 8
2423 2
2424 2
2425 8
2426 1
2427 1
2428 2
2429 1
2430 1
2431 3
2432 13
2433 1
2434 1
2435 2
2436 1
2437 3
2438 1
2439 2
2440 1
2441 1
2442 1
2443 1
2444 2
2445 1
2446 1
2447 1
2448 1
2449 1
2450 2
2451 2
2452 1
2453 1
2454 1
2455 1
2456 1
2457 3
2458 1
2459 2
2460 20
2461 1
2462 1
2463 1
2464 1
2465 1
2466 1
2467 1
2468 1
2469 2
2470 1
2471 1
2472 1
2473 1
2474 5
2475 10
2476 1
2477 2
2478 1
2479 2
2480 3
2481 4
2482 1
2483 1
2484 1
2485 1
2486 2
2487 1
2488 2
2489 60
2490 1
2491 1
2492 1
2493 1
2494 2
2495 2
2496 1
2497 1
2498 3
2499 1
2500 1
2501 1
2502 1
2503 1
2504 2
2505 1
2506 1
2507 1
2508 2
2509 2
2510 7
2511 1
2512 1
2513 1
2514 1
2515 1
2516 2
2517 1
2518 1
2519 1
2520 1
2521 1
2522 1
2523 4
2524 1
2525 1
2526 1
2527 1
2528 1
2529 3
2530 2
2531 1
2532 2
2533 1
2534 1
2535 1
2536 1
2537 2
2538 1
2539 2
2540 2
2541 4
2542 3
2543 1
2544 1
2545 2
2546 1
2547 1
2548 1
2549 4
2550 1
2551 1
2552 1
2553 19
2554 4
2555 1
2556 3
2557 1
2558 2
2559 1
2560 1
2561 1
2562 1
2563 1
2564 3
2565 1
2566 1
2567 1
2568 2
2569 1
2570 1
2571 1
2572 3
2573 1
2574 1
2575 3
2576 6
2577 2
2578 1
2579 1
2580 7
2581 2
2582 1
2583 3
2584 1
2585 1
2586 1
2587 1
2588 1
2589 1
2590 1
2591 1
2592 7
2593 1
2594 1
2595 1
2596 13
2597 1
2598 1
2599 1
2600 1
2601 4
2602 1
2603 1
2604 1
2605 1
2606 1
2607 2
2608 1
2609 1
2610 2
2611 2
2612 1
2613 4
2614 1
2615 6
2616 1
2617 1
2618 1
2619 13
2620 1
2621 2
2622 1
2623 1
2624 1
2625 1
2626 6
2627 1
2628 1
2629 1
2630 1
2631 1
2632 1
2633 3
2634 2
2635 1
2636 1
2637 1
2638 32
2639 1
2640 2
2641 1
2642 1
2643 2
2644 5
2645 3
2646 1
2647 1
2648 1
2649 1
2650 1
2651 1
2652 2
2653 1
2654 7
2655 1
2656 1
2657 1
2658 1
2659 1
2660 2
2661 1
2662 1
2663 1
2664 1
2665 4
2666 1
2667 1
2668 1
2669 3
2670 6
2671 7
2672 1
2673 1
2674 1
2675 7
2676 3
2677 1
2678 1
2679 1
2680 1
2681 1
2682 1
2683 1
2684 2
2685 1
2686 3
2687 1
2688 2
2689 1
2690 1
2691 1
2692 9
2693 1
2694 5
2695 1
2696 1
2697 52
2698 2
2699 1
2700 1
2701 1
2702 1
2703 1
2704 1
2705 1
2706 1
2707 4
2708 1
2709 1
2710 33
2711 23
2712 7
2713 1
2714 1
2715 1
2716 1
2717 1
2718 1
2719 12
2720 2
2721 1
2722 1
2723 1
2724 2
2725 1
2726 4
2727 1
2728 1
2729 1
2730 1
2731 1
2732 10
2733 1
2734 1
2735 3
2736 1
2737 1
2738 1
2739 1
2740 1
2741 1
2742 2
2743 20
2744 1
2745 1
2746 2
2747 4
2748 1
2749 3
2750 1
2751 1
2752 1
2753 1
2754 1
2755 1
2756 2
2757 2
2758 15
2759 1
2760 1
2761 1
2762 1
2763 4
2764 1
2765 3
2766 1
2767 1
2768 2
2769 10
2770 5
2771 1
2772 2
2773 244
2774 1
2775 1
2776 1
2777 3
2778 1
2779 2
2780 1
2781 1
2782 1
2783 1
2784 1
2785 1
2786 1
2787 1
2788 2
2789 1
2790 1
2791 1
2792 1
2793 1
2794 4
2795 1
2796 1
2797 1
2798 1
2799 1
2800 1
2801 1
2802 1
2803 3
2804 3
2805 1
2806 2
2807 10
2808 4
2809 1
2810 3
2811 1
2812 1
2813 1
2814 1
2815 1
2816 1
2817 1
2818 2
2819 1
2820 1
2821 1
2822 1
2823 1
2824 2
2825 1
2826 1
2827 1
2828 1
2829 1
2830 4
2831 3
2832 1
2833 2
2834 1
2835 2
2836 1
2837 1
2838 1
2839 1
2840 1
2841 2
2842 2
2843 1
2844 1
2845 3
2846 1
2847 1
2848 2
2849 1
2850 2
2851 1
2852 1
2853 1
2854 1
2855 1
2856 2
2857 5
2858 1
2859 1
2860 3
2861 1
2862 2
2863 1
2864 34
2865 9
2866 1
2867 1
2868 1
2869 2
2870 1
2871 1
2872 1
2873 2
2874 1
2875 1
2876 1
2877 1
2878 1
2879 1
2880 1
2881 3
2882 1
2883 1
2884 1
2885 1
2886 1
2887 1
2888 1
2889 1
2890 1
2891 1
2892 3
2893 5
2894 1
2895 1
2896 1
2897 1
2898 1
2899 10
2900 1
2901 1
2902 1
2903 1
2904 1
2905 1
2906 2
2907 3
2908 2
2909 3
2910 1
2911 2
2912 1
2913 1
2914 5
2915 1
2916 3
2917 1
2918 1
2919 1
2920 3
2921 1
2922 1
2923 1
2924 1
2925 1
2926 1
2927 1
2928 1
2929 5
2930 1
2931 1
2932 6
2933 1
2934 1
2935 2
2936 1
2937 2
2938 1
2939 2
2940 1
2941 3
2942 3
2943 1
2944 1
2945 1
2946 2
2947 1
2948 1
2949 2
2950 1
2951 7
2952 1
2953 1
2954 1
2955 1
2956 1
2957 1
2958 1
2959 3
2960 1
2961 1
2962 1
2963 1
2964 1
2965 5
2966 1
2967 1
2968 1
2969 1
2970 6
2971 2
2972 1
2973 1
2974 1
2975 1
2976 1
2977 1
2978 1
2979 3
2980 1
2981 1
2982 2
2983 1
2984 9
2985 3
2986 1
2987 1
2988 1
2989 2
2990 1
2991 7
2992 2
2993 3
2994 1
2995 2
2996 1
2997 1
2998 1
2999 1
3000 2
3001 1
3002 1
3003 1
3004 1
3005 3
3006 3
3007 1
3008 1
3009 1
3010 23
3011 2
3012 1
3013 1
3014 11
3015 1
3016 1
3017 1
3018 4
3019 1
3020 4
3021 3
3022 3
3023 1
3024 3
3025 1
3026 1
3027 1
3028 5
3029 1
3030 1
3031 2
3032 5
3033 4
3034 1
3035 1
3036 1
3037 1
3038 1
3039 1
3040 1
3041 4
3042 1
3043 1
3044 2
3045 1
3046 1
3047 1
3048 4
3049 1
3050 1
3051 6
3052 5
3053 1
3054 1
3055 1
3056 2
3057 3
3058 1
3059 1
3060 1
3061 1
3062 1
3063 1
3064 1
3065 1
3066 3
3067 1
3068 1
3069 2
3070 1
3071 1
3072 1
3073 3
3074 1
3075 1
3076 3
3077 4
3078 1
3079 1
3080 1
3081 1
3082 1
3083 1
3084 1
3085 1
3086 1
3087 1
3088 1
3089 1
3090 3
3091 1
3092 2
3093 1
3094 1
3095 3
3096 1
3097 1
3098 9
3099 1
3100 1
3101 1
3102 1
3103 1
3104 1
3105 1
3106 1
3107 1
3108 2
3109 6
3110 2
3111 1
3112 1
3113 1
3114 1
3115 1
3116 3
3117 2
3118 1
3119 1
3120 3
