0 1346
1 5
2 23
3 1
4 1
5 5
6 1
7 1
8 1
9 1
10 20
11 1
12 1
13 3
14 1
15 13
16 2
17 1
18 1
19 1
20 1
21 1
22 1
23 2
24 1
25 1
26 1
27 1
28 1
29 1
30 1
31 3
32 1
33 1
34 4
35 6
36 1
37 1
38 5
39 1
40 7
41 1
42 1
43 1
44 1
45 1
46 1
47 1
48 1
49 1
50 1
51 1
52 1
53 1
54 1
55 1
56 1
57 1
58 1
59 1
60 1
61 1
62 2
63 1
64 1
65 2
66 3
67 1
68 1
69 1
70 1
71 1
72 1
73 1
74 37
75 2
76 1
77 2
78 1
79 1
80 4
81 2
82 1
83 1
84 9
85 1
86 1
87 5
88 1
89 2
90 2
91 9
92 1
93 1
94 1
95 4
96 2
97 1
98 1
99 1
100 1
101 1
102 1
103 5
104 5
105 1
106 1
107 1
108 1
109 6
110 1
111 1
112 2
113 1
114 1
115 3
116 7
117 1
118 21
119 3
120 1
121 1
122 1
123 1
124 2
125 1
126 1
127 1
128 1
129 1
130 1
131 1
132 1
133 2
134 1
135 1
136 1
137 1
138 2
139 4
140 3
141 1
142 2
143 1
144 1
145 2
146 1
147 1
148 1
149 2
150 1
151 1
152 2
153 1
154 4
155 1
156 1
157 1
158 2
159 1
160 1
161 3
162 1
163 1
164 1
165 1
166 1
167 1
168 5
169 1
170 1
171 1
172 1
173 2
174 1
175 3
176 1
177 7
178 1
179 1
180 1
181 1
182 1
183 2
184 1
185 1
186 1
187 1
188 1
189 1
190 1
191 1
192 1
193 3
194 18
195 1
196 1
197 1
198 2
199 3
200 3
201 2
202 1
203 1
204 2
205 1
206 1
207 2
208 1
209 1
210 3
211 1
212 1
213 67
214 2
215 5
216 4
217 1
218 2
219 2
220 2
221 2
222 1
223 1
224 1
225 1
226 5
227 2
228 1
229 2
230 1
231 1
232 3
233 2
234 1
235 1
236 1
237 2
238 1
239 1
240 1
241 1
242 1
243 1
244 1
245 1
246 1
247 1
248 1
249 1
250 34
251 1
252 7
253 6
254 1
255 1
256 1
257 1
258 8
259 3
260 2
261 1
262 24
263 1
264 1
265 1
266 1
267 2
268 1
269 1
270 1
271 1
272 3
273 3
274 2
275 2
276 10
277 1
278 1
279 1
280 3
281 2
282 1
283 3
284 1
285 1
286 2
287 1
288 1
289 2
290 1
291 1
292 6
293 1
294 1
295 2
296 18
297 12
298 1
299 1
300 1
301 2
302 1
303 1
304 2
305 1
306 1
307 1
308 1
309 20
310 1
311 1
312 6
313 1
314 1
315 2
316 1
317 1
318 1
319 1
320 1
321 1
322 1
323 12
324 1
325 1
326 1
327 1
328 1
329 1
330 1
331 1
332 1
333 2
334 1
335 2
336 2
337 14
338 1
339 9
340 1
341 1
342 1
343 1
344 1
345 2
346 7
347 5
348 1
349 2
350 1
351 1
352 1
353 1
354 1
355 1
356 1
357 1
358 1
359 1
360 1
361 3
362 9
363 2
364 1
365 1
366 1
367 3
368 1
369 1
370 1
371 1
372 1
373 1
374 1
375 1
376 3
377 2
378 24
379 2
380 1
381 4
382 1
383 1
384 1
385 1
386 1
387 7
388 1
389 2
390 1
391 1
392 1
393 1
394 1
395 1
396 1
397 1
398 1
399 1
400 1
401 1
402 2
403 1
404 1
405 1
406 2
407 2
408 1
409 1
410 1
411 1
412 2
413 1
414 1
415 1
416 1
417 1
418 3
419 2
420 1
421 1
422 2
423 1
424 1
425 1
426 1
427 1
428 3
429 1
430 1
431 1
432 2
433 1
434 1
435 1
436 1
437 1
438 1
439 1
440 1
441 2
442 1
443 1
444 1
445 1
446 1
447 1
448 2
449 1
450 33
451 1
452 1
453 1
454 2
455 1
456 1
457 1
458 1
459 6
460 1
461 1
462 8
463 1
464 1
465 1
466 2
467 3
468 1
469 1
470 6
471 1
472 3
473 1
474 4
475 1
476 9
477 1
478 14
479 1
480 1
481 1
482 1
483 1
484 1
485 1
486 1
487 1
488 1
489 1
490 2
491 1
492 1
493 24
494 40
495 4
496 1
497 1
498 1
499 1
500 1
501 2
502 2
503 1
504 1
505 1
506 4
507 1
508 1
509 1
510 1
511 1
512 1
513 1
514 10
515 1
516 2
517 1
518 1
519 3
520 1
521 1
522 8
523 1
524 4
525 1
526 1
527 1
528 10
529 6
530 1
531 1
532 14
533 2
534 3
535 1
536 1
537 15
538 1
539 5
540 1
541 1
542 1
543 1
544 2
545 1
546 2
547 2
548 3
549 1
550 1
551 2
552 1
553 2
554 3
555 1
556 1
557 1
558 4
559 1
560 3
561 1
562 2
563 1
564 1
565 2
566 1
567 1
568 1
569 1
570 1
571 1
572 1
573 3
574 2
575 236
576 1
577 12
578 1
579 1
580 1
581 1
582 2
583 2
584 3
585 1
586 2
587 1
588 2
589 1
590 1
591 1
592 1
593 1
594 1
595 1
596 1
597 1
598 1
599 1
600 1
601 2
602 1
603 1
604 1
605 1
606 1
607 1
608 1
609 3
610 2
611 1
612 1
613 14
614 2
615 1
616 1
617 1
618 2
619 1
620 4
621 1
622 2
623 1
624 4
625 2
626 110
627 1
628 1
629 1
630 1
631 1
632 2
633 1
634 1
635 1
636 1
637 1
638 1
639 1
640 1
641 1
642 9
643 1
644 1
645 2
646 1
647 1
648 1
649 4
650 2
651 1
652 1
653 1
654 2
655 1
656 1
657 1
658 3
659 1
660 2
661 1
662 1
663 3
664 2
665 4
666 1
667 1
668 1
669 1
670 1
671 1
672 1
673 1
674 1
675 1
676 2
677 1
678 1
679 1
680 2
681 5
682 1
683 2
684 1
685 1
686 1
687 1
688 1
689 1
690 3
691 5
692 1
693 13
694 1
695 2
696 1
697 1
698 1
699 1
700 2
701 3
702 1
703 1
704 1
705 8
706 1
707 1
708 1
709 1
710 1
711 2
712 3
713 1
714 1
715 2
716 2
717 3
718 1
719 5
720 1
721 2
722 1
723 1
724 1
725 1
726 1
727 1
728 1
729 8
730 1
731 1
732 1
733 1
734 1
735 2
736 2
737 1
738 1
739 1
740 1
741 1
742 1
743 1
744 1
745 6
746 1
747 1
748 1
749 1
750 1
751 1
752 1
753 1
754 1
755 1
756 1
757 1
758 1
759 1
760 2
761 1
762 1
763 2
764 6
765 1
766 1
767 1
768 1
769 1
770 1
771 1
772 1
773 1
774 4
775 1
776 1
777 2
778 1
779 3
780 1
781 3
782 1
783 2
784 1
785 1
786 1
787 1
788 1
789 2
790 1
791 1
792 1
793 1
794 1
795 27
796 20
797 1
798 1
799 1
800 1
801 3
802 1
803 1
804 4
805 1
806 1
807 2
808 2
809 1
810 1
811 2
812 2
813 1
814 1
815 1
816 2
817 3
818 1
819 1
820 1
821 1
822 1
823 8
824 2
825 1
826 1
827 1
828 1
829 1
830 1
831 1
832 14
833 1
834 1
835 12
836 1
837 1
838 1
839 1
840 2
841 7
842 1
843 4
844 5
845 3
846 1
847 1
848 3
849 3
850 1
851 1
852 1
853 1
854 1
855 1
856 1
857 1
858 1
859 1
860 2
861 1
862 3
863 1
864 5
865 1
866 1
867 1
868 1
869 2
870 2
871 1
872 1
873 18
874 4
875 3
876 2
877 1
878 1
879 1
880 4
881 3
882 1
883 1
884 1
885 1
886 5
887 2
888 10
889 1
890 1
891 1
892 1
893 1
894 1
895 1
896 2
897 1
898 2
899 6
900 2
901 1
902 3
903 1
904 1
905 1
906 1
907 1
908 1
909 1
910 1
911 1
912 33
913 1
914 2
915 3
916 1
917 1
918 1
919 2
920 1
921 1
922 2
923 1
924 1
925 2
926 3
927 1
928 1
929 1
930 1
931 1
932 1
933 1
934 1
935 3
936 3
937 1
938 2
939 1
940 1
941 1
942 1
943 1
944 1
945 1
946 9
947 2
948 1
949 2
950 1
951 1
952 9
953 1
954 8
955 1
956 1
957 1
958 2
959 2
960 1
961 2
962 1
963 1
964 1
965 1
966 1
967 1
968 1
969 1
970 1
971 7
972 1
973 4
974 1
975 1
976 25
977 16
978 1
979 2
980 1
981 1
982 5
983 6
984 3
985 1
986 1
987 1
988 1
989 1
990 1
991 1
992 1
993 1
994 3
995 1
996 1
997 1
998 1
999 2
1000 1
1001 3
1002 2
1003 1
1004 1
1005 2
1006 1
1007 6
1008 1
1009 1
1010 1
1011 3
1012 4
1013 2
1014 1
1015 2
1016 1
1017 2
1018 1
1019 1
1020 3
1021 1
1022 1
1023 1
1024 1
1025 2
1026 1
1027 2
1028 1
1029 1
1030 1
1031 3
1032 1
1033 1
1034 1
1035 2
1036 3
1037 2
1038 1
1039 1
1040 1
1041 1
1042 1
1043 1
1044 1
1045 2
1046 2
1047 1
1048 14
1049 4
1050 1
1051 3
1052 2
1053 2
1054 1
1055 3
1056 1
1057 1
1058 1
1059 1
1060 3
1061 1
1062 1
1063 2
1064 4
1065 1
1066 1
1067 1
1068 1
1069 2
1070 1
1071 1
1072 4
1073 2
1074 1
1075 1
1076 3
1077 2
1078 1
1079 1
1080 1
1081 1
1082 3
1083 2
1084 4
1085 1
1086 1
1087 1
1088 1
1089 1
1090 1
1091 2
1092 6
1093 1
1094 64
1095 2
1096 1
1097 1
1098 1
1099 1
1100 2
1101 2
1102 1
1103 1
1104 1
1105 1
1106 2
1107 1
1108 1
1109 1
1110 1
1111 2
1112 1
1113 1
1114 1
1115 10
1116 1
1117 1
1118 3
1119 1
1120 1
1121 3
1122 1
1123 2
1124 2
1125 1
1126 1
1127 1
1128 2
1129 2
1130 1
1131 1
1132 1
1133 1
1134 5
1135 2
1136 1
1137 1
1138 4
1139 1
1140 2
1141 4
1142 1
1143 12
1144 1
1145 1
1146 1
1147 1
1148 2
1149 1
1150 1
1151 1
1152 1
1153 1
1154 1
1155 1
1156 1
1157 11
1158 1
1159 1
1160 1
1161 1
1162 1
1163 1
1164 1
1165 1
1166 1
1167 2
1168 4
1169 1
1170 1
1171 6
1172 3
1173 1
1174 2
1175 2
1176 1
1177 1
1178 2
1179 1
1180 3
1181 1
1182 2
1183 1
1184 1
1185 1
1186 1
1187 3
1188 1
1189 4
1190 1
1191 1
1192 1
1193 1
1194 1
1195 2
1196 1
1197 1
1198 12
1199 2
1200 1
1201 2
1202 7
1203 1
1204 2
1205 1
1206 2
1207 1
1208 1
1209 1
1210 4
1211 1
1212 1
1213 1
1214 47
1215 1
1216 1
1217 1
1218 1
1219 1
1220 1
1221 1
1222 1
1223 1
1224 1
1225 1
1226 2
1227 1
1228 1
1229 1
1230 1
1231 1
1232 1
1233 1
1234 1
1235 7
1236 2
1237 1
1238 1
1239 1
1240 5
1241 3
1242 1
1243 1
1244 1
1245 280
1246 1
1247 1
1248 1
1249 1
1250 1
1251 1
1252 1
1253 1
1254 1
1255 1
1256 1
1257 1
1258 2
1259 1
1260 2
1261 1
1262 1
1263 3
1264 1
1265 1
1266 1
1267 2
1268 3
1269 1
1270 1
1271 1
1272 5
1273 2
1274 1
1275 4
1276 1
1277 2
1278 1
1279 1
1280 1
1281 1
1282 1
1283 6
1284 2
1285 1
1286 1
1287 3
1288 43
1289 3
1290 1
1291 3
1292 5
1293 6
1294 1
1295 1
1296 1
1297 1
1298 1
1299 1
1300 4
1301 1
1302 1
1303 1
1304 1
1305 5
1306 1
1307 1
1308 1
1309 5
1310 1
1311 1
1312 1
1313 1
1314 1
1315 2
1316 1
1317 2
1318 1
1319 5
1320 1
1321 2
1322 1
1323 1
1324 11
1325 1
1326 1
1327 1
1328 1
1329 1
1330 8
1331 1
1332 1
1333 3
1334 1
1335 1
1336 1
1337 4
1338 7
1339 1
1340 1
1341 2
1342 1
1343 1
1344 8
1345 1
1346 1
1347 1
1348 1
1349 4
1350 3
1351 1
1352 1
1353 1
1354 1
1355 2
1356 1
1357 2
1358 1
1359 1
1360 3
1361 1
1362 1
1363 2
1364 1
1365 2
1366 1
1367 2
1368 1
1369 2
1370 1
1371 2
1372 1
1373 1
1374 1
1375 1
1376 1
1377 5
1378 12
1379 1
1380 3
1381 5
1382 3
1383 9
1384 1
1385 1
1386 10
1387 1
1388 8
1389 5
1390 2
1391 1
1392 1
1393 5
1394 2
1395 1
1396 1
1397 1
1398 1
1399 1
1400 1
1401 4
1402 1
1403 4
1404 1
1405 1
1406 1
1407 1
1408 1
1409 1
1410 1
1411 2
1412 9
1413 1
1414 1
1415 2
1416 6
1417 1
1418 1
1419 2
1420 1
1421 5
1422 1
1423 1
1424 2
1425 2
1426 7
1427 1
1428 7
1429 4
1430 1
1431 6
1432 1
1433 3
1434 1
1435 1
1436 1
1437 7
1438 1
1439 1
1440 6
1441 1
1442 1
1443 1
1444 1
1445 1
1446 1
1447 1
1448 1
1449 1
1450 1
1451 1
1452 1
1453 2
1454 1
1455 1
1456 1
1457 8
1458 1
1459 1
1460 1
1461 1
1462 1
1463 1
1464 1
1465 1
1466 1
1467 1
1468 1
1469 1
1470 6
1471 1
1472 3
1473 2
1474 1
1475 1
1476 1
1477 2
1478 1
1479 1
1480 2
1481 1
1482 1
1483 1
1484 1
1485 1
1486 1
1487 2
1488 1
1489 1
1490 2
1491 2
1492 7
1493 2
1494 1
1495 1
1496 1
1497 3
1498 1
1499 1
1500 2
1501 1
1502 3
1503 8
1504 1
1505 14
1506 1
1507 1
1508 1
1509 1
1510 2
1511 3
1512 2
1513 1
1514 4
1515 1
1516 1
1517 1
1518 1
1519 5
1520 3
1521 1
1522 1
1523 1
1524 1
1525 1
1526 1
1527 1
1528 2
1529 3
1530 2
1531 1
1532 2
1533 1
1534 4
1535 3
1536 1
1537 1
1538 1
1539 1
1540 19
1541 2
1542 1
1543 1
1544 1
1545 1
1546 5
1547 1
1548 2
1549 3
1550 2
1551 1
1552 2
1553 1
1554 1
1555 1
1556 1
1557 1
1558 1
1559 2
1560 2
1561 1
1562 1
1563 1
1564 2
1565 1
1566 1
1567 1
1568 1
1569 1
1570 1
1571 1
1572 1
1573 1
1574 1
1575 1
1576 1
1577 1
1578 1
1579 1
1580 1
1581 1
1582 2
1583 1
1584 2
1585 1
1586 1
1587 6
1588 3
1589 1
1590 4
1591 1
1592 1
1593 1
1594 3
1595 7
1596 1
1597 1
1598 2
1599 1
1600 1
1601 14
1602 2
1603 3
1604 1
1605 30
1606 1
1607 1
1608 7
1609 3
1610 3
1611 1
1612 3
1613 1
1614 2
1615 1
1616 4
1617 1
1618 1
1619 4
1620 1
1621 1
1622 1
1623 1
1624 1
1625 1
1626 1
1627 1
1628 1
1629 7
1630 1
1631 1
1632 1
1633 2
1634 1
1635 1
1636 1
1637 1
1638 1
1639 1
1640 1
1641 1
1642 18
1643 4
1644 1
1645 1
1646 20
1647 4
1648 1
1649 4
1650 3
1651 1
1652 4
1653 1
1654 1
1655 1
1656 1
1657 1
1658 1
1659 1
1660 1
1661 1
1662 1
1663 3
1664 1
1665 1
1666 1
1667 1
1668 1
1669 8
1670 1
1671 1
1672 1
1673 1
1674 2
1675 1
1676 2
1677 2
1678 1
1679 7
1680 2
1681 1
1682 4
1683 1
1684 4
1685 1
1686 8
1687 1
1688 2
1689 1
1690 1
1691 1
1692 2
1693 1
1694 5
1695 1
1696 3
1697 2
1698 1
1699 1
1700 1
1701 1
1702 1
1703 1
1704 1
1705 1
1706 1
1707 2
1708 22
1709 10
1710 1
1711 3
1712 1
1713 1
1714 1
1715 1
1716 2
1717 2
1718 1
1719 2
1720 1
1721 1
1722 3
1723 1
1724 1
1725 1
1726 1
1727 2
1728 1
1729 2
1730 1
1731 1
1732 2
1733 1
1734 1
1735 1
1736 1
1737 3
1738 2
1739 1
1740 6
1741 1
1742 1
1743 3
1744 1
1745 1
1746 1
1747 1
1748 3
1749 1
1750 5
1751 1
1752 4
1753 1
1754 1
1755 3
1756 4
1757 5
1758 4
1759 1
1760 2
1761 1
1762 1
1763 2
1764 1
1765 1
1766 18
1767 1
1768 2
1769 1
1770 1
1771 1
1772 1
1773 1
1774 3
1775 1
1776 5
1777 1
1778 2
1779 1
1780 1
1781 1
1782 1
1783 2
1784 1
1785 1
1786 1
1787 1
1788 1
1789 4
1790 1
1791 20
1792 1
1793 1
1794 3
1795 1
1796 1
1797 1
1798 7
1799 1
1800 3
1801 1
1802 1
1803 1
1804 1
1805 1
1806 1
1807 2
1808 1
1809 1
1810 1
1811 2
1812 1
1813 2
1814 1
1815 1
1816 1
1817 1
1818 1
1819 5
1820 1
1821 1
1822 2
1823 1
1824 1
1825 26
1826 3
1827 1
1828 1
1829 1
1830 2
1831 1
1832 2
1833 1
1834 1
1835 1
1836 3
1837 1
1838 1
1839 1
1840 1
1841 1
1842 3
1843 1
1844 44
1845 1
1846 3
1847 1
1848 12
1849 1
1850 2
1851 1
1852 1
1853 1
1854 1
1855 1
1856 1
1857 7
1858 1
1859 1
1860 3
1861 1
1862 1
1863 1
1864 4
1865 1
1866 1
1867 1
1868 2
1869 4
1870 1
1871 9
1872 2
1873 1
1874 1
1875 1
1876 1
1877 1
1878 2
1879 1
1880 1
1881 1
1882 1
1883 1
1884 1
1885 1
1886 1
1887 1
1888 2
1889 1
1890 1
1891 1
1892 1
1893 2
1894 1
1895 1
1896 1
1897 1
1898 2
1899 1
1900 1
1901 1
1902 1
1903 1
1904 1
1905 1
1906 1
1907 1
1908 1
1909 1
1910 8
1911 1
1912 1
1913 1
1914 1
1915 1
1916 1
1917 1
1918 1
1919 4
1920 2
1921 1
1922 6
1923 3
1924 1
1925 1
1926 1
1927 1
1928 1
1929 1
1930 2
1931 38
1932 6
1933 1
1934 1
1935 1
1936 1
1937 6
1938 2
1939 1
1940 1
1941 1
1942 2
1943 2
1944 15
1945 3
1946 2
1947 1
1948 7
1949 8
1950 1
1951 1
1952 1
1953 2
1954 1
1955 2
1956 1
1957 1
1958 1
1959 1
1960 1
1961 3
1962 2
1963 1
1964 1
1965 1
1966 1
1967 1
1968 1
1969 1
1970 1
1971 1
1972 2
1973 8
1974 1
1975 1
1976 1
1977 1
1978 1
1979 1
1980 1
1981 1
1982 5
1983 1
1984 1
1985 1
1986 1
1987 2
1988 1
1989 2
1990 1
1991 1
1992 5
1993 1
1994 5
1995 3
1996 430
1997 1
1998 1
1999 5
2000 1
2001 4
2002 1
2003 4
2004 2
2005 2
2006 1
2007 4
2008 3
2009 1
2010 1
2011 1
2012 1
2013 3
2014 3
2015 2
2016 1
2017 1
2018 1
2019 1
2020 4
2021 1
2022 1
2023 2
2024 3
2025 1
2026 1
2027 1
2028 1
2029 1
2030 1
2031 1
2032 1
2033 1
2034 1
2035 1
2036 6
2037 2
2038 2
2039 1
2040 2
2041 1
2042 3
2043 1
2044 1
2045 8
2046 5
2047 3
2048 2
2049 3
2050 1
2051 7
2052 3
2053 1
2054 1
2055 1
2056 8
2057 11
2058 1
2059 1
2060 1
2061 1
2062 1
2063 1
2064 1
2065 5
2066 1
2067 1
2068 1
2069 1
2070 2
2071 1
2072 1
2073 1
2074 1
2075 1
2076 1
2077 1
2078 2
2079 2
2080 1
2081 1
2082 5
2083 1
2084 1
2085 9
2086 1
2087 2
2088 1
2089 14
2090 2
2091 1
2092 2
2093 11
2094 2
2095 4
2096 1
2097 5
2098 1
2099 1
2100 1
2101 2
2102 2
2103 2
2104 1
2105 1
2106 2
2107 8
2108 1
2109 1
2110 2
2111 1
2112 1
2113 1
2114 1
2115 2
2116 2
2117 4
2118 1
2119 1
2120 1
2121 1
2122 2
2123 1
2124 6
2125 3
2126 3
2127 1
2128 2
2129 1
2130 3
2131 1
2132 1
2133 1
2134 1
2135 1
2136 4
2137 1
2138 1
2139 2
2140 2
2141 1
2142 1
2143 1
2144 1
2145 1
2146 3
2147 10
2148 1
2149 1
2150 1
2151 1
2152 1
2153 1
2154 3
2155 1
2156 1
2157 1
2158 1
2159 6
2160 1
2161 1
2162 1
2163 8
2164 1
2165 1
2166 1
2167 4
2168 6
2169 16
2170 1
2171 1
2172 1
2173 1
2174 1
2175 1
2176 1
2177 1
2178 2
2179 2
2180 1
2181 1
2182 1
2183 1
2184 1
2185 1
2186 1
2187 1
2188 2
2189 1
2190 2
2191 1
2192 1
2193 1
2194 1
2195 1
2196 1
2197 3
2198 1
2199 2
2200 1
2201 3
2202 1
2203 1
2204 1
2205 1
2206 1
2207 1
2208 1
2209 7
2210 4
2211 1
2212 1
2213 1
2214 1
2215 4
2216 1
2217 2
2218 1
2219 3
2220 1
2221 1
2222 1
2223 1
2224 19
2225 20
2226 1
2227 1
2228 3
2229 1
2230 1
2231 2
2232 1
2233 1
2234 1
2235 1
2236 1
2237 1
2238 2
2239 3
2240 2
2241 1
2242 1
2243 1
2244 1
2245 4
2246 1
2247 1
2248 1
2249 1
2250 2
2251 1
2252 2
2253 4
2254 4
2255 1
2256 194
2257 4
2258 1
2259 7
2260 1
2261 1
2262 1
2263 2
2264 1
2265 1
2266 1
2267 26
2268 2
2269 1
2270 3
2271 1
2272 1
2273 1
2274 2
2275 2
2276 3
2277 3
2278 1
2279 1
2280 1
2281 1
2282 1
2283 1
2284 1
2285 1
2286 1
2287 1
2288 60
2289 2
2290 1
2291 1
2292 1
2293 1
2294 10
2295 1
2296 1
2297 1
2298 3
2299 1
2300 1
2301 1
2302 3
2303 1
2304 1
2305 2
2306 1
2307 1
2308 1
2309 1
2310 2
2311 4
2312 1
2313 2
2314 1
2315 1
2316 5
2317 1
2318 1
2319 1
2320 1
2321 1
2322 1
2323 1
2324 6
2325 2
2326 2
2327 1
2328 1
2329 1
2330 1
2331 1
2332 1
2333 1
2334 11
2335 1
2336 1
2337 2
2338 3
2339 20
2340 2
2341 1
2342 1
2343 1
2344 1
2345 1
2346 24
2347 2
2348 5
2349 1
2350 1
2351 1
2352 3
2353 1
2354 1
2355 2
2356 1
2357 4
2358 1
2359 1
2360 1
2361 2
2362 1
2363 2
2364 1
2365 1
2366 1
2367 1
2368 1
2369 1
2370 1
2371 2
2372 2
2373 1
2374 1
2375 1
2376 1
2377 1
2378 15
2379 1
2380 1
2381 1
2382 1
2383 1
2384 1
2385 3
2386 1
2387 2
2388 1
2389 2
2390 1
2391 1
2392 1
2393 10
2394 1
2395 1
2396 1
2397 18
2398 1
2399 1
2400 1
2401 1
2402 1
2403 1
2404 1
2405 1
2406 4
2407 1
2408 1
2409 1
2410 2
2411 40
2412 1
2413 2
2414 1
2415 1
2416 10
2417 2
2418 1
2419 3
2420 1
2421 1
2422 2
2423 1
2424 1
2425 1
2426 1
2427 3
2428 8
2429 1
2430 1
2431 1
2432 1
2433 2
2434 1
2435 1
2436 1
2437 1
2438 7
2439 1
2440 2
2441 1
2442 1
2443 1
2444 1
2445 1
2446 2
2447 3
2448 3
2449 1
2450 5
2451 1
2452 1
2453 4
2454 1
2455 2
2456 1
2457 1
2458 1
2459 1
2460 1
2461 1
2462 1
2463 1
2464 1
2465 1
2466 3
2467 1
2468 1
2469 3
2470 1
2471 2
2472 1
2473 32
2474 2
2475 3
2476 1
2477 1
2478 1
2479 1
2480 1
2481 1
2482 1
2483 3
2484 1
2485 1
2486 1
2487 1
2488 1
2489 1
2490 3
2491 1
2492 1
2493 1
2494 2
2495 3
2496 2
2497 1
2498 3
2499 2
2500 8
2501 2
2502 4
2503 2
2504 1
2505 1
2506 1
2507 1
2508 1
2509 2
2510 4
2511 1
2512 1
2513 1
2514 1
2515 1
2516 1
2517 9
2518 2
2519 2
2520 2
2521 1
2522 1
2523 2
2524 2
2525 1
2526 1
2527 3
2528 1
2529 3
2530 1
2531 1
2532 3
2533 6
2534 1
2535 1
2536 1
2537 2
2538 1
2539 1
2540 1
2541 2
2542 11
2543 1
2544 1
2545 1
2546 1
2547 1
2548 5
2549 1
2550 1
2551 1
2552 1
2553 4
2554 3
2555 1
2556 1
2557 1
2558 1
2559 2
2560 3
2561 46
2562 1
2563 1
2564 2
2565 1
2566 5
2567 1
2568 1
2569 4
2570 5
2571 1
2572 1
2573 1
2574 1
2575 1
2576 2
2577 1
2578 1
2579 1
2580 1
2581 10
2582 1
2583 1
2584 1
2585 1
2586 1
2587 2
2588 2
2589 2
2590 7
2591 2
2592 4
2593 1
2594 1
2595 2
2596 1
2597 1
2598 1
2599 1
2600 1
2601 4
2602 2
2603 1
2604 1
2605 1
2606 2
2607 1
2608 19
2609 1
2610 1
2611 1
2612 1
2613 1
2614 1
2615 47
2616 2
2617 1
2618 1
2619 1
2620 1
2621 1
2622 1
2623 1
2624 1
2625 1
2626 2
2627 3
2628 2
2629 1
2630 1
2631 36
2632 44
2633 9
2634 1
2635 1
2636 1
2637 6
2638 12
2639 1
2640 1
2641 1
2642 1
2643 1
2644 2
2645 2
2646 1
2647 1
2648 1
2649 1
2650 1
2651 1
2652 17
2653 3
2654 1
2655 1
2656 1
2657 2
2658 1
2659 1
2660 1
2661 1
2662 1
2663 1
2664 1
2665 1
2666 1
2667 2
2668 1
2669 1
2670 1
2671 1
2672 3
2673 1
2674 1
2675 1
2676 1
2677 2
2678 4
2679 1
2680 1
2681 1
2682 1
2683 1
2684 1
2685 4
2686 1
2687 10
2688 1
2689 1
2690 1
2691 2
2692 1
2693 1
2694 6
2695 3
2696 1
2697 4
2698 4
2699 1
2700 1
2701 1
2702 1
2703 1
2704 16
2705 7
2706 4
2707 1
2708 217
2709 2
2710 1
2711 1
2712 3
2713 1
2714 1
2715 1
2716 2
2717 1
2718 1
2719 2
2720 1
2721 1
2722 1
2723 1
2724 1
2725 1
2726 1
2727 1
2728 1
2729 4
2730 1
2731 1
2732 1
2733 1
2734 1
2735 1
2736 1
2737 3
2738 1
2739 1
2740 2
2741 1
2742 1
2743 1
2744 1
2745 1
2746 2
2747 1
2748 1
2749 1
2750 1
2751 1
2752 1
2753 1
2754 2
2755 1
2756 1
2757 1
2758 1
2759 2
2760 2
2761 3
2762 1
2763 1
2764 3
2765 3
2766 1
2767 1
2768 3
2769 2
2770 1
2771 1
2772 2
2773 1
2774 1
2775 1
2776 1
2777 1
2778 2
2779 5
2780 1
2781 7
2782 4
2783 3
2784 2
2785 3
2786 1
2787 36
2788 1
2789 1
2790 1
2791 1
2792 1
2793 1
2794 1
2795 1
2796 1
2797 1
2798 1
2799 1
2800 1
2801 1
2802 1
2803 9
2804 3
2805 2
2806 4
2807 1
2808 1
2809 1
2810 2
2811 1
2812 1
2813 1
2814 1
2815 1
2816 1
2817 1
2818 1
2819 1
2820 1
2821 2
2822 1
2823 4
2824 1
2825 1
2826 1
2827 1
2828 1
2829 6
2830 2
2831 1
2832 4
2833 1
2834 1
2835 1
2836 1
2837 3
2838 1
2839 4
2840 1
2841 1
2842 1
2843 1
2844 1
2845 1
2846 3
2847 1
2848 2
2849 5
2850 3
2851 1
2852 3
2853 1
2854 1
2855 4
2856 2
2857 2
2858 1
2859 1
2860 1
2861 1
2862 1
2863 11
2864 1
2865 1
2866 1
2867 1
2868 1
2869 1
2870 1
2871 5
2872 2
2873 1
2874 1
2875 1
2876 1
2877 1
2878 1
2879 1
2880 1
2881 1
2882 1
2883 6
2884 2
2885 1
2886 2
2887 2
2888 1
2889 2
2890 2
2891 4
2892 3
2893 1
2894 2
2895 3
2896 11
2897 2
2898 1
2899 1
2900 1
2901 1
2902 4
2903 1
2904 2
2905 1
2906 1
2907 1
2908 1
2909 1
2910 2
2911 6
2912 1
2913 1
2914 6
2915 1
2916 26
2917 15
2918 1
2919 1
2920 1
2921 1
2922 4
2923 1
2924 1
2925 1
2926 2
2927 1
2928 3
2929 10
2930 1
2931 1
2932 1
2933 2
2934 1
2935 1
2936 1
2937 1
2938 2
2939 1
2940 1
2941 1
2942 1
2943 7
2944 3
2945 1
2946 4
2947 1
2948 1
2949 32
2950 1
2951 1
2952 2
2953 1
2954 1
2955 1
2956 3
2957 1
2958 1
2959 1
2960 1
2961 1
2962 1
2963 2
2964 2
2965 1
2966 1
2967 1
2968 1
2969 1
2970 1
2971 2
2972 1
2973 1
2974 1
2975 1
2976 4
2977 1
2978 1
2979 4
2980 1
2981 1
2982 1
2983 1
2984 1
2985 3
2986 1
2987 3
2988 1
2989 6
2990 2
2991 1
2992 1
2993 1
2994 1
2995 1
2996 1
2997 2
2998 6
2999 1
3000 1
3001 1
3002 1
3003 1
3004 1
3005 2
3006 1
3007 1
3008 3
3009 1
3010 1
