0 1298
1 25
2 1
3 2
4 1
5 5
6 1
7 1
8 1
9 1
10 1
11 1
12 1
13 1
14 1
15 9
16 6
17 1
18 2
19 1
20 1
21 1
22 2
23 1
24 1
25 1
26 1
27 11
28 2
29 1
30 27
31 1
32 1
33 1
34 1
35 1
36 1
37 1
38 1
39 1
40 3
41 2
42 3
43 7
44 5
45 1
46 1
47 1
48 3
49 1
50 1
51 1
52 1
53 1
54 1
55 1
56 1
57 1
58 1
59 1
60 1
61 1
62 2
63 1
64 1
65 1
66 1
67 4
68 1
69 1
70 1
71 3
72 1
73 1
74 1
75 1
76 2
77 1
78 1
79 1
80 32
81 1
82 1
83 1
84 1
85 3
86 1
87 1
88 1
89 7
90 1
91 1
92 1
93 1
94 1
95 13
96 1
97 1
98 1
99 1
100 3
101 1
102 3
103 1
104 1
105 1
106 1
107 1
108 1
109 1
110 1
111 1
112 1
113 1
114 2
115 7
116 1
117 2
118 1
119 1
120 1
121 1
122 2
123 7
124 1
125 4
126 19
127 1
128 1
129 1
130 9
131 1
132 1
133 2
134 1
135 1
136 1
137 4
138 1
139 1
140 1
141 2
142 1
143 1
144 2
145 1
146 3
147 1
148 1
149 1
150 1
151 2
152 1
153 1
154 1
155 1
156 1
157 1
158 1
159 2
160 1
161 2
162 1
163 1
164 1
165 6
166 1
167 5
168 1
169 1
170 3
171 1
172 1
173 1
174 4
175 1
176 3
177 1
178 1
179 1
180 5
181 1
182 1
183 1
184 5
185 1
186 1
187 4
188 1
189 1
190 1
191 4
192 1
193 1
194 3
195 1
196 6
197 1
198 1
199 1
200 2
201 1
202 2
203 8
204 1
205 4
206 2
207 4
208 5
209 2
210 4
211 1
212 1
213 15
214 1
215 1
216 1
217 1
218 43
219 2
220 1
221 2
222 6
223 1
224 1
225 3
226 1
227 1
228 2
229 1
230 1
231 1
232 1
233 1
234 1
235 1
236 1
237 1
238 1
239 2
240 1
241 1
242 1
243 9
244 1
245 1
246 1
247 1
248 1
249 1
250 1
251 1
252 2
253 1
254 1
255 1
256 3
257 3
258 32
259 4
260 6
261 1
262 2
263 3
264 1
265 1
266 1
267 1
268 9
269 1
270 2
271 1
272 5
273 1
274 1
275 14
276 1
277 1
278 1
279 1
280 2
281 3
282 1
283 6
284 1
285 1
286 1
287 7
288 1
289 1
290 1
291 3
292 1
293 1
294 7
295 5
296 1
297 2
298 5
299 1
300 1
301 4
302 1
303 1
304 1
305 1
306 2
307 1
308 1
309 7
310 1
311 1
312 8
313 2
314 1
315 1
316 1
317 1
318 1
319 2
320 1
321 6
322 2
323 7
324 2
325 1
326 1
327 1
328 5
329 1
330 1
331 1
332 1
333 5
334 1
335 1
336 1
337 2
338 1
339 2
340 10
341 1
342 2
343 1
344 1
345 1
346 1
347 1
348 1
349 1
350 1
351 2
352 1
353 13
354 10
355 3
356 1
357 1
358 5
359 1
360 1
361 1
362 1
363 1
364 1
365 1
366 1
367 3
368 1
369 2
370 1
371 1
372 1
373 1
374 1
375 1
376 1
377 1
378 2
379 1
380 1
381 1
382 4
383 2
384 2
385 1
386 1
387 1
388 3
389 1
390 3
391 1
392 2
393 1
394 1
395 1
396 1
397 2
398 1
399 2
400 1
401 2
402 20
403 1
404 2
405 3
406 4
407 2
408 1
409 2
410 1
411 1
412 1
413 1
414 6
415 1
416 1
417 1
418 1
419 1
420 1
421 1
422 1
423 5
424 1
425 1
426 1
427 1
428 1
429 2
430 6
431 1
432 1
433 1
434 1
435 1
436 2
437 1
438 1
439 1
440 2
441 1
442 1
443 3
444 1
445 3
446 1
447 1
448 1
449 1
450 1
451 1
452 1
453 2
454 2
455 1
456 1
457 2
458 2
459 1
460 1
461 2
462 1
463 1
464 1
465 2
466 1
467 2
468 1
469 1
470 1
471 1
472 1
473 7
474 1
475 1
476 1
477 2
478 1
479 1
480 1
481 1
482 1
483 2
484 8
485 7
486 1
487 1
488 1
489 3
490 2
491 1
492 2
493 1
494 1
495 1
496 1
497 4
498 1
499 1
500 11
501 1
502 1
503 2
504 1
505 2
506 1
507 1
508 1
509 1
510 1
511 2
512 1
513 11
514 66
515 1
516 3
517 1
518 4
519 1
520 2
521 1
522 1
523 3
524 1
525 1
526 2
527 1
528 2
529 1
530 1
531 1
532 1
533 3
534 1
535 2
536 2
537 1
538 1
539 3
540 1
541 2
542 1
543 2
544 7
545 3
546 2
547 1
548 1
549 4
550 10
551 5
552 5
553 3
554 1
555 1
556 1
557 1
558 1
559 3
560 2
561 1
562 1
563 6
564 2
565 1
566 1
567 1
568 1
569 14
570 2
571 1
572 1
573 2
574 1
575 1
576 1
577 1
578 1
579 8
580 1
581 14
582 3
583 1
584 1
585 19
586 1
587 2
588 1
589 1
590 1
591 1
592 1
593 2
594 1
595 1
596 1
597 2
598 1
599 1
600 4
601 1
602 1
603 1
604 1
605 1
606 1
607 1
608 2
609 1
610 1
611 1
612 313
613 1
614 2
615 3
616 13
617 2
618 1
619 2
620 1
621 1
622 1
623 1
624 1
625 2
626 1
627 2
628 1
629 1
630 1
631 1
632 13
633 2
634 1
635 1
636 1
637 1
638 3
639 1
640 5
641 1
642 1
643 3
644 1
645 1
646 1
647 1
648 1
649 1
650 1
651 1
652 1
653 1
654 2
655 1
656 1
657 2
658 1
659 1
660 2
661 1
662 1
663 1
664 1
665 4
666 4
667 1
668 1
669 1
670 1
671 1
672 1
673 2
674 1
675 1
676 122
677 1
678 1
679 1
680 1
681 1
682 1
683 1
684 1
685 1
686 1
687 1
688 1
689 1
690 2
691 1
692 1
693 1
694 2
695 1
696 1
697 1
698 2
699 2
700 1
701 1
702 1
703 2
704 1
705 4
706 35
707 1
708 4
709 1
710 1
711 2
712 1
713 1
714 4
715 3
716 3
717 1
718 4
719 1
720 1
721 1
722 2
723 1
724 1
725 1
726 4
727 1
728 1
729 1
730 1
731 1
732 1
733 2
734 8
735 3
736 2
737 1
738 1
739 2
740 9
741 1
742 1
743 1
744 10
745 1
746 1
747 1
748 1
749 4
750 1
751 1
752 11
753 1
754 6
755 1
756 1
757 2
758 1
759 1
760 6
761 1
762 1
763 2
764 1
765 1
766 1
767 1
768 1
769 1
770 1
771 1
772 1
773 1
774 1
775 1
776 1
777 1
778 10
779 1
780 3
781 1
782 5
783 2
784 1
785 1
786 1
787 1
788 1
789 4
790 1
791 2
792 1
793 1
794 2
795 1
796 2
797 1
798 41
799 1
800 3
801 1
802 1
803 1
804 1
805 2
806 1
807 1
808 3
809 1
810 1
811 1
812 3
813 1
814 1
815 5
816 1
817 1
818 1
819 3
820 1
821 1
822 1
823 2
824 3
825 1
826 1
827 1
828 3
829 1
830 1
831 1
832 1
833 1
834 1
835 1
836 1
837 1
838 6
839 2
840 1
841 1
842 2
843 1
844 1
845 1
846 1
847 2
848 2
849 1
850 10
851 2
852 2
853 1
854 1
855 1
856 2
857 1
858 1
859 1
860 28
861 10
862 1
863 1
864 2
865 2
866 1
867 2
868 1
869 5
870 3
871 2
872 1
873 1
874 1
875 2
876 2
877 1
878 1
879 1
880 1
881 3
882 1
883 2
884 3
885 1
886 1
887 1
888 1
889 11
890 2
891 1
892 7
893 1
894 1
895 1
896 2
897 1
898 1
899 13
900 1
901 3
902 2
903 4
904 1
905 1
906 1
907 1
908 1
909 1
910 1
911 1
912 1
913 1
914 1
915 1
916 1
917 1
918 1
919 1
920 1
921 1
922 1
923 2
924 4
925 1
926 1
927 1
928 2
929 3
930 1
931 2
932 1
933 2
934 1
935 37
936 1
937 23
938 4
939 1
940 1
941 1
942 2
943 2
944 2
945 1
946 2
947 2
948 1
949 1
950 10
951 2
952 1
953 1
954 2
955 1
956 2
957 1
958 1
959 1
960 1
961 1
962 2
963 1
964 6
965 1
966 3
967 6
968 2
969 1
970 3
971 1
972 1
973 1
974 1
975 2
976 1
977 3
978 1
979 3
980 1
981 10
982 1
983 1
984 1
985 1
986 1
987 1
988 1
989 2
990 1
991 1
992 1
993 1
994 1
995 2
996 2
997 2
998 1
999 2
1000 1
1001 1
1002 1
1003 4
1004 1
1005 1
1006 1
1007 3
1008 2
1009 15
1010 1
1011 1
1012 1
1013 1
1014 2
1015 1
1016 1
1017 1
1018 1
1019 2
1020 1
1021 2
1022 2
1023 10
1024 1
1025 1
1026 1
1027 2
1028 1
1029 3
1030 1
1031 2
1032 1
1033 1
1034 2
1035 1
1036 1
1037 2
1038 1
1039 3
1040 1
1041 27
1042 10
1043 1
1044 1
1045 1
1046 1
1047 1
1048 1
1049 1
1050 1
1051 1
1052 5
1053 1
1054 1
1055 1
1056 1
1057 5
1058 2
1059 1
1060 3
1061 1
1062 2
1063 1
1064 2
1065 2
1066 2
1067 2
1068 2
1069 2
1070 2
1071 1
1072 1
1073 1
1074 1
1075 1
1076 1
1077 1
1078 1
1079 1
1080 1
1081 1
1082 4
1083 2
1084 3
1085 1
1086 1
1087 1
1088 1
1089 1
1090 1
1091 1
1092 1
1093 1
1094 1
1095 2
1096 6
1097 1
1098 1
1099 2
1100 1
1101 1
1102 4
1103 2
1104 1
1105 5
1106 6
1107 2
1108 1
1109 31
1110 1
1111 1
1112 3
1113 1
1114 2
1115 1
1116 5
1117 2
1118 7
1119 1
1120 2
1121 1
1122 1
1123 1
1124 1
1125 1
1126 2
1127 2
1128 1
1129 1
1130 1
1131 1
1132 2
1133 2
1134 4
1135 1
1136 1
1137 2
1138 1
1139 3
1140 4
1141 1
1142 1
1143 8
1144 1
1145 1
1146 1
1147 3
1148 2
1149 1
1150 1
1151 59
1152 1
1153 1
1154 1
1155 2
1156 1
1157 2
1158 1
1159 3
1160 1
1161 1
1162 1
1163 2
1164 1
1165 1
1166 1
1167 1
1168 2
1169 1
1170 1
1171 1
1172 1
1173 2
1174 2
1175 1
1176 3
1177 1
1178 1
1179 1
1180 6
1181 1
1182 1
1183 1
1184 1
1185 5
1186 1
1187 1
1188 1
1189 2
1190 1
1191 1
1192 1
1193 1
1194 1
1195 1
1196 1
1197 1
1198 1
1199 1
1200 2
1201 1
1202 3
1203 2
1204 1
1205 1
1206 4
1207 1
1208 1
1209 1
1210 7
1211 4
1212 2
1213 1
1214 1
1215 2
1216 17
1217 3
1218 1
1219 1
1220 1
1221 1
1222 1
1223 1
1224 1
1225 2
1226 3
1227 1
1228 1
1229 1
1230 2
1231 2
1232 1
1233 1
1234 1
1235 1
1236 1
1237 1
1238 1
1239 1
1240 1
1241 3
1242 1
1243 1
1244 2
1245 1
1246 4
1247 1
1248 1
1249 1
1250 3
1251 1
1252 1
1253 2
1254 6
1255 1
1256 1
1257 1
1258 2
1259 1
1260 4
1261 1
1262 1
1263 1
1264 1
1265 1
1266 1
1267 1
1268 40
1269 1
1270 1
1271 1
1272 1
1273 1
1274 1
1275 1
1276 1
1277 1
1278 1
1279 1
1280 1
1281 2
1282 1
1283 1
1284 1
1285 2
1286 3
1287 1
1288 5
1289 1
1290 1
1291 1
1292 1
1293 1
1294 2
1295 2
1296 1
1297 1
1298 1
1299 268
1300 2
1301 1
1302 1
1303 4
1304 3
1305 1
1306 1
1307 1
1308 1
1309 1
1310 1
1311 1
1312 1
1313 1
1314 2
1315 1
1316 1
1317 2
1318 1
1319 1
1320 1
1321 2
1322 2
1323 1
1324 1
1325 5
1326 2
1327 1
1328 1
1329 1
1330 1
1331 1
1332 1
1333 1
1334 1
1335 1
1336 1
1337 1
1338 1
1339 1
1340 1
1341 1
1342 1
1343 38
1344 2
1345 2
1346 2
1347 1
1348 2
1349 1
1350 2
1351 1
1352 2
1353 1
1354 1
1355 1
1356 1
1357 1
1358 1
1359 1
1360 1
1361 1
1362 1
1363 1
1364 2
1365 2
1366 1
1367 1
1368 1
1369 2
1370 1
1371 4
1372 1
1373 1
1374 1
1375 1
1376 1
1377 2
1378 3
1379 1
1380 2
1381 1
1382 1
1383 1
1384 1
1385 1
1386 1
1387 2
1388 1
1389 2
1390 1
1391 4
1392 2
1393 45
1394 1
1395 1
1396 1
1397 1
1398 1
1399 1
1400 1
1401 1
1402 1
1403 3
1404 1
1405 1
1406 1
1407 1
1408 1
1409 1
1410 2
1411 1
1412 2
1413 1
1414 2
1415 1
1416 3
1417 1
1418 1
1419 2
1420 1
1421 1
1422 3
1423 13
1424 1
1425 1
1426 1
1427 4
1428 2
1429 2
1430 1
1431 1
1432 1
1433 2
1434 15
1435 1
1436 5
1437 1
1438 1
1439 2
1440 1
1441 1
1442 2
1443 1
1444 1
1445 1
1446 1
1447 1
1448 1
1449 3
1450 2
1451 1
1452 1
1453 1
1454 6
1455 1
1456 1
1457 1
1458 1
1459 2
1460 1
1461 1
1462 1
1463 10
1464 2
1465 1
1466 1
1467 1
1468 1
1469 1
1470 3
1471 4
1472 2
1473 12
1474 4
1475 1
1476 1
1477 2
1478 1
1479 12
1480 1
1481 1
1482 1
1483 3
1484 1
1485 1
1486 1
1487 1
1488 1
1489 1
1490 2
1491 1
1492 1
1493 1
1494 1
1495 173
1496 5
1497 1
1498 1
1499 1
1500 3
1501 1
1502 1
1503 1
1504 1
1505 1
1506 2
1507 1
1508 1
1509 1
1510 1
1511 1
1512 1
1513 5
1514 2
1515 1
1516 1
1517 1
1518 1
1519 1
1520 1
1521 1
1522 1
1523 1
1524 1
1525 1
1526 1
1527 1
1528 1
1529 2
1530 1
1531 1
1532 7
1533 2
1534 1
1535 10
1536 1
1537 2
1538 2
1539 1
1540 1
1541 1
1542 2
1543 1
1544 2
1545 3
1546 1
1547 1
1548 3
1549 1
1550 1
1551 1
1552 1
1553 1
1554 1
1555 2
1556 1
1557 2
1558 1
1559 1
1560 1
1561 2
1562 1
1563 1
1564 1
1565 1
1566 1
1567 3
1568 3
1569 2
1570 20
1571 1
1572 1
1573 1
1574 1
1575 1
1576 2
1577 2
1578 2
1579 1
1580 1
1581 1
1582 2
1583 2
1584 1
1585 1
1586 1
1587 1
1588 1
1589 1
1590 5
1591 1
1592 1
1593 1
1594 1
1595 29
1596 1
1597 1
1598 1
1599 1
1600 1
1601 2
1602 1
1603 1
1604 2
1605 2
1606 1
1607 2
1608 13
1609 2
1610 1
1611 1
1612 5
1613 1
1614 1
1615 2
1616 1
1617 2
1618 2
1619 2
1620 1
1621 2
1622 1
1623 1
1624 2
1625 1
1626 1
1627 4
1628 1
1629 1
1630 1
1631 1
1632 1
1633 1
1634 1
1635 3
1636 4
1637 3
1638 1
1639 1
1640 1
1641 4
1642 9
1643 1
1644 1
1645 2
1646 2
1647 1
1648 2
1649 1
1650 1
1651 1
1652 1
1653 1
1654 1
1655 2
1656 1
1657 1
1658 1
1659 1
1660 1
1661 1
1662 1
1663 2
1664 1
1665 1
1666 18
1667 1
1668 1
1669 2
1670 30
1671 1
1672 3
1673 1
1674 1
1675 3
1676 7
1677 2
1678 1
1679 2
1680 3
1681 1
1682 2
1683 1
1684 2
1685 2
1686 1
1687 1
1688 1
1689 1
1690 1
1691 1
1692 2
1693 3
1694 1
1695 2
1696 1
1697 1
1698 1
1699 1
1700 1
1701 1
1702 5
1703 1
1704 6
1705 1
1706 3
1707 1
1708 3
1709 1
1710 1
1711 8
1712 7
1713 8
1714 2
1715 1
1716 1
1717 1
1718 1
1719 1
1720 1
1721 1
1722 2
1723 1
1724 1
1725 2
1726 1
1727 1
1728 1
1729 1
1730 1
1731 1
1732 1
1733 1
1734 1
1735 1
1736 1
1737 1
1738 1
1739 3
1740 1
1741 1
1742 4
1743 2
1744 1
1745 1
1746 1
1747 2
1748 2
1749 6
1750 2
1751 2
1752 2
1753 1
1754 3
1755 1
1756 1
1757 1
1758 1
1759 1
1760 2
1761 4
1762 2
1763 1
1764 1
1765 1
1766 2
1767 1
1768 1
1769 4
1770 1
1771 1
1772 2
1773 1
1774 1
1775 1
1776 19
1777 5
1778 1
1779 1
1780 1
1781 1
1782 1
1783 4
1784 2
1785 1
1786 2
1787 1
1788 1
1789 3
1790 4
1791 1
1792 2
1793 1
1794 2
1795 2
1796 2
1797 2
1798 1
1799 1
1800 9
1801 1
1802 1
1803 2
1804 5
1805 6
1806 1
1807 2
1808 5
1809 2
1810 1
1811 2
1812 1
1813 6
1814 1
1815 1
1816 5
1817 1
1818 1
1819 1
1820 1
1821 2
1822 1
1823 1
1824 2
1825 1
1826 1
1827 1
1828 1
1829 1
1830 1
1831 2
1832 2
1833 1
1834 1
1835 1
1836 1
1837 1
1838 1
1839 1
1840 1
1841 1
1842 1
1843 2
1844 4
1845 1
1846 1
1847 1
1848 1
1849 10
1850 1
1851 1
1852 15
1853 1
1854 1
1855 8
1856 1
1857 1
1858 1
1859 1
1860 6
1861 1
1862 4
1863 1
1864 1
1865 1
1866 2
1867 1
1868 1
1869 1
1870 1
1871 2
1872 1
1873 1
1874 2
1875 1
1876 2
1877 1
1878 2
1879 1
1880 1
1881 1
1882 1
1883 1
1884 1
1885 1
1886 1
1887 1
1888 18
1889 1
1890 1
1891 1
1892 6
1893 1
1894 1
1895 1
1896 2
1897 1
1898 1
1899 1
1900 1
1901 1
1902 6
1903 1
1904 1
1905 2
1906 42
1907 1
1908 1
1909 7
1910 6
1911 1
1912 1
1913 1
1914 1
1915 1
1916 1
1917 1
1918 1
1919 1
1920 4
1921 5
1922 1
1923 2
1924 1
1925 1
1926 1
1927 1
1928 1
1929 1
1930 1
1931 1
1932 3
1933 12
1934 1
1935 9
1936 1
1937 1
1938 14
1939 1
1940 2
1941 2
1942 1
1943 1
1944 1
1945 1
1946 3
1947 1
1948 1
1949 1
1950 1
1951 1
1952 1
1953 1
1954 1
1955 2
1956 1
1957 1
1958 4
1959 1
1960 1
1961 1
1962 1
1963 1
1964 1
1965 1
1966 2
1967 3
1968 1
1969 1
1970 1
1971 3
1972 1
1973 1
1974 1
1975 1
1976 2
1977 6
1978 2
1979 1
1980 1
1981 7
1982 1
1983 1
1984 1
1985 1
1986 1
1987 1
1988 2
1989 1
1990 1
1991 1
1992 1
1993 3
1994 6
1995 1
1996 2
1997 3
1998 1
1999 7
2000 1
2001 1
2002 28
2003 1
2004 2
2005 2
2006 7
2007 1
2008 2
2009 1
2010 1
2011 1
2012 8
2013 2
2014 2
2015 1
2016 1
2017 12
2018 27
2019 1
2020 2
2021 1
2022 3
2023 1
2024 3
2025 1
2026 1
2027 1
2028 1
2029 1
2030 1
2031 1
2032 1
2033 1
2034 1
2035 7
2036 1
2037 1
2038 1
2039 1
2040 1
2041 5
2042 1
2043 2
2044 1
2045 2
2046 1
2047 1
2048 1
2049 1
2050 6
2051 1
2052 2
2053 1
2054 1
2055 1
2056 1
2057 3
2058 1
2059 1
2060 1
2061 1
2062 1
2063 1
2064 1
2065 2
2066 3
2067 1
2068 1
2069 1
2070 1
2071 1
2072 1
2073 1
2074 2
2075 1
2076 1
2077 1
2078 1
2079 1
2080 3
2081 1
2082 1
2083 3
2084 2
2085 488
2086 1
2087 3
2088 1
2089 1
2090 1
2091 1
2092 6
2093 9
2094 4
2095 1
2096 2
2097 1
2098 1
2099 1
2100 2
2101 1
2102 2
2103 6
2104 1
2105 1
2106 1
2107 1
2108 1
2109 4
2110 1
2111 10
2112 1
2113 1
2114 1
2115 1
2116 1
2117 1
2118 1
2119 1
2120 1
2121 1
2122 3
2123 2
2124 1
2125 2
2126 1
2127 2
2128 1
2129 1
2130 1
2131 1
2132 1
2133 1
2134 1
2135 1
2136 5
2137 1
2138 2
2139 1
2140 4
2141 1
2142 1
2143 2
2144 1
2145 1
2146 1
2147 1
2148 8
2149 1
2150 3
2151 1
2152 1
2153 5
2154 1
2155 1
2156 1
2157 1
2158 6
2159 1
2160 1
2161 2
2162 1
2163 1
2164 1
2165 12
2166 1
2167 1
2168 2
2169 1
2170 1
2171 1
2172 1
2173 2
2174 2
2175 2
2176 1
2177 1
2178 1
2179 1
2180 5
2181 1
2182 1
2183 1
2184 1
2185 1
2186 1
2187 1
2188 1
2189 1
2190 1
2191 1
2192 1
2193 2
2194 1
2195 1
2196 22
2197 1
2198 1
2199 10
2200 1
2201 1
2202 1
2203 1
2204 1
2205 1
2206 1
2207 1
2208 3
2209 1
2210 2
2211 2
2212 1
2213 1
2214 1
2215 1
2216 1
2217 1
2218 1
2219 2
2220 4
2221 2
2222 1
2223 1
2224 1
2225 2
2226 2
2227 1
2228 3
2229 1
2230 6
2231 1
2232 3
2233 1
2234 2
2235 6
2236 1
2237 1
2238 1
2239 6
2240 1
2241 1
2242 1
2243 1
2244 1
2245 1
2246 1
2247 1
2248 1
2249 1
2250 2
2251 1
2252 3
2253 11
2254 14
2255 1
2256 1
2257 1
2258 1
2259 1
2260 3
2261 1
2262 1
2263 1
2264 1
2265 1
2266 1
2267 2
2268 1
2269 2
2270 1
2271 1
2272 1
2273 1
2274 3
2275 1
2276 2
2277 1
2278 5
2279 1
2280 1
2281 1
2282 4
2283 1
2284 1
2285 1
2286 1
2287 2
2288 3
2289 1
2290 1
2291 4
2292 1
2293 1
2294 1
2295 1
2296 2
2297 1
2298 1
2299 1
2300 3
2301 1
2302 2
2303 4
2304 2
2305 1
2306 1
2307 1
2308 1
2309 1
2310 1
2311 2
2312 1
2313 2
2314 2
2315 1
2316 2
2317 1
2318 1
2319 2
2320 1
2321 1
2322 8
2323 3
2324 2
2325 1
2326 1
2327 1
2328 1
2329 8
2330 1
2331 2
2332 1
2333 1
2334 1
2335 1
2336 1
2337 1
2338 22
2339 3
2340 2
2341 2
2342 1
2343 1
2344 1
2345 1
2346 1
2347 3
2348 2
2349 2
2350 1
2351 2
2352 1
2353 2
2354 1
2355 1
2356 9
2357 2
2358 2
2359 1
2360 1
2361 2
2362 1
2363 1
2364 2
2365 1
2366 2
2367 1
2368 2
2369 1
2370 1
2371 1
2372 1
2373 2
2374 9
2375 2
2376 1
2377 3
2378 1
2379 19
2380 1
2381 1
2382 1
2383 1
2384 2
2385 1
2386 1
2387 2
2388 1
2389 1
2390 3
2391 2
2392 1
2393 1
2394 4
2395 1
2396 1
2397 1
2398 1
2399 1
2400 1
2401 1
2402 1
2403 3
2404 1
2405 69
2406 3
2407 1
2408 3
2409 1
2410 1
2411 1
2412 2
2413 4
2414 1
2415 1
2416 1
2417 1
2418 1
2419 1
2420 1
2421 1
2422 1
2423 1
2424 1
2425 1
2426 1
2427 8
2428 1
2429 3
2430 1
2431 1
2432 1
2433 1
2434 3
2435 5
2436 1
2437 1
2438 1
2439 1
2440 2
2441 1
2442 1
2443 1
2444 1
2445 2
2446 1
2447 1
2448 1
2449 14
2450 1
2451 2
2452 1
2453 1
2454 8
2455 1
2456 1
2457 1
2458 1
2459 1
2460 1
2461 1
2462 1
2463 19
2464 2
2465 1
2466 1
2467 1
2468 1
2469 1
2470 2
2471 9
2472 1
2473 2
2474 1
2475 1
2476 5
2477 3
2478 1
2479 2
2480 1
2481 1
2482 1
2483 1
2484 1
2485 1
2486 4
2487 1
2488 2
2489 1
2490 1
2491 1
2492 1
2493 2
2494 1
2495 2
2496 1
2497 1
2498 1
2499 2
2500 10
2501 1
2502 1
2503 1
2504 1
2505 1
2506 1
2507 1
2508 10
2509 1
2510 1
2511 18
2512 2
2513 5
2514 1
2515 1
2516 1
2517 1
2518 11
2519 1
2520 55
2521 1
2522 2
2523 2
2524 1
2525 1
2526 4
2527 2
2528 1
2529 1
2530 1
2531 1
2532 1
2533 1
2534 1
2535 2
2536 2
2537 1
2538 1
2539 1
2540 1
2541 1
2542 2
2543 1
2544 1
2545 1
2546 1
2547 1
2548 1
2549 1
2550 1
2551 1
2552 1
2553 1
2554 1
2555 2
2556 1
2557 2
2558 1
2559 3
2560 1
2561 1
2562 4
2563 2
2564 1
2565 1
2566 1
2567 1
2568 2
2569 1
2570 1
2571 2
2572 6
2573 2
2574 1
2575 1
2576 1
2577 3
2578 2
2579 1
2580 1
2581 1
2582 1
2583 18
2584 1
2585 2
2586 4
2587 1
2588 1
2589 2
2590 1
2591 1
2592 2
2593 2
2594 1
2595 1
2596 1
2597 1
2598 1
2599 2
2600 1
2601 23
2602 1
2603 1
2604 1
2605 9
2606 1
2607 1
2608 3
2609 1
2610 7
2611 1
2612 2
2613 1
2614 1
2615 4
2616 1
2617 3
2618 1
2619 1
2620 1
2621 2
2622 1
2623 1
2624 2
2625 1
2626 1
2627 1
2628 1
2629 1
2630 1
2631 1
2632 1
2633 1
2634 1
2635 1
2636 3
2637 2
2638 1
2639 1
2640 2
2641 1
2642 1
2643 1
2644 1
2645 8
2646 1
2647 2
2648 4
2649 1
2650 1
2651 1
2652 1
2653 1
2654 11
2655 1
2656 1
2657 1
2658 8
2659 1
2660 2
2661 1
2662 2
2663 1
2664 1
2665 3
2666 1
2667 1
2668 1
2669 1
2670 1
2671 1
2672 1
2673 47
2674 1
2675 1
2676 1
2677 1
2678 1
2679 1
2680 1
2681 1
2682 1
2683 1
2684 3
2685 6
2686 1
2687 1
2688 1
2689 3
2690 1
2691 1
2692 1
2693 1
2694 2
2695 1
2696 1
2697 1
2698 1
2699 1
2700 5
2701 1
2702 2
2703 2
2704 2
2705 15
2706 2
2707 1
2708 1
2709 2
2710 1
2711 2
2712 2
2713 1
2714 1
2715 1
2716 1
2717 1
2718 1
2719 5
2720 1
2721 2
2722 1
2723 1
2724 1
2725 1
2726 3
2727 1
2728 11
2729 4
2730 1
2731 3
2732 17
2733 2
2734 2
2735 2
2736 51
2737 2
2738 1
2739 1
2740 1
2741 1
2742 1
2743 1
2744 3
2745 1
2746 33
2747 38
2748 8
2749 2
2750 1
2751 1
2752 1
2753 1
2754 1
2755 1
2756 11
2757 1
2758 1
2759 2
2760 1
2761 6
2762 4
2763 1
2764 4
2765 1
2766 1
2767 3
2768 1
2769 14
2770 5
2771 1
2772 4
2773 1
2774 4
2775 1
2776 1
2777 1
2778 2
2779 1
2780 1
2781 3
2782 1
2783 1
2784 4
2785 1
2786 1
2787 2
2788 1
2789 1
2790 2
2791 1
2792 2
2793 3
2794 1
2795 1
2796 1
2797 4
2798 4
2799 1
2800 1
2801 1
2802 3
2803 2
2804 2
2805 1
2806 6
2807 3
2808 6
2809 1
2810 1
2811 4
2812 13
2813 1
2814 6
2815 1
2816 262
2817 1
2818 2
2819 1
2820 3
2821 1
2822 1
2823 1
2824 1
2825 1
2826 1
2827 1
2828 1
2829 1
2830 1
2831 1
2832 1
2833 1
2834 1
2835 2
2836 1
2837 1
2838 1
2839 1
2840 2
2841 2
2842 1
2843 1
2844 1
2845 1
2846 6
2847 1
2848 2
2849 1
2850 1
2851 1
2852 1
2853 1
2854 2
2855 1
2856 1
2857 1
2858 1
2859 8
2860 1
2861 1
2862 1
2863 2
2864 1
2865 5
2866 1
2867 1
2868 2
2869 1
2870 1
2871 1
2872 1
2873 1
2874 1
2875 1
2876 1
2877 1
2878 1
2879 6
2880 2
2881 1
2882 1
2883 2
2884 1
2885 1
2886 1
2887 2
2888 8
2889 1
2890 1
2891 3
2892 2
2893 2
2894 1
2895 1
2896 1
2897 1
2898 34
2899 2
2900 4
2901 2
2902 1
2903 1
2904 1
2905 1
2906 1
2907 1
2908 1
2909 1
2910 1
2911 1
2912 6
2913 1
2914 1
2915 2
2916 2
2917 1
2918 1
2919 1
2920 1
2921 1
2922 1
2923 1
2924 1
2925 6
2926 1
2927 2
2928 1
2929 9
2930 2
2931 1
2932 1
2933 2
2934 5
2935 1
2936 1
2937 1
2938 4
2939 1
2940 7
2941 2
2942 1
2943 1
2944 5
2945 5
2946 1
2947 1
2948 2
2949 2
2950 3
2951 1
2952 2
2953 2
2954 1
2955 1
2956 4
2957 1
2958 1
2959 1
2960 1
2961 2
2962 3
2963 1
2964 2
2965 1
2966 1
2967 1
2968 1
2969 1
2970 1
2971 1
2972 3
2973 1
2974 1
2975 1
2976 2
2977 1
2978 13
2979 2
2980 1
2981 1
2982 1
2983 1
2984 1
2985 1
2986 1
2987 1
2988 1
2989 1
2990 1
2991 1
2992 1
2993 1
2994 1
2995 1
2996 3
2997 1
2998 2
2999 3
3000 4
3001 1
3002 1
3003 1
3004 1
3005 1
3006 1
3007 3
3008 1
3009 1
3010 1
3011 1
3012 14
3013 2
3014 1
3015 4
3016 5
3017 1
3018 2
3019 1
3020 1
3021 1
3022 1
3023 1
3024 1
3025 1
3026 10
3027 1
3028 1
3029 1
3030 3
3031 2
3032 1
3033 1
3034 10
3035 1
3036 20
3037 2
3038 1
3039 18
3040 1
3041 2
3042 1
3043 1
3044 1
3045 3
3046 1
3047 2
3048 1
3049 10
3050 5
3051 1
3052 2
3053 5
3054 2
3055 3
3056 1
3057 1
3058 1
3059 9
3060 1
3061 1
3062 1
3063 2
3064 22
3065 6
3066 1
3067 4
3068 3
3069 1
3070 3
3071 1
3072 3
3073 1
3074 1
3075 1
3076 2
3077 1
3078 1
3079 1
3080 1
3081 1
3082 2
3083 1
3084 2
3085 1
3086 1
3087 1
3088 2
3089 1
3090 1
3091 4
3092 1
3093 3
3094 1
3095 1
3096 1
3097 1
3098 1
3099 1
3100 1
3101 6
3102 1
3103 1
3104 1
3105 1
3106 1
3107 1
3108 1
3109 1
3110 1
3111 1
3112 2
3113 11
3114 1
3115 1
3116 1
3117 1
3118 2
3119 1
3120 1
3121 1
3122 1
3123 2
3124 1
3125 1
3126 1
3127 1
3128 1
3129 1
3130 1
3131 1
