0 1195
1 24
2 1
3 1
4 2
5 1
6 1
7 2
8 1
9 1
10 1
11 1
12 1
13 2
14 1
15 1
16 2
17 1
18 1
19 1
20 1
21 1
22 4
23 11
24 1
25 1
26 3
27 1
28 1
29 1
30 1
31 1
32 1
33 1
34 1
35 1
36 1
37 1
38 2
39 1
40 1
41 3
42 2
43 1
44 2
45 3
46 1
47 1
48 2
49 1
50 2
51 1
52 11
53 1
54 1
55 1
56 6
57 1
58 2
59 9
60 1
61 2
62 1
63 1
64 1
65 1
66 2
67 1
68 1
69 1
70 1
71 2
72 1
73 1
74 1
75 1
76 6
77 1
78 1
79 1
80 1
81 1
82 3
83 1
84 1
85 1
86 1
87 1
88 1
89 10
90 1
91 1
92 1
93 1
94 1
95 1
96 44
97 2
98 2
99 1
100 1
101 1
102 1
103 1
104 1
105 2
106 1
107 2
108 1
109 1
110 1
111 2
112 3
113 1
114 1
115 2
116 1
117 2
118 5
119 1
120 1
121 1
122 1
123 1
124 1
125 3
126 3
127 1
128 4
129 8
130 5
131 1
132 1
133 1
134 1
135 1
136 1
137 2
138 1
139 2
140 1
141 3
142 1
143 4
144 1
145 1
146 1
147 5
148 1
149 1
150 1
151 1
152 1
153 2
154 1
155 1
156 1
157 5
158 2
159 1
160 1
161 1
162 1
163 1
164 1
165 1
166 1
167 1
168 2
169 1
170 1
171 6
172 2
173 1
174 3
175 1
176 1
177 3
178 1
179 1
180 2
181 1
182 5
183 1
184 6
185 1
186 1
187 1
188 1
189 2
190 1
191 1
192 1
193 5
194 8
195 1
196 1
197 2
198 1
199 1
200 1
201 4
202 1
203 1
204 5
205 1
206 1
207 5
208 1
209 1
210 7
211 1
212 4
213 1
214 1
215 1
216 1
217 1
218 1
219 1
220 1
221 5
222 4
223 3
224 1
225 3
226 1
227 2
228 1
229 1
230 4
231 1
232 2
233 1
234 34
235 1
236 1
237 1
238 1
239 1
240 3
241 1
242 1
243 1
244 1
245 1
246 2
247 1
248 1
249 1
250 4
251 1
252 2
253 3
254 1
255 1
256 5
257 1
258 1
259 1
260 1
261 1
262 1
263 2
264 2
265 1
266 1
267 1
268 3
269 1
270 2
271 1
272 27
273 1
274 2
275 4
276 1
277 2
278 1
279 1
280 10
281 1
282 2
283 1
284 9
285 1
286 1
287 1
288 1
289 1
290 2
291 1
292 1
293 2
294 4
295 2
296 4
297 1
298 1
299 1
300 7
301 1
302 2
303 4
304 2
305 1
306 1
307 3
308 1
309 2
310 1
311 1
312 1
313 1
314 1
315 6
316 2
317 2
318 1
319 2
320 1
321 8
322 1
323 1
324 1
325 1
326 1
327 1
328 3
329 4
330 1
331 1
332 1
333 3
334 1
335 16
336 1
337 1
338 1
339 1
340 1
341 1
342 1
343 1
344 1
345 2
346 1
347 1
348 1
349 2
350 2
351 2
352 1
353 1
354 1
355 1
356 1
357 1
358 1
359 1
360 1
361 1
362 1
363 1
364 5
365 1
366 1
367 1
368 2
369 1
370 1
371 2
372 1
373 17
374 1
375 1
376 1
377 1
378 1
379 2
380 4
381 1
382 1
383 1
384 1
385 2
386 1
387 1
388 2
389 1
390 1
391 1
392 1
393 2
394 1
395 3
396 1
397 1
398 1
399 1
400 1
401 1
402 1
403 1
404 1
405 1
406 2
407 1
408 1
409 1
410 1
411 1
412 5
413 1
414 1
415 3
416 1
417 3
418 1
419 5
420 4
421 1
422 1
423 3
424 1
425 1
426 1
427 2
428 1
429 1
430 20
431 2
432 3
433 2
434 1
435 1
436 3
437 1
438 1
439 1
440 1
441 2
442 13
443 1
444 1
445 2
446 2
447 1
448 1
449 2
450 1
451 1
452 2
453 1
454 1
455 1
456 1
457 1
458 1
459 1
460 1
461 2
462 1
463 1
464 1
465 1
466 1
467 2
468 1
469 1
470 1
471 2
472 3
473 1
474 1
475 1
476 1
477 1
478 2
479 1
480 4
481 1
482 2
483 1
484 1
485 1
486 1
487 1
488 3
489 2
490 1
491 2
492 1
493 2
494 1
495 2
496 2
497 1
498 1
499 1
500 1
501 1
502 2
503 1
504 1
505 2
506 1
507 1
508 2
509 1
510 1
511 1
512 1
513 1
514 1
515 1
516 1
517 1
518 1
519 1
520 1
521 2
522 1
523 11
524 1
525 4
526 1
527 5
528 2
529 10
530 1
531 1
532 2
533 1
534 1
535 15
536 1
537 1
538 1
539 1
540 1
541 1
542 16
543 63
544 2
545 3
546 3
547 1
548 1
549 1
550 3
551 1
552 1
553 1
554 1
555 1
556 1
557 1
558 1
559 2
560 1
561 1
562 1
563 1
564 1
565 1
566 1
567 1
568 1
569 2
570 1
571 2
572 1
573 1
574 1
575 3
576 1
577 1
578 10
579 7
580 4
581 1
582 1
583 1
584 1
585 1
586 1
587 9
588 1
589 1
590 3
591 3
592 3
593 4
594 1
595 1
596 3
597 2
598 1
599 1
600 6
601 1
602 2
603 1
604 4
605 1
606 1
607 1
608 1
609 1
610 15
611 2
612 1
613 1
614 2
615 3
616 1
617 1
618 1
619 4
620 1
621 1
622 3
623 1
624 4
625 1
626 1
627 1
628 1
629 1
630 1
631 272
632 3
633 3
634 16
635 1
636 1
637 1
638 2
639 1
640 1
641 2
642 1
643 1
644 1
645 1
646 3
647 1
648 1
649 16
650 1
651 1
652 1
653 2
654 1
655 1
656 1
657 3
658 5
659 1
660 1
661 1
662 1
663 1
664 1
665 1
666 2
667 1
668 1
669 1
670 1
671 1
672 1
673 1
674 1
675 2
676 2
677 2
678 1
679 3
680 1
681 3
682 1
683 1
684 1
685 5
686 1
687 1
688 1
689 1
690 3
691 1
692 1
693 97
694 1
695 5
696 1
697 12
698 1
699 1
700 2
701 1
702 1
703 1
704 1
705 1
706 1
707 1
708 2
709 2
710 1
711 10
712 1
713 1
714 1
715 1
716 1
717 5
718 1
719 2
720 1
721 1
722 1
723 5
724 38
725 1
726 1
727 5
728 1
729 2
730 1
731 1
732 1
733 1
734 6
735 3
736 2
737 1
738 1
739 1
740 1
741 1
742 3
743 3
744 1
745 1
746 2
747 1
748 3
749 1
750 2
751 1
752 1
753 2
754 2
755 3
756 1
757 1
758 1
759 1
760 1
761 1
762 2
763 1
764 4
765 1
766 9
767 1
768 1
769 1
770 1
771 2
772 1
773 1
774 1
775 1
776 1
777 2
778 1
779 1
780 1
781 1
782 1
783 1
784 2
785 1
786 1
787 1
788 1
789 2
790 1
791 1
792 2
793 2
794 1
795 1
796 2
797 2
798 1
799 1
800 1
801 1
802 1
803 1
804 1
805 1
806 1
807 1
808 1
809 3
810 1
811 6
812 1
813 1
814 1
815 1
816 1
817 1
818 2
819 1
820 1
821 1
822 1
823 1
824 1
825 1
826 2
827 2
828 1
829 1
830 1
831 3
832 1
833 2
834 1
835 1
836 1
837 1
838 1
839 1
840 2
841 1
842 1
843 1
844 1
845 2
846 3
847 14
848 1
849 2
850 4
851 2
852 2
853 1
854 1
855 1
856 2
857 1
858 2
859 1
860 1
861 6
862 1
863 1
864 1
865 1
866 2
867 1
868 1
869 1
870 1
871 1
872 1
873 1
874 1
875 1
876 1
877 2
878 1
879 5
880 1
881 1
882 2
883 2
884 22
885 1
886 17
887 2
888 1
889 1
890 2
891 1
892 2
893 1
894 1
895 1
896 4
897 3
898 1
899 1
900 3
901 2
902 1
903 1
904 1
905 1
906 1
907 1
908 1
909 1
910 1
911 1
912 1
913 1
914 1
915 1
916 2
917 1
918 1
919 1
920 1
921 1
922 1
923 1
924 2
925 3
926 13
927 1
928 8
929 1
930 2
931 1
932 1
933 1
934 2
935 1
936 1
937 1
938 1
939 1
940 6
941 9
942 2
943 1
944 2
945 1
946 1
947 1
948 1
949 4
950 1
951 1
952 1
953 1
954 1
955 1
956 1
957 1
958 1
959 1
960 1
961 3
962 7
963 1
964 1
965 1
966 1
967 1
968 1
969 1
970 2
971 1
972 1
973 1
974 2
975 1
976 1
977 2
978 1
979 1
980 1
981 1
982 1
983 11
984 2
985 1
986 1
987 1
988 2
989 2
990 1
991 2
992 2
993 1
994 1
995 1
996 2
997 1
998 3
999 2
1000 1
1001 1
1002 1
1003 1
1004 3
1005 11
1006 1
1007 1
1008 1
1009 2
1010 2
1011 1
1012 1
1013 3
1014 1
1015 1
1016 1
1017 1
1018 2
1019 1
1020 2
1021 1
1022 1
1023 2
1024 1
1025 1
1026 1
1027 1
1028 1
1029 1
1030 1
1031 1
1032 1
1033 1
1034 1
1035 4
1036 1
1037 2
1038 1
1039 3
1040 1
1041 2
1042 2
1043 2
1044 1
1045 1
1046 1
1047 1
1048 1
1049 4
1050 1
1051 1
1052 1
1053 1
1054 8
1055 1
1056 1
1057 1
1058 3
1059 1
1060 1
1061 4
1062 1
1063 1
1064 1
1065 1
1066 2
1067 1
1068 1
1069 1
1070 1
1071 3
1072 4
1073 2
1074 25
1075 12
1076 4
1077 1
1078 1
1079 1
1080 5
1081 1
1082 2
1083 5
1084 1
1085 1
1086 2
1087 3
1088 1
1089 2
1090 1
1091 1
1092 3
1093 1
1094 1
1095 2
1096 1
1097 1
1098 1
1099 1
1100 1
1101 1
1102 2
1103 1
1104 1
1105 15
1106 6
1107 1
1108 2
1109 1
1110 3
1111 1
1112 1
1113 1
1114 1
1115 1
1116 1
1117 2
1118 1
1119 1
1120 5
1121 1
1122 1
1123 1
1124 1
1125 1
1126 1
1127 2
1128 1
1129 2
1130 1
1131 3
1132 3
1133 2
1134 5
1135 1
1136 1
1137 23
1138 1
1139 1
1140 3
1141 1
1142 1
1143 1
1144 1
1145 6
1146 1
1147 6
1148 1
1149 1
1150 5
1151 1
1152 1
1153 1
1154 3
1155 2
1156 1
1157 2
1158 1
1159 1
1160 1
1161 2
1162 1
1163 1
1164 3
1165 1
1166 1
1167 1
1168 1
1169 1
1170 8
1171 1
1172 8
1173 2
1174 2
1175 1
1176 1
1177 1
1178 1
1179 2
1180 1
1181 2
1182 1
1183 1
1184 50
1185 1
1186 1
1187 1
1188 1
1189 1
1190 1
1191 2
1192 1
1193 1
1194 4
1195 1
1196 1
1197 1
1198 1
1199 1
1200 1
1201 1
1202 1
1203 1
1204 2
1205 1
1206 1
1207 1
1208 3
1209 1
1210 5
1211 3
1212 1
1213 2
1214 2
1215 1
1216 1
1217 3
1218 1
1219 1
1220 1
1221 2
1222 2
1223 2
1224 1
1225 2
1226 1
1227 1
1228 1
1229 1
1230 1
1231 1
1232 1
1233 1
1234 1
1235 1
1236 2
1237 1
1238 7
1239 6
1240 1
1241 1
1242 2
1243 1
1244 1
1245 13
1246 1
1247 1
1248 2
1249 2
1250 1
1251 2
1252 1
1253 1
1254 1
1255 2
1256 1
1257 1
1258 1
1259 3
1260 1
1261 2
1262 1
1263 2
1264 1
1265 1
1266 2
1267 2
1268 3
1269 1
1270 5
1271 2
1272 3
1273 3
1274 1
1275 1
1276 1
1277 1
1278 2
1279 1
1280 1
1281 1
1282 9
1283 2
1284 1
1285 1
1286 1
1287 3
1288 1
1289 3
1290 1
1291 3
1292 1
1293 1
1294 1
1295 2
1296 2
1297 1
1298 40
1299 1
1300 4
1301 1
1302 1
1303 2
1304 1
1305 3
1306 1
1307 1
1308 3
1309 1
1310 1
1311 2
1312 2
1313 1
1314 4
1315 1
1316 1
1317 1
1318 2
1319 1
1320 1
1321 1
1322 267
1323 1
1324 1
1325 2
1326 1
1327 6
1328 1
1329 4
1330 1
1331 1
1332 1
1333 1
1334 1
1335 1
1336 1
1337 3
1338 1
1339 8
1340 1
1341 3
1342 2
1343 1
1344 1
1345 1
1346 1
1347 1
1348 2
1349 4
1350 1
1351 1
1352 1
1353 3
1354 2
1355 1
1356 1
1357 1
1358 2
1359 1
1360 1
1361 1
1362 1
1363 1
1364 1
1365 7
1366 1
1367 2
1368 1
1369 2
1370 1
1371 1
1372 3
1373 3
1374 4
1375 1
1376 1
1377 2
1378 1
1379 1
1380 1
1381 2
1382 2
1383 1
1384 1
1385 1
1386 1
1387 1
1388 1
1389 1
1390 1
1391 1
1392 1
1393 2
1394 1
1395 2
1396 1
1397 1
1398 2
1399 1
1400 1
1401 1
1402 1
1403 1
1404 10
1405 1
1406 3
1407 3
1408 2
1409 1
1410 5
1411 1
1412 1
1413 1
1414 1
1415 1
1416 1
1417 1
1418 1
1419 1
1420 4
1421 3
1422 1
1423 1
1424 1
1425 1
1426 2
1427 5
1428 3
1429 1
1430 3
1431 1
1432 3
1433 3
1434 33
1435 1
1436 3
1437 1
1438 1
1439 1
1440 1
1441 2
1442 1
1443 2
1444 1
1445 1
1446 1
1447 2
1448 1
1449 2
1450 4
1451 2
1452 1
1453 3
1454 2
1455 2
1456 1
1457 4
1458 1
1459 1
1460 1
1461 1
1462 1
1463 1
1464 1
1465 1
1466 1
1467 6
1468 4
1469 1
1470 13
1471 1
1472 5
1473 1
1474 1
1475 2
1476 2
1477 2
1478 1
1479 1
1480 2
1481 1
1482 2
1483 1
1484 1
1485 1
1486 1
1487 1
1488 1
1489 1
1490 1
1491 2
1492 1
1493 1
1494 1
1495 1
1496 1
1497 1
1498 1
1499 1
1500 2
1501 2
1502 1
1503 1
1504 1
1505 2
1506 1
1507 1
1508 1
1509 3
1510 5
1511 2
1512 2
1513 1
1514 7
1515 1
1516 1
1517 5
1518 1
1519 2
1520 2
1521 3
1522 6
1523 1
1524 1
1525 2
1526 1
1527 1
1528 1
1529 1
1530 1
1531 1
1532 5
1533 1
1534 2
1535 1
1536 1
1537 2
1538 1
1539 1
1540 1
1541 1
1542 1
1543 1
1544 1
1545 1
1546 1
1547 4
1548 1
1549 6
1550 1
1551 1
1552 1
1553 1
1554 4
1555 3
1556 1
1557 1
1558 1
1559 1
1560 1
1561 1
1562 1
1563 4
1564 4
1565 1
1566 1
1567 2
1568 32
1569 1
1570 2
1571 1
1572 1
1573 1
1574 1
1575 1
1576 2
1577 1
1578 4
1579 1
1580 1
1581 1
1582 1
1583 1
1584 4
1585 1
1586 1
1587 1
1588 1
1589 1
1590 1
1591 1
1592 3
1593 1
1594 1
1595 4
1596 2
1597 2
1598 1
1599 1
1600 18
1601 1
1602 1
1603 1
1604 1
1605 1
1606 3
1607 2
1608 1
1609 2
1610 1
1611 1
1612 1
1613 1
1614 2
1615 1
1616 4
1617 1
1618 5
1619 1
1620 2
1621 1
1622 1
1623 1
1624 1
1625 1
1626 1
1627 1
1628 1
1629 1
1630 1
1631 1
1632 1
1633 1
1634 2
1635 1
1636 1
1637 3
1638 1
1639 1
1640 1
1641 1
1642 1
1643 1
1644 12
1645 2
1646 4
1647 1
1648 1
1649 1
1650 1
1651 1
1652 4
1653 5
1654 2
1655 1
1656 1
1657 1
1658 1
1659 2
1660 1
1661 1
1662 1
1663 1
1664 1
1665 2
1666 4
1667 3
1668 1
1669 1
1670 5
1671 1
1672 1
1673 1
1674 1
1675 2
1676 1
1677 1
1678 1
1679 1
1680 2
1681 1
1682 1
1683 5
1684 2
1685 1
1686 2
1687 1
1688 1
1689 1
1690 8
1691 2
1692 1
1693 1
1694 2
1695 1
1696 2
1697 1
1698 1
1699 1
1700 1
1701 13
1702 1
1703 1
1704 22
1705 1
1706 4
1707 17
1708 26
1709 1
1710 1
1711 1
1712 9
1713 3
1714 1
1715 1
1716 2
1717 1
1718 1
1719 1
1720 3
1721 1
1722 2
1723 1
1724 2
1725 1
1726 1
1727 1
1728 2
1729 2
1730 1
1731 29
1732 1
1733 1
1734 1
1735 1
1736 1
1737 1
1738 1
1739 1
1740 1
1741 1
1742 8
1743 5
1744 1
1745 2
1746 4
1747 1
1748 3
1749 1
1750 6
1751 1
1752 1
1753 2
1754 1
1755 1
1756 1
1757 1
1758 1
1759 1
1760 1
1761 1
1762 2
1763 2
1764 1
1765 1
1766 2
1767 1
1768 1
1769 1
1770 4
1771 1
1772 1
1773 1
1774 1
1775 1
1776 2
1777 1
1778 9
1779 1
1780 1
1781 1
1782 1
1783 1
1784 1
1785 2
1786 1
1787 1
1788 1
1789 1
1790 2
1791 1
1792 1
1793 1
1794 1
1795 1
1796 1
1797 5
1798 1
1799 4
1800 1
1801 3
1802 2
1803 2
1804 1
1805 1
1806 1
1807 1
1808 1
1809 5
1810 1
1811 8
1812 2
1813 1
1814 12
1815 1
1816 1
1817 4
1818 1
1819 1
1820 1
1821 8
1822 4
1823 1
1824 1
1825 1
1826 1
1827 4
1828 1
1829 1
1830 1
1831 3
1832 1
1833 1
1834 1
1835 4
1836 1
1837 1
1838 3
1839 3
1840 3
1841 1
1842 3
1843 1
1844 6
1845 2
1846 1
1847 1
1848 1
1849 1
1850 5
1851 6
1852 1
1853 1
1854 2
1855 2
1856 1
1857 1
1858 1
1859 2
1860 1
1861 1
1862 2
1863 1
1864 12
1865 1
1866 5
1867 1
1868 2
1869 1
1870 1
1871 2
1872 2
1873 2
1874 1
1875 1
1876 1
1877 1
1878 4
1879 1
1880 1
1881 1
1882 1
1883 1
1884 2
1885 2
1886 1
1887 1
1888 1
1889 1
1890 3
1891 6
1892 1
1893 1
1894 3
1895 1
1896 1
1897 2
1898 1
1899 1
1900 1
1901 1
1902 2
1903 23
1904 2
1905 1
1906 1
1907 2
1908 1
1909 1
1910 1
1911 3
1912 9
1913 1
1914 1
1915 4
1916 2
1917 1
1918 2
1919 1
1920 2
1921 1
1922 1
1923 1
1924 1
1925 15
1926 1
1927 1
1928 1
1929 1
1930 2
1931 1
1932 1
1933 2
1934 1
1935 1
1936 1
1937 2
1938 1
1939 21
1940 1
1941 11
1942 1
1943 1
1944 1
1945 1
1946 1
1947 1
1948 1
1949 1
1950 1
1951 2
1952 4
1953 39
1954 3
1955 1
1956 1
1957 1
1958 1
1959 1
1960 1
1961 6
1962 1
1963 1
1964 1
1965 1
1966 2
1967 3
1968 1
1969 1
1970 1
1971 1
1972 1
1973 1
1974 1
1975 1
1976 2
1977 3
1978 1
1979 5
1980 2
1981 11
1982 1
1983 1
1984 1
1985 1
1986 1
1987 1
1988 1
1989 1
1990 1
1991 1
1992 2
1993 1
1994 2
1995 1
1996 1
1997 1
1998 1
1999 1
2000 3
2001 1
2002 2
2003 1
2004 3
2005 1
2006 2
2007 1
2008 1
2009 1
2010 3
2011 2
2012 1
2013 2
2014 1
2015 21
2016 1
2017 1
2018 1
2019 1
2020 1
2021 1
2022 1
2023 1
2024 1
2025 1
2026 1
2027 1
2028 2
2029 3
2030 3
2031 1
2032 1
2033 3
2034 1
2035 1
2036 3
2037 1
2038 1
2039 1
2040 2
2041 1
2042 27
2043 3
2044 1
2045 1
2046 2
2047 3
2048 2
2049 1
2050 1
2051 1
2052 1
2053 11
2054 1
2055 6
2056 5
2057 12
2058 1
2059 2
2060 20
2061 1
2062 1
2063 1
2064 1
2065 1
2066 1
2067 12
2068 1
2069 1
2070 1
2071 1
2072 2
2073 1
2074 7
2075 1
2076 1
2077 1
2078 3
2079 1
2080 1
2081 1
2082 1
2083 1
2084 8
2085 1
2086 1
2087 1
2088 1
2089 1
2090 2
2091 2
2092 7
2093 1
2094 1
2095 1
2096 1
2097 2
2098 4
2099 1
2100 1
2101 1
2102 3
2103 1
2104 1
2105 1
2106 1
2107 2
2108 1
2109 1
2110 1
2111 1
2112 1
2113 1
2114 1
2115 1
2116 3
2117 2
2118 1
2119 2
2120 465
2121 1
2122 8
2123 1
2124 1
2125 1
2126 8
2127 9
2128 4
2129 1
2130 4
2131 1
2132 3
2133 1
2134 1
2135 1
2136 1
2137 1
2138 1
2139 1
2140 3
2141 1
2142 1
2143 1
2144 1
2145 2
2146 1
2147 1
2148 1
2149 3
2150 2
2151 5
2152 1
2153 8
2154 2
2155 1
2156 2
2157 1
2158 1
2159 2
2160 1
2161 2
2162 1
2163 1
2164 6
2165 2
2166 2
2167 1
2168 1
2169 1
2170 2
2171 1
2172 1
2173 1
2174 1
2175 1
2176 2
2177 1
2178 1
2179 4
2180 1
2181 1
2182 3
2183 1
2184 1
2185 2
2186 4
2187 1
2188 1
2189 1
2190 1
2191 1
2192 13
2193 1
2194 1
2195 1
2196 1
2197 1
2198 1
2199 4
2200 13
2201 1
2202 2
2203 1
2204 2
2205 1
2206 1
2207 1
2208 1
2209 1
2210 1
2211 1
2212 1
2213 1
2214 1
2215 1
2216 1
2217 1
2218 1
2219 4
2220 1
2221 1
2222 1
2223 1
2224 2
2225 1
2226 1
2227 1
2228 1
2229 1
2230 1
2231 1
2232 2
2233 1
2234 1
2235 2
2236 3
2237 2
2238 1
2239 1
2240 1
2241 1
2242 1
2243 1
2244 1
2245 1
2246 19
2247 1
2248 1
2249 1
2250 2
2251 1
2252 1
2253 1
2254 4
2255 1
2256 1
2257 1
2258 2
2259 1
2260 3
2261 1
2262 2
2263 1
2264 1
2265 1
2266 1
2267 1
2268 10
2269 1
2270 1
2271 1
2272 1
2273 1
2274 1
2275 2
2276 2
2277 1
2278 2
2279 1
2280 1
2281 1
2282 1
2283 2
2284 1
2285 2
2286 2
2287 2
2288 2
2289 3
2290 1
2291 1
2292 2
2293 4
2294 2
2295 2
2296 3
2297 2
2298 6
2299 1
2300 1
2301 1
2302 1
2303 1
2304 3
2305 2
2306 1
2307 2
2308 1
2309 1
2310 1
2311 2
2312 17
2313 1
2314 1
2315 1
2316 1
2317 1
2318 2
2319 1
2320 1
2321 1
2322 1
2323 2
2324 1
2325 13
2326 1
2327 1
2328 1
2329 5
2330 1
2331 1
2332 2
2333 5
2334 1
2335 1
2336 1
2337 2
2338 2
2339 1
2340 2
2341 1
2342 1
2343 1
2344 1
2345 1
2346 1
2347 1
2348 13
2349 11
2350 1
2351 1
2352 1
2353 3
2354 2
2355 1
2356 1
2357 1
2358 1
2359 2
2360 1
2361 1
2362 1
2363 1
2364 1
2365 1
2366 3
2367 1
2368 1
2369 2
2370 2
2371 7
2372 1
2373 1
2374 3
2375 1
2376 7
2377 1
2378 2
2379 2
2380 1
2381 2
2382 1
2383 1
2384 2
2385 1
2386 1
2387 1
2388 9
2389 1
2390 21
2391 1
2392 1
2393 1
2394 1
2395 1
2396 1
2397 1
2398 1
2399 1
2400 1
2401 1
2402 1
2403 1
2404 1
2405 1
2406 3
2407 1
2408 1
2409 2
2410 1
2411 1
2412 2
2413 1
2414 1
2415 10
2416 1
2417 4
2418 2
2419 1
2420 1
2421 2
2422 6
2423 2
2424 1
2425 1
2426 1
2427 2
2428 1
2429 3
2430 1
2431 226
2432 2
2433 1
2434 1
2435 8
2436 1
2437 1
2438 3
2439 1
2440 3
2441 2
2442 34
2443 1
2444 1
2445 1
2446 8
2447 1
2448 1
2449 1
2450 1
2451 3
2452 1
2453 1
2454 1
2455 1
2456 1
2457 1
2458 3
2459 1
2460 24
2461 1
2462 1
2463 1
2464 4
2465 1
2466 76
2467 5
2468 1
2469 1
2470 6
2471 1
2472 1
2473 1
2474 1
2475 1
2476 2
2477 1
2478 2
2479 1
2480 1
2481 2
2482 3
2483 1
2484 1
2485 1
2486 1
2487 1
2488 1
2489 5
2490 14
2491 4
2492 4
2493 1
2494 1
2495 2
2496 3
2497 1
2498 1
2499 2
2500 1
2501 10
2502 1
2503 3
2504 1
2505 5
2506 1
2507 1
2508 1
2509 1
2510 1
2511 5
2512 2
2513 1
2514 1
2515 1
2516 7
2517 15
2518 1
2519 2
2520 1
2521 1
2522 1
2523 1
2524 1
2525 1
2526 1
2527 1
2528 1
2529 1
2530 1
2531 1
2532 1
2533 1
2534 2
2535 1
2536 1
2537 4
2538 1
2539 1
2540 1
2541 1
2542 1
2543 1
2544 1
2545 3
2546 2
2547 1
2548 1
2549 1
2550 3
2551 1
2552 2
2553 1
2554 8
2555 1
2556 1
2557 1
2558 1
2559 1
2560 1
2561 1
2562 1
2563 10
2564 1
2565 1
2566 1
2567 1
2568 20
2569 1
2570 1
2571 2
2572 1
2573 1
2574 10
2575 2
2576 2
2577 31
2578 1
2579 1
2580 2
2581 1
2582 1
2583 1
2584 5
2585 1
2586 1
2587 1
2588 1
2589 1
2590 1
2591 1
2592 1
2593 1
2594 1
2595 1
2596 2
2597 1
2598 1
2599 1
2600 1
2601 1
2602 14
2603 1
2604 1
2605 1
2606 4
2607 1
2608 1
2609 1
2610 1
2611 2
2612 1
2613 1
2614 16
2615 2
2616 3
2617 2
2618 1
2619 1
2620 1
2621 1
2622 1
2623 1
2624 2
2625 2
2626 1
2627 1
2628 6
2629 2
2630 1
2631 1
2632 1
2633 1
2634 1
2635 1
2636 1
2637 1
2638 1
2639 1
2640 1
2641 1
2642 1
2643 1
2644 1
2645 2
2646 1
2647 1
2648 1
2649 28
2650 1
2651 2
2652 1
2653 1
2654 1
2655 1
2656 3
2657 1
2658 1
2659 4
2660 2
2661 1
2662 1
2663 1
2664 1
2665 1
2666 1
2667 1
2668 1
2669 1
2670 1
2671 3
2672 1
2673 1
2674 1
2675 6
2676 1
2677 1
2678 1
2679 1
2680 9
2681 2
2682 1
2683 1
2684 1
2685 1
2686 1
2687 1
2688 1
2689 1
2690 1
2691 1
2692 1
2693 2
2694 2
2695 1
2696 1
2697 2
2698 5
2699 1
2700 1
2701 26
2702 1
2703 2
2704 1
2705 1
2706 3
2707 1
2708 1
2709 1
2710 1
2711 4
2712 1
2713 2
2714 1
2715 1
2716 1
2717 1
2718 9
2719 1
2720 1
2721 2
2722 2
2723 1
2724 1
2725 1
2726 1
2727 2
2728 1
2729 14
2730 1
2731 1
2732 1
2733 1
2734 5
2735 1
2736 1
2737 1
2738 3
2739 1
2740 1
2741 1
2742 1
2743 1
2744 1
2745 1
2746 1
2747 1
2748 1
2749 1
2750 1
2751 44
2752 1
2753 1
2754 1
2755 1
2756 1
2757 6
2758 1
2759 1
2760 1
2761 1
2762 2
2763 1
2764 1
2765 1
2766 1
2767 1
2768 1
2769 1
2770 1
2771 1
2772 1
2773 1
2774 1
2775 2
2776 7
2777 1
2778 1
2779 1
2780 1
2781 1
2782 1
2783 2
2784 4
2785 2
2786 20
2787 2
2788 1
2789 1
2790 5
2791 1
2792 1
2793 1
2794 1
2795 1
2796 1
2797 1
2798 1
2799 1
2800 3
2801 1
2802 1
2803 2
2804 1
2805 2
2806 1
2807 8
2808 17
2809 1
2810 1
2811 1
2812 3
2813 1
2814 2
2815 1
2816 1
2817 4
2818 44
2819 2
2820 1
2821 2
2822 1
2823 5
2824 1
2825 1
2826 1
2827 1
2828 1
2829 1
2830 1
2831 1
2832 2
2833 1
2834 1
2835 1
2836 56
2837 29
2838 12
2839 1
2840 1
2841 2
2842 2
2843 13
2844 2
2845 1
2846 3
2847 4
2848 1
2849 1
2850 3
2851 2
2852 1
2853 1
2854 1
2855 1
2856 13
2857 1
2858 4
2859 1
2860 1
2861 1
2862 3
2863 1
2864 2
2865 1
2866 2
2867 1
2868 1
2869 2
2870 1
2871 1
2872 1
2873 1
2874 3
2875 2
2876 1
2877 3
2878 1
2879 2
2880 2
2881 3
2882 1
2883 1
2884 2
2885 1
2886 2
2887 1
2888 5
2889 1
2890 2
2891 1
2892 1
2893 2
2894 2
2895 1
2896 1
2897 1
2898 1
2899 3
2900 4
2901 1
2902 1
2903 1
2904 2
2905 1
2906 1
2907 7
2908 2
2909 1
2910 1
2911 235
2912 1
2913 1
2914 1
2915 1
2916 2
2917 2
2918 1
2919 1
2920 1
2921 1
2922 1
2923 1
2924 1
2925 1
2926 1
2927 1
2928 1
2929 1
2930 1
2931 1
2932 1
2933 1
2934 1
2935 1
2936 2
2937 1
2938 1
2939 1
2940 1
2941 1
2942 2
2943 1
2944 1
2945 1
2946 4
2947 1
2948 1
2949 1
2950 1
2951 2
2952 1
2953 1
2954 2
2955 1
2956 2
2957 2
2958 1
2959 1
2960 1
2961 1
2962 1
2963 8
2964 1
2965 2
2966 1
2967 2
2968 1
2969 1
2970 1
2971 1
2972 1
2973 1
2974 1
2975 4
2976 2
2977 2
2978 1
2979 7
2980 1
2981 1
2982 1
2983 2
2984 2
2985 1
2986 1
2987 1
2988 1
2989 5
2990 1
2991 1
2992 1
2993 1
2994 2
2995 1
2996 1
2997 2
2998 1
2999 5
3000 5
3001 2
3002 1
3003 4
3004 1
3005 1
3006 26
3007 1
3008 1
3009 1
3010 1
3011 1
3012 1
3013 1
3014 1
3015 2
3016 2
3017 4
3018 1
3019 1
3020 1
3021 1
3022 2
3023 40
3024 1
3025 1
3026 5
3027 12
3028 3
3029 1
3030 1
3031 1
3032 1
3033 1
3034 1
3035 3
3036 1
3037 1
3038 4
3039 1
3040 1
3041 1
3042 1
3043 3
3044 1
3045 1
3046 1
3047 1
3048 1
3049 1
3050 1
3051 1
3052 1
3053 1
3054 2
3055 1
3056 1
3057 1
3058 1
3059 3
3060 2
3061 4
3062 1
3063 3
3064 3
3065 1
3066 1
3067 1
3068 1
3069 2
3070 1
3071 1
3072 1
3073 1
3074 1
3075 1
3076 1
3077 1
3078 3
3079 2
3080 1
3081 1
3082 1
3083 15
3084 1
3085 1
3086 1
3087 1
3088 2
3089 1
3090 5
3091 1
3092 2
3093 1
3094 1
3095 1
3096 1
3097 1
3098 1
3099 3
3100 1
3101 1
3102 6
3103 1
3104 1
3105 1
3106 1
3107 1
3108 6
3109 1
3110 5
3111 1
3112 3
3113 1
3114 1
3115 1
3116 5
3117 1
3118 4
3119 1
3120 1
3121 1
3122 1
3123 1
3124 6
3125 1
3126 1
3127 2
3128 2
3129 1
3130 1
3131 1
3132 1
3133 1
3134 1
3135 5
3136 1
3137 24
3138 1
3139 21
3140 1
3141 1
3142 1
3143 1
3144 2
3145 1
3146 1
3147 1
3148 2
3149 1
3150 1
3151 1
3152 2
3153 1
3154 1
3155 1
3156 1
3157 15
3158 1
3159 1
3160 4
3161 2
3162 1
3163 1
3164 1
3165 1
3166 1
3167 12
3168 3
3169 4
3170 1
3171 1
3172 1
3173 25
3174 1
3175 1
3176 1
3177 3
3178 1
3179 1
3180 1
3181 1
3182 1
3183 1
3184 6
3185 1
3186 1
3187 1
3188 1
3189 1
3190 1
3191 1
3192 1
3193 4
3194 1
3195 2
3196 1
3197 1
3198 1
3199 1
3200 3
3201 2
3202 1
3203 1
3204 1
3205 1
3206 1
3207 1
3208 2
3209 1
3210 1
3211 3
3212 2
3213 1
3214 1
3215 2
3216 1
3217 1
3218 1
3219 1
3220 1
3221 1
3222 1
3223 1
3224 7
3225 7
3226 1
3227 1
3228 4
3229 1
3230 1
3231 1
3232 1
3233 2
3234 1
3235 2
3236 1
3237 1
3238 5
3239 1
3240 1
