0 1160
1 4
2 25
3 1
4 1
5 1
6 1
7 2
8 1
9 1
10 1
11 1
12 1
13 1
14 1
15 1
16 1
17 2
18 2
19 1
20 8
21 1
22 5
23 1
24 1
25 1
26 6
27 1
28 2
29 1
30 5
31 1
32 1
33 2
34 1
35 1
36 1
37 1
38 1
39 1
40 1
41 1
42 1
43 2
44 1
45 1
46 1
47 1
48 3
49 1
50 1
51 2
52 1
53 6
54 1
55 1
56 1
57 5
58 1
59 1
60 1
61 2
62 1
63 1
64 1
65 1
66 1
67 1
68 1
69 1
70 1
71 4
72 1
73 1
74 1
75 1
76 7
77 1
78 2
79 1
80 1
81 1
82 5
83 3
84 1
85 1
86 1
87 1
88 1
89 1
90 1
91 1
92 43
93 2
94 1
95 1
96 2
97 1
98 1
99 3
100 1
101 1
102 3
103 13
104 3
105 1
106 2
107 1
108 1
109 5
110 5
111 1
112 2
113 1
114 2
115 8
116 1
117 1
118 6
119 1
120 1
121 1
122 1
123 2
124 10
125 16
126 2
127 1
128 3
129 1
130 1
131 4
132 2
133 1
134 1
135 1
136 1
137 3
138 1
139 1
140 1
141 1
142 5
143 1
144 3
145 1
146 3
147 1
148 1
149 1
150 1
151 10
152 1
153 4
154 3
155 3
156 1
157 3
158 2
159 9
160 1
161 1
162 1
163 1
164 12
165 1
166 11
167 1
168 1
169 4
170 1
171 1
172 1
173 1
174 5
175 2
176 1
177 1
178 2
179 2
180 1
181 3
182 2
183 3
184 1
185 2
186 1
187 1
188 1
189 2
190 2
191 4
192 1
193 1
194 1
195 1
196 1
197 1
198 4
199 1
200 1
201 3
202 4
203 1
204 4
205 2
206 1
207 2
208 2
209 2
210 2
211 1
212 1
213 1
214 43
215 1
216 1
217 3
218 1
219 4
220 3
221 1
222 1
223 1
224 1
225 1
226 1
227 1
228 1
229 1
230 4
231 3
232 2
233 8
234 7
235 1
236 1
237 1
238 1
239 1
240 6
241 1
242 1
243 1
244 2
245 2
246 1
247 3
248 1
249 2
250 39
251 8
252 1
253 2
254 1
255 2
256 1
257 1
258 1
259 1
260 5
261 1
262 1
263 5
264 1
265 1
266 19
267 2
268 1
269 1
270 2
271 3
272 1
273 1
274 4
275 2
276 1
277 10
278 1
279 1
280 1
281 1
282 1
283 1
284 2
285 4
286 2
287 1
288 1
289 1
290 3
291 1
292 9
293 1
294 2
295 3
296 1
297 1
298 1
299 1
300 1
301 1
302 1
303 3
304 1
305 3
306 2
307 1
308 1
309 1
310 21
311 1
312 1
313 3
314 1
315 1
316 5
317 1
318 1
319 2
320 1
321 1
322 1
323 1
324 1
325 1
326 1
327 1
328 2
329 8
330 1
331 1
332 1
333 2
334 1
335 16
336 1
337 1
338 1
339 1
340 1
341 6
342 1
343 12
344 2
345 1
346 5
347 1
348 1
349 3
350 1
351 1
352 2
353 1
354 1
355 1
356 1
357 1
358 1
359 1
360 1
361 4
362 1
363 1
364 1
365 1
366 1
367 2
368 2
369 2
370 2
371 1
372 1
373 4
374 3
375 1
376 1
377 1
378 1
379 5
380 1
381 1
382 1
383 2
384 1
385 1
386 16
387 1
388 2
389 1
390 1
391 1
392 1
393 1
394 1
395 2
396 5
397 1
398 1
399 2
400 1
401 1
402 1
403 1
404 1
405 2
406 1
407 1
408 1
409 2
410 1
411 1
412 1
413 1
414 2
415 1
416 2
417 1
418 1
419 1
420 1
421 1
422 2
423 1
424 1
425 1
426 2
427 1
428 1
429 1
430 1
431 2
432 1
433 1
434 1
435 1
436 1
437 1
438 1
439 1
440 1
441 1
442 1
443 1
444 1
445 1
446 1
447 1
448 4
449 1
450 1
451 1
452 2
453 1
454 1
455 1
456 1
457 3
458 2
459 1
460 1
461 8
462 1
463 3
464 1
465 1
466 1
467 1
468 1
469 1
470 1
471 1
472 2
473 1
474 2
475 8
476 1
477 4
478 1
479 1
480 2
481 1
482 1
483 1
484 1
485 1
486 3
487 1
488 18
489 40
490 2
491 1
492 1
493 1
494 3
495 1
496 1
497 1
498 1
499 1
500 4
501 1
502 2
503 1
504 1
505 1
506 1
507 4
508 1
509 3
510 1
511 1
512 11
513 4
514 7
515 4
516 1
517 1
518 7
519 2
520 3
521 1
522 1
523 1
524 1
525 1
526 1
527 3
528 1
529 4
530 1
531 1
532 1
533 1
534 1
535 1
536 3
537 1
538 1
539 3
540 1
541 1
542 2
543 21
544 2
545 1
546 1
547 4
548 6
549 1
550 2
551 2
552 1
553 1
554 1
555 2
556 1
557 1
558 4
559 1
560 1
561 1
562 1
563 1
564 1
565 2
566 1
567 1
568 1
569 227
570 1
571 7
572 2
573 1
574 2
575 1
576 1
577 1
578 1
579 3
580 1
581 1
582 13
583 1
584 2
585 2
586 1
587 1
588 5
589 2
590 1
591 9
592 1
593 2
594 1
595 1
596 1
597 1
598 1
599 1
600 6
601 2
602 2
603 32
604 1
605 1
606 1
607 1
608 1
609 1
610 4
611 2
612 1
613 1
614 3
615 3
616 1
617 1
618 1
619 3
620 1
621 87
622 1
623 1
624 1
625 1
626 1
627 1
628 1
629 1
630 5
631 1
632 1
633 4
634 1
635 1
636 1
637 1
638 1
639 3
640 1
641 1
642 2
643 5
644 23
645 1
646 1
647 1
648 1
649 1
650 3
651 1
652 10
653 1
654 2
655 4
656 1
657 1
658 2
659 1
660 1
661 1
662 3
663 1
664 1
665 1
666 1
667 4
668 1
669 2
670 1
671 3
672 1
673 4
674 2
675 2
676 1
677 1
678 1
679 2
680 1
681 4
682 7
683 2
684 1
685 2
686 1
687 1
688 2
689 2
690 2
691 1
692 1
693 7
694 2
695 2
696 5
697 2
698 5
699 1
700 1
701 1
702 1
703 1
704 4
705 1
706 1
707 1
708 4
709 1
710 1
711 2
712 5
713 1
714 2
715 1
716 1
717 1
718 8
719 1
720 1
721 1
722 1
723 1
724 2
725 1
726 2
727 2
728 1
729 1
730 1
731 1
732 1
733 1
734 1
735 5
736 1
737 1
738 1
739 4
740 1
741 1
742 1
743 3
744 1
745 2
746 2
747 1
748 2
749 1
750 1
751 1
752 2
753 6
754 2
755 1
756 1
757 1
758 2
759 1
760 1
761 1
762 2
763 4
764 1
765 1
766 1
767 5
768 6
769 1
770 1
771 1
772 2
773 1
774 20
775 21
776 1
777 1
778 1
779 1
780 1
781 2
782 2
783 1
784 1
785 4
786 1
787 1
788 1
789 5
790 1
791 1
792 1
793 1
794 2
795 1
796 3
797 1
798 13
799 1
800 1
801 1
802 1
803 1
804 9
805 1
806 11
807 1
808 1
809 1
810 1
811 2
812 1
813 3
814 3
815 7
816 1
817 1
818 1
819 1
820 1
821 1
822 3
823 2
824 1
825 1
826 1
827 3
828 1
829 1
830 1
831 1
832 1
833 1
834 2
835 2
836 16
837 1
838 1
839 1
840 1
841 1
842 1
843 4
844 1
845 1
846 52
847 22
848 2
849 2
850 1
851 1
852 1
853 1
854 1
855 2
856 1
857 1
858 1
859 1
860 12
861 1
862 1
863 1
864 1
865 7
866 1
867 1
868 1
869 1
870 3
871 1
872 1
873 1
874 2
875 1
876 5
877 1
878 1
879 1
880 1
881 1
882 1
883 6
884 2
885 1
886 1
887 1
888 2
889 1
890 1
891 1
892 1
893 2
894 2
895 1
896 1
897 1
898 1
899 1
900 1
901 1
902 4
903 1
904 1
905 4
906 1
907 2
908 2
909 1
910 6
911 2
912 1
913 2
914 2
915 1
916 1
917 10
918 1
919 1
920 4
921 1
922 3
923 1
924 1
925 1
926 1
927 1
928 7
929 1
930 1
931 1
932 2
933 2
934 1
935 1
936 3
937 24
938 21
939 1
940 1
941 1
942 1
943 2
944 7
945 3
946 1
947 4
948 1
949 1
950 1
951 1
952 1
953 1
954 1
955 1
956 2
957 1
958 1
959 1
960 2
961 1
962 3
963 1
964 1
965 1
966 1
967 4
968 1
969 4
970 1
971 1
972 1
973 1
974 1
975 1
976 1
977 3
978 1
979 3
980 1
981 1
982 1
983 1
984 2
985 1
986 5
987 2
988 2
989 1
990 1
991 1
992 1
993 1
994 2
995 1
996 1
997 3
998 1
999 1
1000 27
1001 3
1002 1
1003 1
1004 2
1005 1
1006 2
1007 3
1008 1
1009 1
1010 2
1011 1
1012 1
1013 1
1014 1
1015 1
1016 1
1017 5
1018 2
1019 2
1020 2
1021 2
1022 1
1023 2
1024 1
1025 1
1026 3
1027 1
1028 1
1029 6
1030 2
1031 2
1032 1
1033 1
1034 1
1035 3
1036 3
1037 2
1038 1
1039 6
1040 3
1041 1
1042 1
1043 1
1044 1
1045 1
1046 1
1047 1
1048 3
1049 2
1050 1
1051 64
1052 2
1053 2
1054 1
1055 1
1056 1
1057 1
1058 1
1059 1
1060 4
1061 1
1062 1
1063 1
1064 2
1065 1
1066 1
1067 3
1068 2
1069 1
1070 1
1071 1
1072 1
1073 1
1074 1
1075 1
1076 1
1077 2
1078 2
1079 2
1080 2
1081 1
1082 2
1083 2
1084 1
1085 3
1086 1
1087 1
1088 1
1089 1
1090 1
1091 1
1092 3
1093 1
1094 1
1095 1
1096 4
1097 4
1098 1
1099 1
1100 1
1101 9
1102 3
1103 2
1104 1
1105 1
1106 1
1107 1
1108 2
1109 1
1110 2
1111 1
1112 1
1113 1
1114 2
1115 1
1116 1
1117 1
1118 1
1119 1
1120 1
1121 1
1122 1
1123 1
1124 5
1125 1
1126 1
1127 1
1128 1
1129 1
1130 1
1131 1
1132 1
1133 1
1134 1
1135 1
1136 1
1137 2
1138 3
1139 5
1140 1
1141 3
1142 1
1143 1
1144 7
1145 1
1146 1
1147 2
1148 2
1149 1
1150 1
1151 1
1152 1
1153 1
1154 2
1155 2
1156 1
1157 1
1158 1
1159 1
1160 4
1161 1
1162 2
1163 2
1164 1
1165 1
1166 1
1167 1
1168 1
1169 1
1170 1
1171 1
1172 1
1173 1
1174 2
1175 1
1176 1
1177 1
1178 2
1179 1
1180 1
1181 43
1182 1
1183 1
1184 1
1185 1
1186 2
1187 8
1188 1
1189 1
1190 1
1191 4
1192 1
1193 1
1194 1
1195 1
1196 1
1197 257
1198 2
1199 4
1200 1
1201 9
1202 3
1203 1
1204 1
1205 3
1206 1
1207 1
1208 2
1209 7
1210 1
1211 1
1212 1
1213 1
1214 1
1215 1
1216 7
1217 1
1218 1
1219 1
1220 1
1221 1
1222 1
1223 1
1224 6
1225 1
1226 2
1227 44
1228 1
1229 1
1230 1
1231 2
1232 3
1233 1
1234 1
1235 2
1236 1
1237 2
1238 1
1239 1
1240 1
1241 1
1242 5
1243 1
1244 1
1245 1
1246 1
1247 3
1248 3
1249 1
1250 4
1251 1
1252 1
1253 1
1254 1
1255 1
1256 1
1257 2
1258 1
1259 1
1260 2
1261 4
1262 1
1263 2
1264 1
1265 1
1266 2
1267 2
1268 2
1269 1
1270 1
1271 3
1272 3
1273 6
1274 5
1275 29
1276 1
1277 1
1278 1
1279 3
1280 1
1281 1
1282 1
1283 1
1284 1
1285 1
1286 1
1287 1
1288 1
1289 1
1290 1
1291 1
1292 1
1293 1
1294 1
1295 1
1296 1
1297 3
1298 1
1299 1
1300 2
1301 1
1302 2
1303 2
1304 4
1305 1
1306 1
1307 1
1308 6
1309 1
1310 1
1311 5
1312 1
1313 1
1314 1
1315 4
1316 1
1317 1
1318 1
1319 1
1320 7
1321 1
1322 1
1323 3
1324 1
1325 1
1326 1
1327 1
1328 1
1329 1
1330 1
1331 1
1332 1
1333 1
1334 1
1335 2
1336 1
1337 2
1338 2
1339 10
1340 1
1341 1
1342 1
1343 1
1344 1
1345 2
1346 1
1347 2
1348 2
1349 1
1350 1
1351 1
1352 1
1353 9
1354 6
1355 1
1356 2
1357 1
1358 2
1359 7
1360 1
1361 1
1362 1
1363 1
1364 1
1365 7
1366 1
1367 8
1368 1
1369 4
1370 1
1371 1
1372 5
1373 1
1374 3
1375 2
1376 1
1377 4
1378 5
1379 1
1380 1
1381 1
1382 1
1383 1
1384 1
1385 1
1386 4
1387 1
1388 1
1389 1
1390 1
1391 1
1392 1
1393 2
1394 2
1395 1
1396 1
1397 1
1398 1
1399 1
1400 1
1401 1
1402 1
1403 1
1404 1
1405 2
1406 1
1407 1
1408 4
1409 2
1410 3
1411 1
1412 1
1413 1
1414 1
1415 1
1416 2
1417 2
1418 1
1419 1
1420 4
1421 7
1422 1
1423 1
1424 1
1425 6
1426 3
1427 1
1428 2
1429 3
1430 2
1431 1
1432 1
1433 1
1434 1
1435 1
1436 1
1437 3
1438 2
1439 3
1440 2
1441 2
1442 1
1443 3
1444 1
1445 1
1446 1
1447 1
1448 2
1449 2
1450 2
1451 2
1452 1
1453 16
1454 1
1455 1
1456 1
1457 1
1458 1
1459 2
1460 1
1461 1
1462 1
1463 1
1464 4
1465 1
1466 2
1467 1
1468 13
1469 1
1470 1
1471 2
1472 3
1473 10
1474 1
1475 1
1476 1
1477 1
1478 1
1479 1
1480 1
1481 1
1482 2
1483 1
1484 1
1485 1
1486 2
1487 1
1488 1
1489 1
1490 1
1491 1
1492 1
1493 4
1494 2
1495 1
1496 4
1497 6
1498 2
1499 2
1500 1
1501 8
1502 3
1503 1
1504 1
1505 1
1506 1
1507 1
1508 1
1509 1
1510 1
1511 1
1512 1
1513 1
1514 6
1515 1
1516 1
1517 1
1518 1
1519 1
1520 2
1521 2
1522 3
1523 1
1524 2
1525 1
1526 1
1527 2
1528 1
1529 1
1530 2
1531 1
1532 3
1533 2
1534 1
1535 1
1536 3
1537 1
1538 5
1539 3
1540 1
1541 1
1542 3
1543 6
1544 1
1545 1
1546 2
1547 15
1548 1
1549 1
1550 2
1551 23
1552 1
1553 2
1554 1
1555 1
1556 2
1557 1
1558 9
1559 1
1560 1
1561 1
1562 1
1563 2
1564 1
1565 4
1566 1
1567 1
1568 2
1569 4
1570 1
1571 1
1572 1
1573 1
1574 1
1575 1
1576 1
1577 1
1578 3
1579 4
1580 1
1581 1
1582 1
1583 1
1584 1
1585 1
1586 1
1587 10
1588 1
1589 7
1590 1
1591 2
1592 1
1593 2
1594 4
1595 8
1596 1
1597 1
1598 1
1599 1
1600 1
1601 1
1602 1
1603 3
1604 3
1605 1
1606 1
1607 1
1608 7
1609 1
1610 1
1611 1
1612 3
1613 1
1614 1
1615 2
1616 1
1617 4
1618 1
1619 6
1620 2
1621 1
1622 4
1623 2
1624 3
1625 1
1626 1
1627 1
1628 1
1629 1
1630 4
1631 1
1632 1
1633 3
1634 1
1635 1
1636 2
1637 1
1638 1
1639 1
1640 1
1641 1
1642 1
1643 1
1644 1
1645 1
1646 2
1647 2
1648 1
1649 1
1650 14
1651 1
1652 1
1653 3
1654 1
1655 3
1656 1
1657 1
1658 2
1659 1
1660 1
1661 2
1662 1
1663 1
1664 1
1665 1
1666 1
1667 2
1668 1
1669 1
1670 1
1671 1
1672 3
1673 1
1674 2
1675 1
1676 2
1677 3
1678 1
1679 2
1680 1
1681 4
1682 1
1683 3
1684 1
1685 4
1686 2
1687 1
1688 1
1689 1
1690 1
1691 1
1692 1
1693 9
1694 1
1695 1
1696 1
1697 4
1698 1
1699 2
1700 1
1701 1
1702 1
1703 2
1704 8
1705 4
1706 2
1707 1
1708 1
1709 1
1710 2
1711 1
1712 1
1713 1
1714 1
1715 1
1716 1
1717 1
1718 1
1719 1
1720 1
1721 1
1722 4
1723 1
1724 1
1725 1
1726 1
1727 2
1728 4
1729 1
1730 1
1731 1
1732 1
1733 3
1734 6
1735 1
1736 4
1737 1
1738 4
1739 1
1740 1
1741 4
1742 1
1743 1
1744 3
1745 1
1746 1
1747 1
1748 1
1749 1
1750 3
1751 1
1752 2
1753 1
1754 14
1755 2
1756 1
1757 1
1758 2
1759 1
1760 1
1761 1
1762 1
1763 1
1764 2
1765 1
1766 2
1767 1
1768 1
1769 1
1770 1
1771 2
1772 1
1773 1
1774 1
1775 2
1776 2
1777 2
1778 1
1779 1
1780 17
1781 2
1782 9
1783 1
1784 1
1785 1
1786 1
1787 2
1788 2
1789 1
1790 1
1791 1
1792 1
1793 1
1794 1
1795 5
1796 41
1797 1
1798 1
1799 1
1800 11
1801 1
1802 1
1803 1
1804 1
1805 1
1806 1
1807 3
1808 1
1809 1
1810 2
1811 1
1812 1
1813 1
1814 1
1815 1
1816 1
1817 1
1818 1
1819 3
1820 1
1821 3
1822 6
1823 1
1824 1
1825 8
1826 1
1827 1
1828 1
1829 1
1830 1
1831 1
1832 2
1833 1
1834 1
1835 1
1836 2
1837 1
1838 1
1839 3
1840 1
1841 1
1842 1
1843 2
1844 2
1845 1
1846 3
1847 2
1848 2
1849 1
1850 1
1851 1
1852 1
1853 1
1854 1
1855 1
1856 2
1857 10
1858 1
1859 2
1860 1
1861 1
1862 1
1863 1
1864 1
1865 1
1866 1
1867 1
1868 1
1869 1
1870 2
1871 1
1872 2
1873 2
1874 1
1875 30
1876 3
1877 1
1878 1
1879 6
1880 4
1881 1
1882 1
1883 1
1884 11
1885 1
1886 15
1887 1
1888 8
1889 2
1890 1
1891 11
1892 1
1893 1
1894 1
1895 25
1896 1
1897 1
1898 1
1899 1
1900 1
1901 1
1902 3
1903 1
1904 1
1905 2
1906 1
1907 1
1908 1
1909 1
1910 10
1911 1
1912 1
1913 1
1914 1
1915 1
1916 1
1917 1
1918 4
1919 1
1920 3
1921 1
1922 3
1923 1
1924 1
1925 4
1926 2
1927 1
1928 1
1929 4
1930 1
1931 1
1932 1
1933 2
1934 1
1935 1
1936 5
1937 1
1938 1
1939 3
1940 1
1941 1
1942 411
1943 1
1944 1
1945 1
1946 2
1947 1
1948 1
1949 4
1950 4
1951 3
1952 1
1953 1
1954 1
1955 2
1956 1
1957 1
1958 3
1959 1
1960 1
1961 3
1962 1
1963 1
1964 2
1965 1
1966 3
1967 2
1968 3
1969 2
1970 6
1971 3
1972 1
1973 3
1974 1
1975 2
1976 1
1977 2
1978 1
1979 1
1980 1
1981 3
1982 2
1983 5
1984 1
1985 1
1986 2
1987 2
1988 1
1989 1
1990 1
1991 4
1992 2
1993 6
1994 1
1995 1
1996 2
1997 1
1998 1
1999 1
2000 1
2001 1
2002 8
2003 1
2004 1
2005 1
2006 1
2007 5
2008 1
2009 1
2010 14
2011 1
2012 1
2013 1
2014 1
2015 1
2016 1
2017 1
2018 1
2019 2
2020 2
2021 1
2022 1
2023 1
2024 2
2025 1
2026 1
2027 1
2028 1
2029 1
2030 1
2031 2
2032 1
2033 2
2034 2
2035 1
2036 1
2037 1
2038 4
2039 10
2040 1
2041 1
2042 1
2043 15
2044 2
2045 1
2046 2
2047 1
2048 2
2049 1
2050 1
2051 1
2052 1
2053 1
2054 1
2055 1
2056 1
2057 1
2058 22
2059 3
2060 1
2061 1
2062 3
2063 1
2064 2
2065 2
2066 2
2067 1
2068 1
2069 2
2070 1
2071 4
2072 1
2073 1
2074 1
2075 3
2076 1
2077 1
2078 4
2079 1
2080 2
2081 1
2082 1
2083 1
2084 1
2085 1
2086 4
2087 1
2088 1
2089 2
2090 1
2091 1
2092 1
2093 1
2094 1
2095 9
2096 22
2097 1
2098 1
2099 1
2100 4
2101 1
2102 2
2103 1
2104 1
2105 1
2106 1
2107 1
2108 2
2109 2
2110 1
2111 1
2112 1
2113 1
2114 1
2115 4
2116 3
2117 6
2118 1
2119 1
2120 1
2121 1
2122 1
2123 1
2124 1
2125 1
2126 4
2127 1
2128 1
2129 1
2130 1
2131 1
2132 1
2133 1
2134 1
2135 1
2136 1
2137 2
2138 1
2139 1
2140 1
2141 1
2142 1
2143 1
2144 1
2145 1
2146 2
2147 1
2148 1
2149 1
2150 1
2151 1
2152 2
2153 2
2154 2
2155 1
2156 2
2157 1
2158 1
2159 1
2160 15
2161 1
2162 3
2163 1
2164 1
2165 1
2166 5
2167 1
2168 1
2169 6
2170 2
2171 14
2172 2
2173 1
2174 1
2175 8
2176 1
2177 1
2178 1
2179 1
2180 1
2181 5
2182 1
2183 1
2184 1
2185 1
2186 2
2187 1
2188 1
2189 1
2190 1
2191 2
2192 1
2193 1
2194 1
2195 1
2196 1
2197 1
2198 14
2199 1
2200 1
2201 1
2202 4
2203 1
2204 4
2205 1
2206 1
2207 1
2208 1
2209 1
2210 1
2211 1
2212 1
2213 213
2214 1
2215 1
2216 1
2217 3
2218 1
2219 1
2220 3
2221 2
2222 1
2223 18
2224 1
2225 2
2226 2
2227 2
2228 3
2229 1
2230 1
2231 3
2232 2
2233 1
2234 2
2235 3
2236 1
2237 1
2238 1
2239 1
2240 1
2241 1
2242 1
2243 1
2244 1
2245 1
2246 1
2247 75
2248 3
2249 1
2250 9
2251 2
2252 1
2253 1
2254 1
2255 3
2256 3
2257 1
2258 1
2259 1
2260 1
2261 1
2262 1
2263 1
2264 1
2265 1
2266 1
2267 1
2268 1
2269 2
2270 1
2271 1
2272 6
2273 3
2274 1
2275 3
2276 1
2277 1
2278 1
2279 1
2280 5
2281 2
2282 1
2283 1
2284 1
2285 1
2286 1
2287 1
2288 1
2289 1
2290 3
2291 1
2292 1
2293 1
2294 10
2295 1
2296 2
2297 1
2298 3
2299 1
2300 1
2301 1
2302 1
2303 1
2304 1
2305 1
2306 1
2307 2
2308 1
2309 2
2310 2
2311 1
2312 19
2313 3
2314 1
2315 1
2316 1
2317 1
2318 7
2319 1
2320 1
2321 1
2322 1
2323 1
2324 1
2325 1
2326 1
2327 1
2328 1
2329 1
2330 2
2331 1
2332 1
2333 1
2334 2
2335 1
2336 1
2337 1
2338 2
2339 1
2340 1
2341 1
2342 1
2343 1
2344 1
2345 1
2346 1
2347 1
2348 1
2349 1
2350 1
2351 1
2352 2
2353 1
2354 1
2355 1
2356 1
2357 1
2358 2
2359 2
2360 1
2361 1
2362 14
2363 1
2364 1
2365 18
2366 1
2367 2
2368 1
2369 1
2370 2
2371 1
2372 3
2373 2
2374 1
2375 5
2376 2
2377 1
2378 48
2379 1
2380 1
2381 1
2382 2
2383 2
2384 1
2385 3
2386 1
2387 1
2388 1
2389 1
2390 1
2391 1
2392 2
2393 3
2394 1
2395 1
2396 2
2397 1
2398 2
2399 1
2400 2
2401 4
2402 1
2403 1
2404 1
2405 1
2406 2
2407 1
2408 1
2409 3
2410 1
2411 2
2412 1
2413 1
2414 1
2415 1
2416 1
2417 2
2418 1
2419 4
2420 1
2421 1
2422 5
2423 1
2424 1
2425 1
2426 1
2427 1
2428 1
2429 2
2430 2
2431 1
2432 1
2433 1
2434 1
2435 1
2436 1
2437 1
2438 1
2439 1
2440 1
2441 7
2442 1
2443 34
2444 1
2445 1
2446 1
2447 4
2448 3
2449 1
2450 1
2451 1
2452 3
2453 1
2454 1
2455 1
2456 1
2457 1
2458 1
2459 3
2460 1
2461 1
2462 1
2463 3
2464 1
2465 1
2466 1
2467 5
2468 1
2469 3
2470 1
2471 1
2472 7
2473 3
2474 1
2475 1
2476 1
2477 1
2478 1
2479 2
2480 1
2481 1
2482 1
2483 1
2484 1
2485 1
2486 1
2487 1
2488 1
2489 2
2490 1
2491 1
2492 1
2493 11
2494 1
2495 1
2496 1
2497 2
2498 1
2499 3
2500 4
2501 1
2502 1
2503 1
2504 3
2505 1
2506 2
2507 1
2508 9
2509 1
2510 10
2511 1
2512 1
2513 1
2514 3
2515 7
2516 1
2517 1
2518 1
2519 3
2520 1
2521 1
2522 1
2523 8
2524 1
2525 2
2526 1
2527 1
2528 1
2529 1
2530 1
2531 1
2532 1
2533 1
2534 4
2535 1
2536 1
2537 21
2538 1
2539 1
2540 1
2541 2
2542 6
2543 2
2544 2
2545 1
2546 2
2547 5
2548 1
2549 1
2550 1
2551 5
2552 1
2553 1
2554 2
2555 1
2556 1
2557 1
2558 1
2559 4
2560 1
2561 1
2562 1
2563 1
2564 2
2565 20
2566 2
2567 2
2568 1
2569 1
2570 1
2571 1
2572 1
2573 3
2574 2
2575 1
2576 2
2577 2
2578 1
2579 1
2580 2
2581 1
2582 1
2583 4
2584 13
2585 3
2586 1
2587 1
2588 1
2589 4
2590 5
2591 42
2592 3
2593 2
2594 3
2595 1
2596 1
2597 1
2598 1
2599 1
2600 32
2601 28
2602 1
2603 1
2604 1
2605 1
2606 1
2607 1
2608 1
2609 1
2610 7
2611 3
2612 1
2613 1
2614 1
2615 5
2616 1
2617 4
2618 1
2619 11
2620 1
2621 1
2622 1
2623 1
2624 1
2625 1
2626 1
2627 1
2628 1
2629 1
2630 1
2631 1
2632 2
2633 1
2634 2
2635 1
2636 4
2637 1
2638 1
2639 1
2640 1
2641 1
2642 4
2643 7
2644 3
2645 1
2646 1
2647 1
2648 3
2649 3
2650 2
2651 6
2652 1
2653 2
2654 1
2655 1
2656 1
2657 1
2658 11
2659 1
2660 3
2661 207
2662 1
2663 1
2664 1
2665 2
2666 3
2667 2
2668 6
2669 4
2670 1
2671 1
2672 1
2673 1
2674 1
2675 1
2676 2
2677 1
2678 1
2679 1
2680 1
2681 1
2682 1
2683 1
2684 2
2685 1
2686 1
2687 1
2688 1
2689 1
2690 4
2691 3
2692 1
2693 1
2694 1
2695 2
2696 1
2697 1
2698 1
2699 1
2700 1
2701 1
2702 1
2703 1
2704 1
2705 1
2706 2
2707 1
2708 2
2709 3
2710 6
2711 1
2712 1
2713 1
2714 1
2715 1
2716 1
2717 1
2718 3
2719 1
2720 1
2721 1
2722 6
2723 1
2724 1
2725 4
2726 1
2727 2
2728 1
2729 1
2730 1
2731 8
2732 1
2733 1
2734 3
2735 1
2736 3
2737 2
2738 2
2739 6
2740 1
2741 24
2742 2
2743 1
2744 1
2745 2
2746 1
2747 6
2748 1
2749 1
2750 1
2751 1
2752 1
2753 5
2754 1
2755 2
2756 1
2757 5
2758 1
2759 2
2760 1
2761 3
2762 1
2763 1
2764 1
2765 1
2766 1
2767 3
2768 6
2769 1
2770 1
2771 1
2772 1
2773 1
2774 2
2775 2
2776 1
2777 1
2778 4
2779 4
2780 1
2781 1
2782 1
2783 1
2784 2
2785 8
2786 1
2787 1
2788 4
2789 1
2790 1
2791 2
2792 1
2793 1
2794 2
2795 1
2796 2
2797 2
2798 1
2799 1
2800 1
2801 1
2802 3
2803 4
2804 1
2805 1
2806 3
2807 1
2808 1
2809 1
2810 5
2811 1
2812 2
2813 1
2814 1
2815 1
2816 1
2817 1
2818 4
2819 1
2820 1
2821 1
2822 1
2823 3
2824 5
2825 1
2826 2
2827 1
2828 2
2829 1
2830 1
2831 1
2832 5
2833 2
2834 2
2835 3
2836 1
2837 1
2838 1
2839 2
2840 1
2841 1
2842 3
2843 4
2844 19
2845 5
2846 1
2847 1
2848 1
2849 2
2850 1
2851 2
2852 1
2853 1
2854 1
2855 1
2856 1
2857 1
2858 1
2859 1
2860 1
2861 1
2862 2
2863 1
2864 1
2865 1
2866 1
2867 1
2868 1
2869 1
2870 4
2871 1
2872 1
2873 23
2874 1
2875 14
2876 1
2877 1
2878 1
2879 3
2880 1
2881 1
2882 1
2883 1
2884 1
2885 1
2886 1
2887 1
2888 5
2889 1
2890 1
2891 2
2892 1
2893 1
2894 1
2895 1
2896 1
2897 2
2898 1
2899 1
2900 9
2901 1
2902 1
2903 3
2904 1
2905 4
2906 28
2907 1
2908 1
2909 1
2910 1
2911 1
2912 1
2913 1
2914 1
2915 1
2916 1
2917 1
2918 14
2919 2
2920 1
2921 2
2922 1
2923 2
2924 1
2925 1
2926 1
2927 3
2928 1
2929 1
2930 1
2931 1
2932 1
2933 1
2934 3
2935 3
2936 1
2937 2
2938 6
2939 1
2940 2
2941 1
2942 2
2943 1
2944 1
2945 1
2946 1
2947 1
2948 1
2949 1
2950 5
2951 6
2952 3
2953 1
2954 1
2955 1
2956 1
2957 2
2958 4
2959 2
2960 1
2961 1
2962 1
2963 1
2964 1
