0 1433
1 1
2 14
3 1
4 1
5 1
6 1
7 1
8 1
9 1
10 37
11 1
12 2
13 1
14 1
15 1
16 2
17 1
18 1
19 6
20 1
21 1
22 1
23 2
24 3
25 8
26 1
27 1
28 2
29 1
30 3
31 1
32 1
33 1
34 1
35 3
36 1
37 2
38 2
39 1
40 2
41 1
42 2
43 1
44 1
45 1
46 1
47 4
48 2
49 2
50 1
51 7
52 1
53 1
54 1
55 5
56 1
57 1
58 1
59 1
60 6
61 1
62 1
63 1
64 1
65 1
66 1
67 1
68 1
69 1
70 1
71 3
72 1
73 1
74 4
75 1
76 1
77 1
78 1
79 1
80 1
81 1
82 2
83 3
84 1
85 1
86 1
87 1
88 1
89 1
90 1
91 1
92 2
93 1
94 1
95 2
96 34
97 1
98 1
99 1
100 2
101 1
102 2
103 1
104 1
105 1
106 1
107 4
108 1
109 1
110 1
111 14
112 1
113 1
114 1
115 4
116 4
117 1
118 2
119 1
120 10
121 5
122 1
123 1
124 1
125 1
126 1
127 1
128 2
129 4
130 14
131 1
132 1
133 1
134 1
135 1
136 5
137 1
138 1
139 1
140 1
141 1
142 1
143 3
144 1
145 1
146 2
147 1
148 2
149 1
150 1
151 1
152 1
153 1
154 3
155 1
156 1
157 1
158 4
159 2
160 1
161 2
162 1
163 1
164 1
165 1
166 1
167 1
168 1
169 1
170 2
171 1
172 1
173 2
174 1
175 1
176 4
177 1
178 3
179 6
180 1
181 1
182 7
183 1
184 3
185 1
186 1
187 1
188 1
189 5
190 1
191 1
192 1
193 2
194 2
195 1
196 7
197 1
198 1
199 2
200 1
201 4
202 5
203 6
204 1
205 3
206 1
207 1
208 1
209 1
210 1
211 1
212 1
213 6
214 1
215 1
216 1
217 4
218 2
219 5
220 1
221 1
222 1
223 1
224 3
225 1
226 1
227 1
228 1
229 35
230 1
231 1
232 6
233 2
234 1
235 1
236 1
237 1
238 1
239 1
240 1
241 1
242 1
243 1
244 2
245 1
246 1
247 1
248 1
249 1
250 1
251 1
252 1
253 9
254 1
255 1
256 1
257 1
258 1
259 3
260 1
261 5
262 1
263 1
264 1
265 1
266 40
267 7
268 2
269 6
270 1
271 1
272 2
273 4
274 1
275 1
276 2
277 1
278 1
279 12
280 1
281 1
282 1
283 1
284 2
285 1
286 1
287 1
288 1
289 3
290 1
291 6
292 2
293 1
294 1
295 1
296 2
297 1
298 1
299 2
300 1
301 1
302 1
303 1
304 1
305 1
306 1
307 1
308 1
309 5
310 1
311 1
312 1
313 15
314 1
315 1
316 1
317 1
318 1
319 1
320 1
321 3
322 1
323 1
324 1
325 1
326 3
327 2
328 11
329 1
330 1
331 1
332 1
333 1
334 1
335 1
336 3
337 2
338 27
339 1
340 1
341 1
342 1
343 1
344 6
345 12
346 2
347 1
348 1
349 1
350 1
351 2
352 1
353 1
354 1
355 1
356 2
357 1
358 10
359 2
360 2
361 1
362 1
363 1
364 2
365 1
366 1
367 1
368 1
369 2
370 3
371 1
372 1
373 1
374 4
375 1
376 1
377 3
378 1
379 1
380 1
381 1
382 1
383 1
384 1
385 1
386 1
387 2
388 1
389 1
390 1
391 1
392 1
393 1
394 1
395 2
396 1
397 1
398 2
399 1
400 2
401 1
402 1
403 1
404 1
405 3
406 1
407 1
408 1
409 2
410 1
411 15
412 2
413 1
414 6
415 1
416 1
417 1
418 2
419 18
420 1
421 1
422 1
423 1
424 1
425 1
426 1
427 1
428 2
429 1
430 1
431 1
432 1
433 1
434 1
435 1
436 1
437 2
438 1
439 1
440 1
441 1
442 1
443 1
444 4
445 1
446 1
447 1
448 1
449 10
450 1
451 1
452 1
453 1
454 1
455 1
456 1
457 4
458 1
459 1
460 1
461 1
462 1
463 1
464 1
465 1
466 3
467 1
468 1
469 260
470 1
471 3
472 1
473 1
474 1
475 1
476 2
477 1
478 2
479 2
480 1
481 1
482 1
483 1
484 1
485 1
486 1
487 1
488 1
489 1
490 1
491 2
492 1
493 3
494 1
495 1
496 1
497 1
498 3
499 1
500 4
501 4
502 1
503 1
504 2
505 2
506 1
507 1
508 2
509 9
510 1
511 1
512 1
513 4
514 2
515 15
516 1
517 1
518 1
519 1
520 2
521 1
522 1
523 2
524 2
525 4
526 2
527 1
528 1
529 22
530 67
531 2
532 3
533 3
534 2
535 1
536 1
537 2
538 1
539 1
540 2
541 1
542 3
543 1
544 1
545 2
546 1
547 2
548 1
549 2
550 1
551 1
552 2
553 1
554 1
555 2
556 1
557 1
558 1
559 1
560 1
561 9
562 9
563 5
564 1
565 1
566 1
567 1
568 1
569 5
570 2
571 2
572 2
573 1
574 1
575 1
576 11
577 2
578 1
579 1
580 1
581 1
582 4
583 1
584 1
585 1
586 2
587 1
588 1
589 18
590 2
591 4
592 1
593 1
594 1
595 1
596 1
597 1
598 6
599 1
600 1
601 1
602 1
603 1
604 1
605 2
606 1
607 1
608 1
609 1
610 1
611 1
612 1
613 1
614 1
615 1
616 9
617 1
618 1
619 1
620 1
621 8
622 1
623 2
624 1
625 1
626 1
627 2
628 1
629 3
630 1
631 1
632 1
633 2
634 1
635 16
636 1
637 1
638 1
639 1
640 1
641 3
642 2
643 1
644 1
645 2
646 1
647 2
648 1
649 2
650 1
651 2
652 1
653 3
654 1
655 1
656 1
657 2
658 1
659 1
660 1
661 1
662 1
663 2
664 1
665 3
666 4
667 5
668 1
669 1
670 1
671 1
672 3
673 1
674 1
675 1
676 1
677 1
678 1
679 5
680 1
681 103
682 1
683 1
684 1
685 1
686 1
687 1
688 1
689 3
690 2
691 1
692 1
693 10
694 1
695 1
696 1
697 1
698 1
699 3
700 30
701 1
702 1
703 1
704 2
705 1
706 8
707 1
708 1
709 2
710 1
711 9
712 1
713 5
714 1
715 1
716 1
717 2
718 1
719 1
720 1
721 1
722 2
723 1
724 1
725 5
726 1
727 1
728 1
729 1
730 1
731 1
732 2
733 1
734 7
735 1
736 2
737 5
738 1
739 1
740 3
741 1
742 1
743 2
744 1
745 1
746 1
747 1
748 1
749 1
750 1
751 1
752 2
753 2
754 1
755 1
756 1
757 2
758 1
759 2
760 1
761 1
762 9
763 1
764 1
765 2
766 1
767 2
768 1
769 2
770 1
771 2
772 1
773 1
774 2
775 4
776 1
777 6
778 1
779 2
780 2
781 2
782 2
783 1
784 1
785 1
786 1
787 1
788 33
789 1
790 1
791 1
792 1
793 1
794 2
795 1
796 1
797 1
798 1
799 3
800 1
801 1
802 1
803 1
804 1
805 1
806 2
807 1
808 1
809 2
810 3
811 2
812 2
813 3
814 1
815 1
816 4
817 1
818 2
819 1
820 1
821 1
822 3
823 1
824 1
825 1
826 1
827 1
828 1
829 1
830 1
831 1
832 1
833 1
834 7
835 2
836 2
837 1
838 1
839 1
840 1
841 28
842 14
843 1
844 2
845 1
846 1
847 1
848 1
849 2
850 2
851 2
852 2
853 1
854 2
855 1
856 8
857 1
858 2
859 1
860 1
861 5
862 1
863 1
864 1
865 1
866 1
867 2
868 1
869 1
870 3
871 1
872 3
873 1
874 1
875 2
876 1
877 1
878 1
879 1
880 18
881 1
882 7
883 1
884 1
885 2
886 2
887 1
888 4
889 15
890 1
891 1
892 1
893 4
894 4
895 1
896 1
897 1
898 3
899 1
900 2
901 2
902 1
903 1
904 1
905 1
906 4
907 6
908 1
909 1
910 2
911 11
912 1
913 1
914 1
915 1
916 1
917 1
918 1
919 2
920 1
921 17
922 1
923 4
924 1
925 1
926 1
927 1
928 1
929 1
930 1
931 1
932 1
933 6
934 1
935 12
936 1
937 1
938 1
939 1
940 1
941 1
942 1
943 1
944 1
945 1
946 1
947 3
948 4
949 1
950 1
951 4
952 1
953 5
954 1
955 1
956 1
957 1
958 1
959 2
960 1
961 1
962 1
963 2
964 1
965 1
966 1
967 3
968 1
969 1
970 1
971 1
972 1
973 1
974 3
975 1
976 2
977 1
978 1
979 2
980 2
981 1
982 1
983 5
984 1
985 1
986 2
987 1
988 1
989 1
990 1
991 1
992 3
993 1
994 1
995 1
996 2
997 1
998 1
999 4
1000 1
1001 1
1002 1
1003 4
1004 1
1005 1
1006 2
1007 4
1008 1
1009 1
1010 1
1011 1
1012 1
1013 1
1014 1
1015 5
1016 1
1017 1
1018 2
1019 1
1020 15
1021 13
1022 5
1023 1
1024 1
1025 1
1026 3
1027 5
1028 2
1029 1
1030 3
1031 1
1032 2
1033 1
1034 1
1035 1
1036 2
1037 1
1038 1
1039 1
1040 1
1041 2
1042 1
1043 1
1044 1
1045 1
1046 1
1047 2
1048 1
1049 1
1050 1
1051 1
1052 4
1053 6
1054 1
1055 2
1056 1
1057 1
1058 1
1059 5
1060 1
1061 1
1062 1
1063 2
1064 2
1065 1
1066 2
1067 1
1068 2
1069 1
1070 3
1071 1
1072 1
1073 1
1074 2
1075 8
1076 3
1077 1
1078 1
1079 1
1080 1
1081 3
1082 2
1083 1
1084 3
1085 1
1086 5
1087 1
1088 1
1089 27
1090 1
1091 1
1092 1
1093 2
1094 4
1095 1
1096 1
1097 2
1098 9
1099 1
1100 4
1101 1
1102 1
1103 3
1104 1
1105 1
1106 3
1107 4
1108 1
1109 2
1110 1
1111 1
1112 2
1113 1
1114 1
1115 1
1116 1
1117 1
1118 1
1119 1
1120 3
1121 1
1122 5
1123 1
1124 1
1125 2
1126 1
1127 1
1128 1
1129 1
1130 1
1131 1
1132 1
1133 1
1134 2
1135 1
1136 1
1137 8
1138 2
1139 2
1140 1
1141 3
1142 1
1143 3
1144 1
1145 1
1146 59
1147 1
1148 1
1149 5
1150 1
1151 1
1152 2
1153 1
1154 1
1155 1
1156 2
1157 1
1158 12
1159 2
1160 1
1161 1
1162 1
1163 1
1164 2
1165 1
1166 1
1167 1
1168 2
1169 1
1170 8
1171 1
1172 1
1173 2
1174 1
1175 1
1176 5
1177 1
1178 1
1179 3
1180 1
1181 1
1182 1
1183 1
1184 1
1185 2
1186 1
1187 1
1188 1
1189 1
1190 1
1191 2
1192 1
1193 2
1194 2
1195 1
1196 1
1197 1
1198 1
1199 2
1200 2
1201 2
1202 1
1203 1
1204 1
1205 1
1206 8
1207 1
1208 3
1209 2
1210 3
1211 1
1212 2
1213 2
1214 1
1215 1
1216 1
1217 1
1218 1
1219 2
1220 1
1221 11
1222 1
1223 1
1224 1
1225 1
1226 1
1227 1
1228 1
1229 1
1230 1
1231 1
1232 1
1233 2
1234 1
1235 1
1236 1
1237 1
1238 1
1239 1
1240 1
1241 1
1242 1
1243 1
1244 1
1245 1
1246 1
1247 23
1248 1
1249 3
1250 4
1251 1
1252 1
1253 6
1254 1
1255 1
1256 1
1257 1
1258 1
1259 1
1260 1
1261 1
1262 2
1263 4
1264 1
1265 1
1266 1
1267 1
1268 2
1269 1
1270 2
1271 6
1272 1
1273 1
1274 2
1275 2
1276 1
1277 1
1278 1
1279 1
1280 1
1281 64
1282 1
1283 1
1284 1
1285 2
1286 1
1287 1
1288 3
1289 2
1290 1
1291 1
1292 1
1293 1
1294 4
1295 3
1296 1
1297 1
1298 8
1299 3
1300 1
1301 1
1302 1
1303 1
1304 1
1305 1
1306 1
1307 1
1308 292
1309 3
1310 1
1311 1
1312 2
1313 1
1314 3
1315 1
1316 1
1317 2
1318 1
1319 1
1320 1
1321 2
1322 2
1323 4
1324 2
1325 3
1326 1
1327 1
1328 2
1329 1
1330 1
1331 4
1332 3
1333 1
1334 1
1335 2
1336 1
1337 1
1338 1
1339 4
1340 1
1341 2
1342 1
1343 5
1344 1
1345 1
1346 1
1347 2
1348 3
1349 1
1350 38
1351 1
1352 1
1353 1
1354 2
1355 1
1356 1
1357 2
1358 2
1359 5
1360 2
1361 1
1362 1
1363 5
1364 1
1365 1
1366 1
1367 1
1368 1
1369 1
1370 1
1371 1
1372 1
1373 1
1374 1
1375 6
1376 2
1377 1
1378 5
1379 1
1380 2
1381 1
1382 11
1383 2
1384 3
1385 3
1386 1
1387 1
1388 3
1389 1
1390 2
1391 1
1392 1
1393 1
1394 1
1395 1
1396 1
1397 1
1398 1
1399 1
1400 1
1401 1
1402 1
1403 4
1404 2
1405 1
1406 1
1407 1
1408 3
1409 2
1410 32
1411 2
1412 2
1413 3
1414 1
1415 1
1416 2
1417 1
1418 2
1419 1
1420 1
1421 3
1422 2
1423 1
1424 1
1425 1
1426 1
1427 1
1428 1
1429 1
1430 1
1431 1
1432 1
1433 1
1434 2
1435 1
1436 1
1437 3
1438 3
1439 2
1440 2
1441 1
1442 11
1443 1
1444 2
1445 1
1446 5
1447 1
1448 1
1449 7
1450 10
1451 2
1452 4
1453 2
1454 1
1455 1
1456 1
1457 1
1458 3
1459 1
1460 3
1461 1
1462 1
1463 1
1464 2
1465 1
1466 2
1467 1
1468 1
1469 1
1470 1
1471 1
1472 1
1473 1
1474 1
1475 3
1476 2
1477 1
1478 1
1479 1
1480 1
1481 5
1482 1
1483 3
1484 1
1485 1
1486 3
1487 1
1488 1
1489 1
1490 6
1491 1
1492 1
1493 4
1494 5
1495 1
1496 4
1497 3
1498 1
1499 3
1500 1
1501 1
1502 1
1503 1
1504 1
1505 1
1506 2
1507 1
1508 3
1509 1
1510 1
1511 2
1512 1
1513 1
1514 3
1515 1
1516 1
1517 1
1518 1
1519 1
1520 2
1521 1
1522 2
1523 3
1524 1
1525 6
1526 2
1527 3
1528 1
1529 1
1530 1
1531 1
1532 3
1533 1
1534 1
1535 1
1536 1
1537 4
1538 6
1539 6
1540 1
1541 5
1542 1
1543 2
1544 1
1545 1
1546 1
1547 1
1548 1
1549 1
1550 33
1551 2
1552 1
1553 1
1554 4
1555 2
1556 2
1557 1
1558 6
1559 1
1560 1
1561 2
1562 1
1563 1
1564 1
1565 2
1566 7
1567 1
1568 1
1569 1
1570 21
1571 1
1572 1
1573 2
1574 1
1575 1
1576 1
1577 1
1578 1
1579 1
1580 1
1581 2
1582 1
1583 1
1584 1
1585 1
1586 1
1587 1
1588 1
1589 4
1590 1
1591 1
1592 1
1593 1
1594 3
1595 1
1596 1
1597 1
1598 3
1599 2
1600 1
1601 1
1602 3
1603 2
1604 4
1605 1
1606 3
1607 2
1608 2
1609 2
1610 2
1611 1
1612 9
1613 3
1614 1
1615 2
1616 2
1617 1
1618 3
1619 1
1620 4
1621 1
1622 4
1623 1
1624 1
1625 2
1626 1
1627 1
1628 1
1629 10
1630 1
1631 1
1632 1
1633 1
1634 1
1635 1
1636 1
1637 1
1638 1
1639 1
1640 2
1641 2
1642 1
1643 1
1644 2
1645 1
1646 2
1647 1
1648 1
1649 1
1650 2
1651 1
1652 1
1653 1
1654 1
1655 7
1656 1
1657 1
1658 3
1659 2
1660 2
1661 1
1662 1
1663 1
1664 1
1665 2
1666 1
1667 6
1668 1
1669 26
1670 1
1671 1
1672 2
1673 28
1674 1
1675 1
1676 1
1677 1
1678 3
1679 6
1680 12
1681 1
1682 1
1683 3
1684 1
1685 2
1686 1
1687 1
1688 1
1689 1
1690 1
1691 1
1692 1
1693 1
1694 1
1695 1
1696 1
1697 1
1698 5
1699 7
1700 2
1701 1
1702 1
1703 1
1704 1
1705 1
1706 1
1707 1
1708 1
1709 2
1710 7
1711 9
1712 1
1713 5
1714 4
1715 1
1716 4
1717 1
1718 9
1719 1
1720 2
1721 1
1722 1
1723 1
1724 1
1725 1
1726 1
1727 1
1728 1
1729 1
1730 1
1731 1
1732 2
1733 2
1734 2
1735 1
1736 1
1737 1
1738 1
1739 7
1740 1
1741 1
1742 1
1743 1
1744 2
1745 1
1746 1
1747 1
1748 7
1749 1
1750 1
1751 2
1752 1
1753 5
1754 1
1755 2
1756 1
1757 3
1758 1
1759 1
1760 2
1761 1
1762 1
1763 1
1764 1
1765 1
1766 1
1767 11
1768 1
1769 2
1770 2
1771 1
1772 2
1773 2
1774 1
1775 1
1776 2
1777 2
1778 1
1779 1
1780 5
1781 1
1782 1
1783 1
1784 2
1785 2
1786 17
1787 1
1788 3
1789 1
1790 2
1791 1
1792 28
1793 3
1794 1
1795 1
1796 1
1797 1
1798 1
1799 2
1800 1
1801 1
1802 1
1803 1
1804 1
1805 1
1806 1
1807 2
1808 2
1809 2
1810 1
1811 1
1812 1
1813 2
1814 1
1815 8
1816 1
1817 1
1818 2
1819 1
1820 1
1821 5
1822 5
1823 1
1824 3
1825 1
1826 5
1827 1
1828 1
1829 1
1830 1
1831 1
1832 1
1833 1
1834 2
1835 5
1836 2
1837 1
1838 1
1839 1
1840 1
1841 1
1842 2
1843 1
1844 2
1845 1
1846 1
1847 1
1848 2
1849 2
1850 1
1851 2
1852 2
1853 1
1854 1
1855 1
1856 1
1857 1
1858 3
1859 2
1860 1
1861 2
1862 1
1863 1
1864 2
1865 1
1866 2
1867 1
1868 1
1869 1
1870 1
1871 7
1872 3
1873 13
1874 2
1875 1
1876 1
1877 1
1878 7
1879 1
1880 1
1881 3
1882 4
1883 8
1884 1
1885 1
1886 2
1887 1
1888 1
1889 1
1890 1
1891 1
1892 2
1893 1
1894 1
1895 1
1896 2
1897 1
1898 2
1899 1
1900 1
1901 1
1902 1
1903 1
1904 1
1905 1
1906 1
1907 1
1908 1
1909 1
1910 3
1911 1
1912 1
1913 1
1914 27
1915 2
1916 9
1917 1
1918 2
1919 1
1920 2
1921 1
1922 1
1923 2
1924 1
1925 1
1926 2
1927 1
1928 6
1929 1
1930 6
1931 49
1932 2
1933 1
1934 1
1935 10
1936 2
1937 1
1938 2
1939 1
1940 1
1941 1
1942 1
1943 1
1944 5
1945 1
1946 1
1947 1
1948 2
1949 6
1950 1
1951 2
1952 1
1953 1
1954 1
1955 1
1956 2
1957 1
1958 2
1959 4
1960 1
1961 9
1962 9
1963 7
1964 4
1965 3
1966 2
1967 1
1968 1
1969 1
1970 1
1971 1
1972 2
1973 1
1974 2
1975 1
1976 1
1977 1
1978 1
1979 1
1980 2
1981 1
1982 2
1983 1
1984 1
1985 1
1986 2
1987 1
1988 2
1989 2
1990 1
1991 1
1992 1
1993 18
1994 1
1995 2
1996 1
1997 1
1998 1
1999 2
2000 2
2001 1
2002 1
2003 1
2004 2
2005 1
2006 1
2007 4
2008 1
2009 6
2010 1
2011 1
2012 1
2013 1
2014 24
2015 6
2016 1
2017 2
2018 2
2019 1
2020 4
2021 1
2022 3
2023 1
2024 1
2025 2
2026 5
2027 1
2028 1
2029 17
2030 1
2031 5
2032 1
2033 25
2034 1
2035 1
2036 1
2037 2
2038 1
2039 1
2040 5
2041 1
2042 1
2043 3
2044 1
2045 1
2046 1
2047 1
2048 3
2049 1
2050 1
2051 1
2052 1
2053 1
2054 2
2055 1
2056 1
2057 1
2058 1
2059 1
2060 2
2061 1
2062 2
2063 1
2064 1
2065 1
2066 2
2067 3
2068 1
2069 1
2070 1
2071 10
2072 1
2073 2
2074 2
2075 1
2076 1
2077 1
2078 1
2079 1
2080 1
2081 1
2082 3
2083 1
2084 1
2085 1
2086 2
2087 1
2088 1
2089 1
2090 3
2091 1
2092 1
2093 5
2094 1
2095 1
2096 1
2097 1
2098 5
2099 423
2100 2
2101 1
2102 1
2103 1
2104 2
2105 3
2106 1
2107 1
2108 2
2109 1
2110 1
2111 1
2112 3
2113 1
2114 1
2115 3
2116 1
2117 1
2118 2
2119 1
2120 2
2121 1
2122 2
2123 2
2124 1
2125 1
2126 2
2127 1
2128 2
2129 1
2130 1
2131 1
2132 6
2133 1
2134 1
2135 2
2136 1
2137 1
2138 1
2139 1
2140 2
2141 1
2142 1
2143 1
2144 1
2145 1
2146 1
2147 1
2148 5
2149 1
2150 1
2151 3
2152 2
2153 1
2154 1
2155 1
2156 1
2157 1
2158 1
2159 1
2160 6
2161 7
2162 1
2163 2
2164 4
2165 1
2166 1
2167 1
2168 1
2169 2
2170 1
2171 1
2172 10
2173 2
2174 1
2175 2
2176 1
2177 2
2178 10
2179 1
2180 1
2181 1
2182 2
2183 1
2184 1
2185 1
2186 1
2187 1
2188 1
2189 1
2190 1
2191 1
2192 3
2193 1
2194 1
2195 9
2196 1
2197 3
2198 1
2199 1
2200 1
2201 1
2202 1
2203 2
2204 2
2205 3
2206 2
2207 3
2208 9
2209 2
2210 1
2211 1
2212 1
2213 10
2214 1
2215 2
2216 3
2217 1
2218 1
2219 1
2220 2
2221 3
2222 1
2223 1
2224 1
2225 1
2226 1
2227 1
2228 1
2229 1
2230 1
2231 1
2232 1
2233 2
2234 7
2235 2
2236 1
2237 7
2238 2
2239 1
2240 1
2241 2
2242 2
2243 1
2244 1
2245 1
2246 1
2247 2
2248 2
2249 1
2250 1
2251 4
2252 2
2253 5
2254 1
2255 1
2256 1
2257 1
2258 1
2259 2
2260 2
2261 4
2262 1
2263 1
2264 1
2265 4
2266 6
2267 1
2268 1
2269 1
2270 2
2271 2
2272 1
2273 1
2274 4
2275 1
2276 1
2277 1
2278 1
2279 2
2280 2
2281 1
2282 6
2283 4
2284 1
2285 1
2286 1
2287 2
2288 1
2289 10
2290 1
2291 1
2292 6
2293 4
2294 1
2295 1
2296 1
2297 1
2298 1
2299 2
2300 1
2301 1
2302 2
2303 1
2304 1
2305 1
2306 1
2307 1
2308 4
2309 4
2310 1
2311 1
2312 1
2313 1
2314 1
2315 1
2316 1
2317 1
2318 1
2319 2
2320 1
2321 1
2322 2
2323 1
2324 2
2325 1
2326 1
2327 1
2328 1
2329 1
2330 5
2331 4
2332 1
2333 4
2334 1
2335 1
2336 1
2337 1
2338 2
2339 8
2340 1
2341 1
2342 1
2343 1
2344 1
2345 2
2346 1
2347 1
2348 2
2349 1
2350 1
2351 1
2352 1
2353 1
2354 1
2355 1
2356 1
2357 1
2358 1
2359 1
2360 1
2361 1
2362 1
2363 2
2364 1
2365 3
2366 1
2367 2
2368 1
2369 1
2370 1
2371 1
2372 2
2373 1
2374 8
2375 1
2376 1
2377 1
2378 2
2379 2
2380 1
2381 2
2382 1
2383 1
2384 4
2385 1
2386 1
2387 1
2388 3
2389 1
2390 1
2391 1
2392 2
2393 187
2394 1
2395 1
2396 1
2397 1
2398 1
2399 1
2400 1
2401 1
2402 1
2403 1
2404 3
2405 2
2406 1
2407 4
2408 1
2409 1
2410 1
2411 1
2412 1
2413 1
2414 6
2415 1
2416 2
2417 1
2418 1
2419 1
2420 5
2421 1
2422 1
2423 1
2424 73
2425 1
2426 1
2427 6
2428 6
2429 1
2430 1
2431 1
2432 1
2433 1
2434 1
2435 1
2436 3
2437 1
2438 1
2439 1
2440 1
2441 1
2442 1
2443 1
2444 1
2445 1
2446 4
2447 1
2448 1
2449 2
2450 1
2451 1
2452 1
2453 4
2454 1
2455 1
2456 1
2457 1
2458 8
2459 2
2460 1
2461 1
2462 1
2463 2
2464 14
2465 1
2466 3
2467 10
2468 1
2469 1
2470 1
2471 1
2472 3
2473 1
2474 1
2475 1
2476 1
2477 1
2478 3
2479 1
2480 1
2481 1
2482 1
2483 1
2484 1
2485 19
2486 1
2487 1
2488 1
2489 1
2490 1
2491 1
2492 1
2493 2
2494 1
2495 7
2496 1
2497 3
2498 5
2499 1
2500 1
2501 1
2502 1
2503 1
2504 1
2505 1
2506 1
2507 1
2508 1
2509 1
2510 2
2511 1
2512 2
2513 1
2514 1
2515 2
2516 1
2517 1
2518 1
2519 1
2520 2
2521 1
2522 7
2523 1
2524 1
2525 1
2526 1
2527 1
2528 3
2529 1
2530 16
2531 1
2532 1
2533 1
2534 1
2535 1
2536 1
2537 2
2538 3
2539 1
2540 1
2541 2
2542 2
2543 1
2544 1
2545 5
2546 1
2547 1
2548 1
2549 24
2550 1
2551 1
2552 1
2553 1
2554 2
2555 2
2556 2
2557 1
2558 47
2559 3
2560 1
2561 1
2562 1
2563 2
2564 2
2565 1
2566 1
2567 1
2568 1
2569 1
2570 1
2571 1
2572 1
2573 1
2574 1
2575 1
2576 1
2577 1
2578 1
2579 1
2580 18
2581 1
2582 1
2583 1
2584 1
2585 1
2586 1
2587 2
2588 1
2589 3
2590 1
2591 1
2592 1
2593 2
2594 2
2595 1
2596 1
2597 5
2598 1
2599 1
2600 2
2601 1
2602 4
2603 1
2604 3
2605 1
2606 1
2607 2
2608 1
2609 1
2610 1
2611 1
2612 1
2613 1
2614 4
2615 1
2616 1
2617 3
2618 2
2619 1
2620 1
2621 1
2622 1
2623 1
2624 1
2625 1
2626 1
2627 2
2628 1
2629 2
2630 1
2631 1
2632 33
2633 3
2634 1
2635 1
2636 1
2637 1
2638 2
2639 1
2640 1
2641 1
2642 1
2643 1
2644 1
2645 1
2646 2
2647 1
2648 1
2649 1
2650 2
2651 1
2652 1
2653 1
2654 1
2655 1
2656 2
2657 1
2658 1
2659 1
2660 3
2661 2
2662 1
2663 1
2664 1
2665 1
2666 1
2667 6
2668 1
2669 1
2670 1
2671 1
2672 1
2673 1
2674 1
2675 2
2676 1
2677 9
2678 1
2679 1
2680 9
2681 1
2682 3
2683 1
2684 2
2685 2
2686 1
2687 1
2688 3
2689 1
2690 1
2691 1
2692 1
2693 1
2694 8
2695 1
2696 3
2697 1
2698 2
2699 1
2700 1
2701 8
2702 11
2703 1
2704 1
2705 1
2706 1
2707 4
2708 1
2709 1
2710 1
2711 1
2712 1
2713 1
2714 1
2715 3
2716 1
2717 1
2718 2
2719 1
2720 3
2721 31
2722 1
2723 1
2724 1
2725 1
2726 2
2727 1
2728 2
2729 1
2730 4
2731 2
2732 1
2733 4
2734 1
2735 1
2736 1
2737 3
2738 1
2739 1
2740 6
2741 2
2742 1
2743 1
2744 4
2745 5
2746 1
2747 1
2748 1
2749 1
2750 5
2751 2
2752 1
2753 1
2754 1
2755 1
2756 2
2757 2
2758 1
2759 3
2760 1
2761 2
2762 1
2763 1
2764 1
2765 1
2766 1
2767 19
2768 1
2769 5
2770 1
2771 1
2772 1
2773 1
2774 2
2775 3
2776 52
2777 1
2778 1
2779 1
2780 1
2781 1
2782 1
2783 1
2784 1
2785 1
2786 1
2787 1
2788 41
2789 1
2790 10
2791 1
2792 1
2793 1
2794 5
2795 1
2796 1
2797 1
2798 7
2799 1
2800 1
2801 3
2802 11
2803 3
2804 1
2805 1
2806 1
2807 1
2808 1
2809 1
2810 1
2811 11
2812 4
2813 1
2814 3
2815 1
2816 1
2817 1
2818 1
2819 30
2820 1
2821 1
2822 1
2823 5
2824 1
2825 1
2826 1
2827 5
2828 1
2829 1
2830 1
2831 1
2832 1
2833 1
2834 1
2835 1
2836 1
2837 1
2838 5
2839 1
2840 7
2841 3
2842 1
2843 1
2844 2
2845 1
2846 1
2847 1
2848 1
2849 1
2850 1
2851 10
2852 1
2853 4
2854 4
2855 6
2856 2
2857 1
2858 2
2859 7
2860 1
2861 3
2862 1
2863 257
2864 1
2865 1
2866 1
2867 8
2868 3
2869 3
2870 1
2871 1
2872 1
2873 1
2874 1
2875 3
2876 1
2877 3
2878 1
2879 1
2880 2
2881 1
2882 1
2883 1
2884 4
2885 3
2886 1
2887 1
2888 4
2889 1
2890 4
2891 1
2892 2
2893 1
2894 4
2895 1
2896 1
2897 2
2898 1
2899 1
2900 1
2901 1
2902 1
2903 1
2904 1
2905 1
2906 1
2907 1
2908 1
2909 1
2910 1
2911 2
2912 1
2913 1
2914 1
2915 1
2916 4
2917 1
2918 1
2919 2
2920 4
2921 1
2922 1
2923 6
2924 1
2925 1
2926 1
2927 3
2928 2
2929 1
2930 1
2931 1
2932 1
2933 1
2934 1
2935 2
2936 1
2937 1
2938 1
2939 1
2940 1
2941 1
2942 1
2943 1
2944 1
2945 3
2946 1
2947 1
2948 3
2949 8
2950 1
2951 1
2952 1
2953 4
2954 2
2955 5
2956 1
2957 2
2958 4
2959 1
2960 4
2961 1
2962 1
2963 1
2964 1
2965 1
2966 1
2967 1
2968 1
2969 1
2970 1
2971 2
2972 6
2973 1
2974 2
2975 1
2976 2
2977 1
2978 1
2979 1
2980 2
2981 2
2982 5
2983 3
2984 1
2985 1
2986 1
2987 1
2988 2
2989 1
2990 3
2991 3
2992 1
2993 1
2994 1
2995 3
2996 1
2997 1
2998 1
2999 2
3000 1
3001 1
3002 1
3003 1
3004 2
3005 1
3006 1
3007 2
3008 1
3009 2
3010 3
3011 1
3012 1
3013 1
3014 1
3015 1
3016 1
3017 2
3018 1
3019 1
3020 1
3021 1
3022 1
3023 4
3024 1
3025 3
3026 3
3027 1
3028 2
3029 1
3030 2
3031 5
3032 1
3033 1
3034 1
3035 1
3036 2
3037 5
3038 2
3039 1
3040 1
3041 1
3042 2
3043 1
3044 1
3045 1
3046 13
3047 1
3048 1
3049 2
3050 2
3051 1
3052 1
3053 2
3054 1
3055 1
3056 1
3057 1
3058 2
3059 7
3060 1
3061 1
3062 1
3063 1
3064 1
3065 6
3066 1
3067 1
3068 3
3069 1
3070 6
3071 2
3072 1
3073 1
3074 1
3075 2
3076 10
3077 1
3078 6
3079 1
3080 1
3081 2
3082 1
3083 1
3084 1
3085 2
3086 3
3087 6
3088 4
3089 1
3090 1
3091 4
3092 1
3093 1
3094 1
3095 1
3096 1
3097 2
3098 1
3099 1
3100 1
3101 23
3102 1
3103 1
3104 1
3105 17
3106 1
3107 1
3108 2
3109 1
3110 1
3111 1
3112 1
3113 1
3114 1
3115 1
3116 1
3117 1
3118 23
3119 1
3120 7
3121 5
3122 1
3123 1
3124 1
3125 1
3126 1
3127 1
3128 1
3129 5
3130 1
3131 1
3132 1
3133 3
3134 1
3135 1
3136 1
3137 1
3138 1
3139 1
3140 2
3141 2
3142 2
3143 2
3144 1
3145 1
3146 1
3147 1
3148 2
3149 1
3150 1
3151 1
3152 3
3153 1
3154 1
3155 2
3156 1
3157 8
3158 3
3159 1
3160 2
3161 1
3162 1
3163 1
3164 1
3165 1
3166 1
3167 1
3168 1
3169 1
3170 5
3171 7
3172 1
3173 5
3174 1
3175 1
3176 1
3177 1
3178 1
3179 1
3180 11
3181 1
3182 4
3183 1
3184 1
3185 1
3186 1
3187 1
3188 1
3189 1
3190 1
3191 2
3192 1
3193 1
3194 2
3195 2
