0 7
1 1
2 1
3 1
4 1
5 1
6 1
7 1
8 1
9 1
10 1
11 2
12 1
13 1
14 2
15 2
16 1
17 1
18 1
19 1
20 1
21 1
22 1
23 1
24 4
25 2
26 1
27 1
28 1
29 1
30 1
31 1
32 1
33 4
34 1
35 1
36 1
37 1
38 1
39 1
40 1
41 1
42 1
43 1
44 1
45 1
46 1
47 1
48 1
49 1
50 1
51 1
52 1
53 11
54 1
55 1
56 2
57 1
58 1
59 1
60 1
61 1
62 2
63 1
64 2
65 1
66 1
67 1
68 1
69 1
70 1
71 1
72 1
73 2
74 1
75 1
76 1
77 1
78 2
79 1
80 1
81 1
82 1
83 2
84 1
85 4
86 1
87 8
88 1
89 1
90 1
91 1
92 1
93 2
94 1
95 1
96 1
97 1
98 1
99 1
100 1
101 1
102 2
103 2
104 1
105 1
106 1
107 1
108 1
109 3
110 1
111 3
112 1
113 1
114 1
115 2
116 2
117 2
118 1
119 3
120 2
121 1
122 1
123 3
124 1
125 1
126 1
127 1
128 1
129 1
130 1
131 1
132 1
133 1
134 1
135 4
136 1
137 1
138 1
139 1
140 1
141 1
142 1
143 1
144 1
145 1
146 1
147 1
148 1
149 1
150 2
151 1
152 1
153 1
154 1
155 1
156 1
157 1
158 2
159 2
160 1
161 1
162 2
163 1
164 2
165 1
166 2
167 1
168 1
169 1
170 2
171 1
172 1
173 1
174 1
175 1
176 1
177 1
178 3
179 1
180 1
181 1
182 1
183 2
184 2
185 1
186 1
187 1
188 1
189 2
190 1
191 1
192 1
193 1
194 1
195 1
196 1
197 1
198 1
199 3
200 1
201 2
202 2
203 2
204 1
205 1
206 1
207 1
208 1
209 2
210 2
211 1
212 1
213 1
214 1
215 1
216 1
217 1
218 1
219 2
220 1
221 1
222 1
223 1
224 8
225 1
226 1
227 1
228 1
229 1
230 1
231 1
232 1
233 1
234 1
235 1
236 1
237 1
238 1
239 1
240 1
241 2
242 1
243 1
244 1
245 1
246 1
247 1
248 1
249 2
250 1
251 1
252 1
253 1
254 1
255 1
256 2
257 1
258 3
259 1
260 1
261 1
262 2
263 2
264 1
265 1
266 12
267 1
268 1
269 1
270 3
271 1
272 1
273 1
274 5
275 1
276 1
277 1
278 1
279 1
280 6
281 1
282 1
283 1
284 1
285 1
286 1
287 1
288 1
289 1
290 1
291 2
292 1
293 2
294 1
295 2
296 1
297 1
298 1
299 1
300 1
301 2
302 1
303 6
304 1
305 3
306 1
307 1
308 1
309 1
310 1
311 1
312 2
313 2
314 1
315 1
316 1
317 1
318 1
319 2
320 1
321 1
322 1
323 1
324 1
325 1
326 1
327 1
328 3
329 3
330 2
331 1
332 1
333 1
334 1
335 1
336 1
337 1
338 2
339 1
340 5
341 1
342 1
343 3
344 1
345 2
346 1
347 1
348 1
349 1
