0 15
1 31
2 1
3 1
4 3
5 2
6 2
7 1
8 2
9 1
10 1
11 2
12 1
13 1
14 1
15 1
16 1
17 1
18 1
19 9
20 2
21 2
22 13
23 1
24 4
25 37
26 1
27 1
28 1
29 1
30 1
31 1
32 1
33 3
34 2
35 1
36 1
37 2
38 1
39 1
40 1
41 1
42 6
43 1
44 1
45 1
46 1
47 1
48 6
49 1
50 1
51 62
52 1
53 1
54 1
55 4
56 6
57 2
58 1
59 1
60 3
61 1
62 1
63 4
64 1
65 1
66 1
67 1
68 1
69 1
70 1
71 1
72 6
73 1
74 11
75 1
76 1
77 5
78 1
79 2
80 1
81 1
82 2
83 1
84 1
85 1
86 1
87 1
88 2
89 1
90 1
91 4
92 2
93 1
94 1
95 3
96 43
97 2
98 1
99 2
100 1
101 1
102 5
103 7
104 2
105 2
106 8
107 1
108 2
109 1
110 22
111 1
112 1
113 2
114 1
115 1
116 1
117 1
118 1
119 13
120 3
121 1
122 1
123 1
124 5
125 1
126 1
127 1
128 1
129 1
130 2
131 1
132 4
133 1
134 1
135 16
136 1
137 3
138 2
139 2
140 1
141 4
142 2
143 2
144 7
145 1
146 1
147 1
148 1
149 1
150 1
151 3
152 1
153 1
154 1
155 1
156 2
157 1
158 2
159 1
160 2
161 1
162 1
163 1
164 6
165 1
166 1
167 2
168 1
169 2
170 2
171 1
172 8
173 1
174 1
175 1
176 1
177 1
178 5
179 2
180 1
181 1
182 2
183 1
184 1
185 4
186 1
187 1
188 2
189 1
190 1
191 1
192 2
193 7
194 1
195 1
196 1
197 3
198 2
199 1
200 2
201 1
202 3
203 5
204 1
205 1
206 2
207 3
208 1
209 2
210 1
211 1
212 7
213 2
214 1
215 1
216 2
217 1
218 1
219 2
220 3
221 1
222 2
223 1
224 1
225 1
226 1
227 1
228 11
229 1
230 78
231 1
232 4
233 1
234 16
235 27
236 1
237 2
238 27
239 2
240 3
241 3
242 1
243 2
244 1
245 3
246 9
247 2
248 1
249 2
250 7
251 1
252 1
253 1
254 9
255 2
256 9
257 1
258 1
259 2
260 1
261 2
262 1
263 1
264 2
265 1
266 11
267 2
268 1
269 1
270 3
271 1
272 4
273 3
274 82
275 1
276 14
277 1
278 1
279 1
280 1
281 1
282 1
283 2
284 4
285 1
286 4
287 1
288 1
289 1
290 1
291 1
292 2
293 1
294 2
295 2
296 1
297 68
298 1
299 3
300 1
301 1
302 1
303 1
304 1
305 1
306 2
307 4
308 1
309 1
310 1
311 10
312 1
313 2
314 1
315 2
316 1
317 1
318 1
319 1
320 3
321 1
322 1
323 1
324 1
325 2
326 2
327 3
328 1
329 1
330 3
331 6
332 2
333 21
334 1
335 1
336 1
337 1
338 1
339 1
340 2
341 1
342 15
343 1
344 1
345 1
346 1
347 1
348 2
349 1
350 1
351 1
352 1
353 5
354 1
355 1
356 2
357 1
358 1
359 1
360 1
361 1
362 2
363 1
364 6
365 2
366 1
367 9
368 2
369 3
370 1
371 1
372 125
373 1
374 2
375 3
376 3
377 1
378 3
379 2
380 1
381 1
382 5
383 3
384 2
385 18
386 8
387 1
388 1
389 2
390 2
391 3
392 1
393 1
394 1
395 1
396 2
397 1
398 1
399 1
400 6
401 1
402 5
403 2
404 1
405 2
406 1
407 3
408 6
409 2
410 1
411 1
412 2
413 1
414 2
415 3
416 2
417 1
418 1
419 1
420 1
421 1
422 1
423 1
424 20
425 2
426 32
427 1
428 1
429 1
430 1
431 1
432 1
433 5
434 1
435 1
436 1
437 1
438 1
439 4
440 1
441 1
442 1
443 1
444 4
445 1
446 1
447 1
448 1
449 1
450 1
451 8
452 1
453 7
454 6
455 1
456 1
457 2
458 1
459 2
460 1
461 2
462 1
463 1
464 2
465 1
466 1
467 1
468 1
469 1
470 1
471 1
472 1
473 1
474 1
475 1
476 1
477 1
478 1
479 2
480 1
481 1
482 1
483 2
484 1
485 1
486 5
487 4
488 2
489 3
490 1
491 1
492 3
493 1
494 1
495 1
496 1
497 4
498 1
499 2
500 1
501 2
502 5
503 1
504 1
505 4
506 2
507 1
508 8
509 1
510 1
511 3
512 3
513 1
514 1
515 1
516 7
517 1
518 1
519 2
520 1
521 1
522 1
523 30
524 2
525 1
526 1
527 3
528 2
529 5
530 1
531 4
532 1
533 1
534 1
535 4
536 3
537 28
538 65
539 1
540 2
541 1
542 4
543 19
544 2
545 1
546 1
547 1
548 1
549 9
550 3
551 1
552 2
553 6
554 1
555 1
556 1
557 1
558 1
559 1
560 1
561 2
562 1
563 1
564 46
565 1
566 1
567 1
568 14
569 1
570 1
571 2
572 1
573 1
574 2
575 1
576 1
577 1
578 3
579 1
580 2
581 3
582 1
583 1
584 1
585 11
586 1
587 1
588 1
589 1
590 1
591 1
592 3
593 4
594 5
595 1
596 25
597 1
598 1
599 1
600 4
601 1
602 2
603 1
604 3
605 1
606 1
607 1
608 1
609 8
610 6
611 2
612 1
613 1
614 2
615 1
616 1
617 3
618 2
619 2
620 2
621 4
622 1
623 1
624 2
625 1
626 2
627 2
628 1
629 1
630 1
631 3
632 4
633 9
634 3
635 1
636 1
637 1
638 1
639 3
640 1
641 2
642 1
643 1
644 1
645 1
646 1
647 1
648 1
649 2
650 1
651 1
652 2
653 2
654 3
655 2
656 1
657 1
658 1
659 9
660 1
661 2
662 1
663 1
664 2
665 1
666 1
667 1
668 1
669 2
670 13
671 1
672 1
673 1
674 1
675 1
676 1
677 1
678 1
679 2
680 2
681 1
682 1
683 35
684 1
685 1
686 1
687 3
688 1
689 1
690 2
691 1
692 1
693 1
694 2
695 1
696 2
697 4
698 1
699 2
700 1
701 1
702 3
703 1
704 3
705 7
706 6
707 1
708 1
709 1
710 1
711 4
712 6
713 1
714 12
715 2
716 2
717 1
718 2
719 1
720 1
721 1
722 1
723 4
724 2
725 1
726 4
727 1
728 1
729 1
730 1
731 1
732 1
733 1
734 1
735 1
736 1
737 6
738 1
739 1
740 1
741 2
742 1
743 1
744 48
745 1
746 2
747 5
748 1
749 1
750 1
751 1
752 2
753 10
754 5
755 1
756 1
757 59
758 1
759 1
760 3
761 1
762 2
763 5
764 2
765 2
766 1
767 2
768 2
769 1
770 2
771 1
772 2
773 1
774 1
775 1
776 1
777 1
778 1
779 5
780 1
781 4
782 1
783 15
784 1
785 1
786 1
787 1
788 1
789 97
790 2
791 2
792 1
793 5
794 1
795 1
796 1
797 1
798 3
799 1
800 4
801 1
802 10
803 1
804 1
805 1
806 3
807 1
808 1
809 1
810 20
811 1
812 2
813 2
814 1
815 2
816 1
817 1
818 1
819 1
820 3
821 1
822 1
823 1
824 1
825 1
826 1
827 1
828 1
829 4
830 1
831 2
832 1
833 2
834 18
835 1
836 4
837 2
838 1
839 5
840 13
841 1
842 1
843 1
844 4
845 2
846 1
847 2
848 3
849 1
850 2
851 1
852 1
853 1
854 1
855 5
856 1
857 1
858 1
859 1
860 2
861 1
862 28
863 1
864 1
865 5
866 3
867 2
868 1
869 1
870 5
871 2
872 1
873 1
874 1
875 3
876 1
877 1
878 2
879 2
880 2
881 1
882 1
883 4
884 1
885 2
886 2
887 2
888 5
889 1
890 1
891 1
892 4
893 2
894 2
895 8
896 1
897 3
898 1
899 1
900 2
901 11
902 1
903 2
904 1
905 1
906 1
907 2
908 1
909 1
910 1
911 1
912 1
913 6
914 4
915 1
916 1
917 1
918 1
919 1
920 2
921 1
922 1
923 1
924 2
925 2
926 2
927 2
928 1
929 1
930 9
931 1
932 3
933 1
934 2
935 11
936 1
937 1
938 2
939 2
940 1
941 2
942 3
943 2
944 1
945 1
946 1
947 1
948 1
949 1
950 1
951 2
952 2
953 2
954 1
955 1
956 1
957 1
958 1
959 1
960 1
961 1
962 1
963 2
964 1
965 1
966 1
967 1
968 60
969 2
970 1
971 2
972 8
973 1
974 1
975 1
976 1
977 1
978 1
979 1
980 1
981 2
982 1
983 3
984 2
985 1
986 1
987 1
988 1
989 1
990 9
991 2
992 4
993 6
994 1
995 2
996 1
997 1
998 1
999 1
1000 1
1001 2
1002 3
1003 2
1004 4
1005 2
1006 1
1007 1
1008 2
1009 1
1010 2
1011 2
1012 1
1013 1
1014 1
1015 1
1016 3
1017 3
1018 3
1019 6
1020 1
1021 1
1022 1
1023 1
1024 2
1025 5
1026 2
1027 5
1028 1
1029 2
1030 1
1031 3
1032 1
1033 6
1034 2
1035 6
1036 1
1037 1
1038 1
1039 1
1040 1
1041 1
1042 1
1043 1
1044 22
1045 1
1046 3
1047 4
1048 11
1049 1
1050 2
1051 2
1052 1
1053 8
1054 1
1055 1
1056 1
1057 1
1058 2
1059 2
1060 2
1061 50
1062 2
1063 13
1064 3
1065 2
1066 1
1067 1
1068 1
1069 1
1070 4
1071 1
1072 1
1073 1
1074 1
1075 1
1076 1
1077 1
1078 2
1079 2
1080 2
1081 2
1082 1
1083 1
1084 5
1085 1
1086 1
1087 2
1088 5
1089 3
1090 2
1091 1
1092 1
1093 2
1094 1
1095 2
1096 1
1097 1
1098 2
1099 1
1100 12
1101 20
1102 1
1103 1
1104 1
1105 34
1106 1
1107 2
1108 3
1109 3
1110 3
1111 1
1112 1
1113 3
1114 1
1115 1
1116 2
1117 3
1118 2
1119 1
1120 1
1121 2
1122 1
1123 1
1124 1
1125 3
1126 2
1127 1
1128 1
1129 3
1130 1
1131 2
1132 2
1133 5
1134 2
1135 1
1136 1
1137 2
1138 2
1139 1
1140 5
1141 1
1142 2
1143 1
1144 2
1145 8
1146 5
1147 1
1148 2
1149 2
1150 1
1151 1
1152 1
1153 1
1154 3
1155 1
1156 12
1157 1
1158 1
1159 1
1160 1
1161 2
1162 1
1163 1
1164 1
1165 3
1166 6
1167 4
1168 3
1169 3
1170 2
1171 3
1172 2
1173 3
1174 1
1175 1
1176 1
1177 1
1178 2
1179 9
1180 1
1181 1
1182 2
1183 1
1184 2
1185 3
1186 1
1187 1
1188 1
1189 1
1190 1
1191 1
1192 1
1193 1
1194 2
1195 1
1196 1
1197 1
1198 2
1199 2
1200 1
1201 1
1202 2
1203 1
1204 2
1205 2
1206 2
1207 9
1208 1
1209 2
1210 1
1211 1
1212 3
1213 2
1214 2
1215 2
1216 1
1217 1
1218 2
1219 1
1220 1
1221 2
1222 1
1223 2
1224 2
1225 2
1226 3
1227 1
1228 3
1229 1
1230 1
1231 2
1232 2
1233 2
1234 3
1235 1
1236 1
1237 1
1238 1
1239 1
1240 1
1241 1
1242 1
1243 3
1244 2
1245 49
1246 1
1247 4
1248 1
1249 1
1250 1
1251 2
1252 1
1253 1
1254 1
1255 1
1256 1
1257 1
1258 2
1259 11
1260 1
1261 1
1262 1
1263 1
1264 2
1265 1
1266 1
1267 1
1268 1
1269 33
1270 10
1271 1
1272 1
1273 9
1274 1
1275 1
1276 1
1277 1
1278 2
1279 1
1280 1
1281 7
1282 1
1283 1
1284 1
1285 1
1286 2
1287 6
1288 33
1289 2
1290 2
1291 2
1292 2
1293 1
1294 2
1295 5
1296 1
1297 3
1298 35
1299 3
1300 2
1301 1
1302 2
1303 1
1304 1
1305 3
1306 1
1307 1
1308 2
1309 1
1310 1
1311 2
1312 1
1313 1
1314 1
1315 4
1316 3
1317 1
1318 3
1319 1
1320 1
1321 1
1322 2
1323 1
1324 1
1325 23
1326 1
1327 1
1328 1
1329 157
1330 1
1331 5
1332 1
1333 1
1334 7
1335 3
1336 1
1337 1
1338 1
1339 2
1340 1
1341 1
1342 1
1343 1
1344 2
1345 1
1346 1
1347 1
1348 1
1349 1
1350 2
1351 1
1352 1
1353 1
1354 1
1355 2
1356 6
1357 2
1358 1
1359 1
1360 1
1361 1
1362 1
1363 3
1364 1
1365 1
1366 1
1367 1
1368 1
1369 1
1370 1
1371 1
1372 1
1373 1
1374 1
1375 31
1376 1
1377 1
1378 10
1379 1
1380 1
1381 1
1382 1
1383 2
1384 1
1385 9
1386 1
1387 3
1388 3
1389 1
1390 7
1391 2
1392 1
1393 3
1394 4
1395 1
1396 1
1397 1
1398 1
1399 2
1400 1
1401 1
1402 1
1403 1
1404 1
1405 15
1406 2
1407 2
1408 1
1409 1
1410 4
1411 1
1412 1
1413 1
1414 1
1415 2
1416 4
1417 1
1418 1
1419 1
1420 2
1421 1
1422 1
1423 1
1424 49
1425 4
1426 1
1427 1
1428 1
1429 1
1430 8
1431 1
1432 28
1433 3
1434 2
1435 1
1436 1
1437 1
1438 1
1439 1
1440 1
1441 1
1442 2
1443 1
1444 1
1445 1
1446 1
1447 2
1448 1
1449 1
1450 1
1451 1
1452 2
1453 1
1454 1
1455 2
1456 2
1457 1
1458 1
1459 2
1460 1
1461 14
1462 1
1463 1
1464 1
1465 1
1466 1
1467 1
1468 1
1469 2
1470 1
1471 2
1472 5
1473 3
1474 1
1475 3
1476 1
1477 1
1478 1
1479 2
1480 3
1481 1
1482 2
1483 1
1484 48
1485 2
1486 1
1487 1
1488 8
1489 1
1490 2
1491 1
1492 2
1493 1
1494 1
1495 1
1496 170
1497 1
1498 1
1499 1
1500 1
1501 2
1502 1
1503 1
1504 1
1505 1
1506 8
1507 6
1508 2
1509 3
1510 13
1511 1
1512 270
1513 2
1514 1
1515 1
1516 5
1517 3
1518 1
1519 2
1520 1
1521 2
1522 1
1523 2
1524 2
1525 1
1526 1
1527 2
1528 3
1529 1
1530 1
1531 2
1532 1
1533 1
1534 2
1535 1
1536 1
1537 1
1538 1
1539 1
1540 2
1541 1
1542 2
1543 39
1544 1
1545 1
1546 2
1547 9
1548 63
1549 1
1550 1
1551 2
1552 1
1553 2
1554 1
1555 5
1556 47
1557 2
1558 11
1559 1
1560 2
1561 8
1562 2
1563 1
1564 1
1565 2
1566 5
1567 2
1568 2
1569 2
1570 1
1571 1
1572 3
1573 1
1574 1
1575 2
1576 12
1577 1
1578 3
1579 3
1580 2
1581 1
1582 4
1583 1
1584 6
1585 1
1586 1
1587 1
1588 1
1589 2
1590 1
1591 1
1592 1
1593 1
1594 1
1595 7
1596 1
1597 1
1598 2
1599 3
1600 1
1601 16
1602 1
1603 4
1604 3
1605 5
1606 1
1607 12
1608 2
1609 2
1610 1
1611 1
1612 1
1613 1
1614 2
1615 37
1616 3
1617 1
1618 3
1619 1
1620 1
1621 2
1622 1
1623 1
1624 1
1625 3
1626 7
1627 2
1628 1
1629 1
1630 1
1631 1
1632 4
1633 4
1634 1
1635 1
1636 2
1637 2
1638 1
1639 1
1640 1
1641 4
1642 1
1643 1
1644 2
1645 2
1646 16
1647 1
1648 2
1649 1
1650 1
1651 1
1652 1
1653 2
1654 1
1655 7
1656 1
1657 1
1658 2
1659 3
1660 5
1661 2
1662 1
1663 1
1664 2
1665 3
1666 1
1667 1
1668 1
1669 3
1670 1
1671 3
1672 2
1673 1
1674 2
1675 2
1676 1
1677 1
1678 17
1679 1
1680 1
1681 1
1682 1
1683 1
1684 2
1685 3
1686 1
1687 1
1688 6
1689 1
1690 3
1691 2
1692 6
1693 1
1694 1
1695 2
1696 8
1697 1
1698 1
1699 4
1700 9
1701 2
1702 2
1703 1
1704 1
1705 9
1706 1
1707 1
1708 2
1709 1
1710 1
1711 1
1712 3
1713 2
1714 2
1715 3
1716 13
1717 1
1718 2
1719 8
1720 1
1721 2
1722 4
1723 8
1724 1
1725 3
1726 2
1727 1
1728 23
1729 1
1730 1
1731 1
1732 1
1733 1
1734 1
1735 1
1736 1
1737 1
1738 1
1739 3
1740 1
1741 1
1742 1
1743 16
1744 2
1745 2
1746 1
1747 9
1748 2
1749 1
1750 1
1751 23
1752 1
1753 1
1754 1
1755 1
1756 1
1757 1
1758 1
1759 1
1760 1
1761 1
1762 3
1763 2
1764 1
1765 1
1766 1
1767 2
1768 1
1769 2
1770 1
1771 1
1772 1
1773 2
1774 1
1775 1
1776 1
1777 4
1778 1
1779 20
1780 1
1781 2
1782 1
1783 5
1784 455
1785 8
1786 1
1787 3
1788 3
1789 2
1790 3
1791 3
1792 1
1793 3
1794 1
1795 1
1796 1
1797 2
1798 1
1799 1
1800 1
1801 1
1802 1
1803 1
1804 1
1805 2
1806 1
1807 20
1808 1
1809 2
1810 4
1811 1
1812 25
1813 4
1814 1
1815 2
1816 2
1817 1
1818 2
1819 1
1820 1
1821 1
1822 1
1823 6
1824 1
1825 3
1826 5
1827 1
1828 1
1829 2
1830 1
1831 2
1832 3
1833 1
1834 4
1835 1
1836 1
1837 1
1838 1
1839 3
1840 1
1841 1
1842 1
1843 4
1844 1
1845 1
1846 1
1847 24
1848 2
1849 2
1850 1
1851 1
1852 1
1853 1
1854 1
1855 1
1856 1
1857 1
1858 1
1859 1
1860 1
1861 1
1862 1
1863 1
1864 1
1865 4
1866 2
1867 1
1868 1
1869 1
1870 1
1871 3
1872 1
1873 1
1874 1
1875 2
1876 1
1877 1
1878 1
1879 1
1880 1
1881 1
1882 1
1883 1
1884 4
1885 1
1886 3
1887 2
1888 1
1889 1
1890 3
1891 2
1892 2
1893 4
1894 1
1895 1
1896 2
1897 1
1898 1
1899 4
1900 5
1901 1
1902 1
1903 10
1904 2
1905 5
1906 1
1907 1
1908 1
1909 1
1910 3
1911 1
1912 2
1913 1
1914 1
1915 1
1916 1
1917 3
1918 1
1919 1
1920 1
1921 2
1922 6
1923 2
1924 3
1925 3
1926 3
1927 1
1928 1
1929 1
1930 1
1931 1
1932 6
1933 12
1934 1
1935 1
1936 1
1937 2
1938 1
1939 2
1940 3
1941 5
1942 1
1943 3
1944 1
1945 1
1946 1
1947 2
1948 1
1949 1
1950 1
1951 2
1952 1
1953 1
1954 1
1955 7
1956 5
1957 1
1958 3
1959 1
1960 1
1961 1
1962 1
1963 1
1964 2
1965 1
1966 9
1967 7
1968 3
1969 1
1970 3
1971 1
1972 2
1973 1
1974 15
1975 1
1976 1
1977 1
1978 1
1979 1
1980 2
1981 3
1982 3
1983 1
1984 2
1985 3
1986 1
1987 2
1988 1
1989 4
1990 1
1991 1
1992 50
1993 2
1994 17
1995 1
1996 5
1997 2
1998 2
1999 1
2000 1
2001 1
2002 1
2003 1
2004 1
2005 1
2006 1
2007 3
2008 1
2009 1
2010 2
2011 1
2012 1
2013 1
2014 2
2015 1
2016 1
2017 1
2018 1
2019 2
2020 3
2021 1
2022 1
2023 2
2024 1
2025 1
2026 1
2027 5
2028 4
2029 2
2030 2
2031 1
2032 1
2033 1
2034 2
2035 1
2036 1
2037 1
2038 2
2039 1
2040 2
2041 1
2042 1
2043 1
2044 1
2045 1
2046 6
2047 1
2048 1
2049 13
2050 3
2051 8
2052 1
2053 9
2054 1
2055 2
2056 3
2057 1
2058 1
2059 1
2060 1
2061 1
2062 1
2063 1
2064 1
2065 1
2066 1
2067 1
2068 1
2069 1
2070 2
2071 5
2072 1
2073 2
2074 1
2075 6
2076 2
2077 1
2078 8
2079 1
2080 3
2081 3
2082 2
2083 1
2084 3
2085 1
2086 2
2087 1
2088 2
2089 3
2090 1
2091 1
2092 1
2093 2
2094 2
2095 1
2096 1
2097 1
2098 1
2099 1
2100 3
2101 1
2102 3
2103 1
2104 2
2105 3
2106 1
2107 1
2108 1
2109 1
2110 2
2111 8
2112 3
2113 1
2114 4
2115 12
2116 1
2117 1
2118 2
2119 1
2120 1
2121 4
2122 1
2123 1
2124 1
2125 3
2126 2
2127 3
2128 5
2129 18
2130 1
2131 1
2132 1
2133 2
2134 17
2135 1
2136 3
2137 1
2138 1
2139 2
2140 104
2141 1
2142 1
2143 1
2144 4
2145 1
2146 1
2147 5
2148 2
2149 132
2150 1
2151 4
2152 1
2153 1
2154 1
2155 1
2156 1
2157 1
2158 1
2159 5
2160 1
2161 19
2162 1
2163 1
2164 2
2165 4
2166 4
2167 2
2168 2
2169 1
2170 2
2171 1
2172 1
2173 1
2174 1
2175 1
2176 1
2177 2
2178 1
2179 2
2180 1
2181 2
2182 1
2183 1
2184 1
2185 1
2186 1
2187 8
2188 2
2189 2
2190 1
2191 11
2192 4
2193 1
2194 1
2195 1
2196 1
2197 2
2198 2
2199 29
2200 1
2201 1
2202 1
2203 1
2204 2
2205 1
2206 1
2207 2
2208 2
2209 5
2210 1
2211 2
2212 1
2213 6
2214 1
2215 1
2216 1
2217 1
2218 1
2219 4
2220 1
2221 1
2222 11
2223 3
2224 1
2225 1
2226 1
2227 2
2228 2
2229 1
2230 1
2231 2
2232 2
2233 2
2234 3
2235 1
2236 1
2237 1
2238 2
2239 2
2240 1
2241 1
2242 2
2243 1
2244 1
2245 1
2246 3
2247 3
2248 1
2249 1
2250 1
2251 1
2252 1
2253 1
2254 1
2255 1
2256 1
2257 1
2258 1
2259 1
2260 1
2261 3
2262 5
2263 5
2264 11
2265 1
2266 10
2267 1
2268 1
2269 5
2270 3
2271 1
2272 1
2273 1
2274 1
2275 5
2276 1
2277 1
2278 3
2279 1
2280 1
2281 2
2282 1
2283 1
2284 1
2285 1
2286 2
2287 1
2288 1
2289 1
2290 4
2291 2
2292 1
2293 6
2294 1
2295 1
2296 1
2297 1
2298 1
2299 1
2300 1
2301 1
2302 1
2303 5
2304 1
2305 2
2306 1
2307 1
2308 1
2309 1
2310 1
2311 1
2312 2
2313 1
2314 1
2315 1
2316 2
2317 1
2318 1
2319 37
2320 1
2321 6
2322 1
2323 1
2324 1
2325 3
2326 1
2327 1
2328 1
2329 3
2330 1
2331 1
2332 1
2333 1
2334 4
2335 2
2336 1
2337 2
2338 2
2339 4
2340 5
2341 1
2342 9
2343 1
2344 2
2345 1
2346 3
2347 1
2348 7
2349 1
2350 1
2351 1
2352 6
2353 13
2354 4
2355 5
2356 1
2357 94
2358 1
2359 1
2360 1
2361 4
2362 1
2363 1
2364 1
2365 1
2366 1
2367 1
2368 1
2369 1
2370 1
2371 26
2372 2
2373 1
2374 1
2375 5
2376 2
2377 10
2378 2
2379 1
2380 1
2381 1
2382 1
2383 2
2384 2
2385 1
2386 1
2387 1
2388 3
2389 2
2390 11
2391 1
2392 1
2393 1
2394 2
2395 1
2396 1
2397 1
2398 2
2399 1
2400 2
2401 1
2402 1
2403 1
2404 50
2405 1
2406 1
2407 1
2408 1
2409 1
2410 1
2411 3
2412 1
2413 1
2414 3
2415 1
2416 2
2417 1
2418 3
2419 1
2420 1
2421 2
2422 1
2423 1
2424 1
2425 2
2426 1
2427 10
2428 1
2429 1
2430 1
2431 1
2432 1
2433 3
2434 1
2435 1
2436 1
2437 1
2438 1
2439 1
2440 1
2441 1
2442 5
2443 1
2444 1
2445 3
2446 1
2447 1
2448 1
2449 1
2450 1
2451 2
2452 4
2453 2
2454 2
2455 1
2456 3
2457 2
2458 1
2459 1
2460 1
2461 3
2462 1
2463 2
2464 7
2465 4
2466 1
2467 1
2468 1
2469 1
2470 1
2471 9
2472 1
2473 2
2474 1
2475 1
2476 5
2477 1
2478 1
2479 1
2480 2
2481 1
2482 1
2483 1
2484 3
2485 2
2486 2
2487 2
2488 1
2489 2
2490 1
2491 1
2492 1
2493 1
2494 1
2495 120
2496 1
2497 2
2498 1
2499 2
2500 2
2501 1
2502 1
2503 1
2504 1
2505 2
2506 1
2507 1
2508 1
2509 3
2510 1
2511 1
2512 2
2513 3
2514 1
2515 2
2516 2
2517 1
2518 2
2519 1
2520 1
2521 1
2522 1
2523 1
2524 2
2525 1
2526 1
2527 1
2528 1
2529 2
2530 1
2531 1
2532 1
2533 1
2534 1
2535 3
2536 1
2537 1
2538 1
2539 1
2540 1
2541 1
2542 2
2543 1
2544 1
2545 1
2546 1
2547 12
2548 7
2549 2
2550 1
2551 1
2552 2
2553 2
2554 3
2555 2
2556 1
2557 2
2558 2
2559 1
2560 2
2561 3
2562 1
2563 1
2564 2
2565 4
2566 1
2567 2
2568 1
2569 3
2570 1
2571 1
2572 1
2573 8
2574 3
2575 1
2576 45
2577 5
2578 1
2579 2
2580 1
2581 1
2582 3
2583 2
2584 2
2585 1
2586 4
2587 1
2588 2
2589 1
2590 1
2591 4
2592 1
2593 1
2594 2
2595 1
2596 1
2597 1
2598 1
2599 1
2600 1
2601 1
2602 1
2603 5
2604 1
2605 1
2606 1
2607 1
2608 3
2609 1
2610 2
2611 3
2612 1
2613 1
2614 4
2615 1
2616 1
2617 2
2618 1
2619 2
2620 1
2621 1
2622 1
2623 1
2624 1
2625 2
2626 1
2627 1
2628 1
2629 1
2630 2
2631 2
2632 1
2633 5
2634 1
2635 1
2636 2
2637 3
2638 1
2639 1
2640 1
2641 1
2642 3
2643 1
2644 1
2645 1
2646 1
2647 1
2648 1
2649 2
2650 1
2651 1
2652 1
2653 30
2654 10
2655 4
2656 2
2657 1
2658 4
2659 1
2660 1
2661 3
2662 2
2663 2
2664 1
2665 1
2666 1
2667 1
2668 2
2669 2
2670 11
2671 1
2672 1
2673 1
2674 1
2675 1
2676 1
2677 9
2678 1
2679 19
2680 1
2681 1
2682 1
2683 8
2684 1
2685 4
2686 1
2687 1
2688 3
2689 3
2690 1
2691 1
2692 1
2693 1
2694 1
2695 2
2696 1
2697 1
2698 1
2699 1
2700 1
2701 2
2702 1
2703 2
2704 16
2705 5
2706 5
2707 1
2708 2
2709 4
2710 1
2711 1
2712 2
2713 4
2714 1
2715 1
2716 1
2717 1
2718 3
2719 4
2720 1
2721 1
2722 3
2723 1
2724 1
2725 1
2726 128
2727 1
2728 1
2729 2
2730 2
2731 1
2732 3
2733 1
2734 1
2735 1
2736 2
2737 1
2738 1
2739 1
2740 1
2741 1
2742 10
2743 1
2744 1
2745 2
2746 1
2747 1
2748 1
2749 2
2750 1
2751 1
2752 1
2753 20
2754 1
2755 1
2756 1
2757 1
2758 1
2759 3
2760 1
2761 1
2762 15
2763 5
2764 1
2765 5
2766 2
2767 3
2768 1
2769 33
2770 1
2771 1
2772 2
2773 2
2774 1
2775 1
2776 1
2777 4
2778 2
2779 1
2780 1
2781 1
2782 1
2783 1
2784 2
2785 1
2786 1
2787 4
2788 2
2789 2
2790 1
2791 1
2792 2
2793 1
2794 1
2795 1
2796 1
2797 696
2798 2
2799 1
2800 2
2801 1
2802 10
2803 1
2804 2
2805 1
2806 1
2807 1
2808 1
2809 1
2810 68
2811 1
2812 2
2813 8
2814 1
2815 5
2816 2
2817 1
2818 1
2819 2
2820 2
2821 19
2822 1
2823 1
2824 24
2825 1
2826 1
2827 1
2828 3
2829 1
2830 1
2831 1
2832 1
2833 1
2834 1
2835 1
2836 3
2837 1
2838 31
2839 1
2840 2
2841 1
2842 1
2843 2
2844 1
2845 1
2846 8
2847 1
2848 2
2849 7
2850 1
2851 2
2852 2
2853 1
2854 1
2855 1
2856 2
2857 1
2858 2
2859 1
2860 18
2861 1
2862 2
2863 3
2864 1
2865 1
2866 1
2867 2
2868 27
2869 7
2870 1
2871 1
2872 1
2873 1
2874 1
2875 2
2876 2
2877 3
2878 1
2879 1
2880 1
2881 2
2882 6
2883 4
2884 3
2885 1
2886 2
2887 8
2888 1
2889 1
2890 1
2891 1
2892 7
2893 2
2894 2
2895 93
2896 2
2897 1
2898 4
2899 2
2900 1
2901 1
2902 4
2903 1
2904 5
2905 1
2906 63
2907 3
2908 4
2909 1
2910 3
2911 1
2912 17
2913 3
2914 1
2915 1
2916 1
2917 1
2918 1
2919 1
2920 11
2921 4
2922 2
2923 3
2924 1
2925 51
2926 1
2927 2
2928 1
2929 139
2930 115
2931 1
2932 1
2933 1
2934 2
2935 1
2936 1
2937 2
2938 2
2939 1
2940 1
2941 2
2942 5
2943 3
2944 44
2945 2
2946 1
2947 4
2948 1
2949 2
2950 2
2951 1
2952 2
2953 1
2954 1
2955 2
2956 3
2957 9
2958 1
2959 1
2960 1
2961 1
2962 3
2963 5
2964 1
2965 1
2966 1
2967 1
2968 1
2969 2
2970 1
2971 1
2972 1
2973 1
2974 1
2975 1
2976 6
2977 1
2978 2
2979 1
2980 25
2981 1
2982 1
2983 2
2984 3
2985 96
2986 1
2987 6
2988 2
2989 1
2990 1
2991 1
2992 1
2993 1
2994 1
2995 1
2996 1
2997 1
2998 1
2999 1
3000 2
3001 1
3002 2
3003 2
3004 1
3005 1
3006 1
3007 2
3008 1
3009 3
3010 1
3011 1
3012 1
3013 1
3014 1
3015 1
3016 1
3017 2
3018 1
3019 2
3020 1
3021 1
3022 1
3023 1
3024 1
3025 1
3026 11
3027 1
3028 4
3029 1
3030 2
3031 1
3032 16
3033 5
3034 2
3035 1
3036 4
3037 3
3038 1
3039 3
3040 3
3041 1
3042 1
3043 2
3044 3
3045 9
3046 2
3047 3
3048 2
3049 1
3050 2
3051 2
3052 1
3053 1
3054 1
3055 4
3056 2
3057 2
3058 3
3059 1
3060 5
3061 1
3062 1
3063 1
3064 1
3065 1
3066 1
3067 1
3068 1
3069 3
3070 1
3071 1
3072 6
3073 1
3074 1
3075 1
3076 2
3077 1
3078 1
3079 41
3080 1
3081 1
3082 1
3083 2
3084 1
3085 1
3086 1
3087 1
3088 45
3089 2
3090 1
3091 1
3092 1
3093 1
3094 1
3095 1
3096 1
3097 1
3098 1
3099 1
3100 1
3101 1
3102 1
3103 1
3104 1
3105 1
3106 1
3107 1
3108 1
3109 1
3110 10
3111 1
3112 2
3113 2
3114 2
3115 1
3116 2
3117 1
3118 1
3119 1
3120 1
3121 1
3122 2
3123 1
3124 1
3125 1
3126 1
3127 2
3128 1
3129 1
3130 3
3131 1
3132 2
3133 1
3134 63
3135 1
3136 1
3137 1
3138 1
3139 1
3140 1
3141 1
3142 1
3143 1
3144 2
3145 1
3146 1
3147 1
3148 2
3149 1
3150 4
3151 1
3152 1
3153 1
3154 31
3155 1
3156 1
3157 1
3158 6
3159 2
3160 1
3161 1
3162 2
3163 1
3164 1
3165 1
3166 1
3167 1
3168 1
3169 1
3170 2
3171 2
3172 1
3173 1
3174 1
3175 5
3176 1
3177 1
3178 1
3179 18
3180 7
3181 1
3182 1
3183 1
3184 1
3185 3
3186 1
3187 1
3188 3
3189 1
3190 8
3191 1
3192 1
3193 5
3194 4
3195 1
3196 5
3197 3
3198 1
3199 7
3200 1
3201 1
3202 1
3203 1
3204 1
3205 2
3206 1
3207 1
3208 4
3209 1
3210 3
3211 1
3212 1
3213 1
3214 1
3215 3
3216 1
3217 1
3218 1
3219 1
3220 2
3221 36
3222 3
3223 3
3224 1
3225 1
3226 1
3227 1
3228 1
3229 2
3230 1
3231 1
3232 2
3233 7
3234 1
3235 1
3236 3
3237 2
3238 3
3239 1
3240 2
3241 2
3242 3
3243 1
3244 1
3245 1
3246 1
3247 3
3248 1
3249 1
3250 2
3251 2
3252 1
3253 1
3254 3
3255 1
3256 1
3257 8
3258 1
3259 1
3260 1
3261 1
3262 1
3263 1
3264 1
3265 5
3266 9
3267 2
3268 1
3269 1
3270 8
3271 1
3272 1
3273 1
3274 7
3275 1
3276 1
3277 2
3278 1
3279 11
3280 2
3281 1
3282 1
3283 1
3284 26
3285 1
3286 3
3287 6
3288 1
3289 1
3290 1
3291 5
3292 1
3293 2
3294 1
3295 1
3296 1
3297 11
3298 1
3299 1
3300 1
3301 1
3302 1
3303 2
3304 91
3305 1
3306 1
3307 1
3308 1
3309 1
3310 1
3311 1
3312 9
3313 1
3314 1
3315 1
3316 1
3317 1
3318 12
3319 3
3320 2
3321 1
3322 1
3323 1
3324 1
3325 1
3326 2
3327 1
3328 2
3329 1
3330 1
3331 1
3332 2
3333 1
3334 1
3335 1
3336 1
3337 11
3338 1
3339 1
3340 1
3341 4
3342 3
3343 1
3344 1
3345 3
3346 1
3347 1
3348 1
3349 3
3350 1
3351 1
3352 1
3353 1
3354 2
3355 1
3356 1
3357 2
3358 7
3359 1
3360 1
3361 1
3362 3
3363 2
3364 47
3365 2
3366 2
3367 2
3368 1
3369 1
3370 1
3371 7
3372 1
3373 1
3374 2
3375 2
3376 1
3377 2
3378 1
3379 1
3380 1
3381 3
3382 3
3383 1
3384 2
3385 1
3386 1
3387 2
3388 1
3389 1
3390 1
3391 2
3392 3
3393 1
3394 2
3395 1
3396 1
3397 3
3398 3
3399 1
3400 1
3401 1
3402 3
3403 1
3404 1
3405 4
3406 1
3407 1
3408 1
3409 1
3410 1
3411 24
3412 4
3413 2
3414 1
3415 1
3416 1
3417 2
3418 1
3419 1
3420 1
3421 1
3422 1
3423 14
3424 33
3425 1
3426 1
3427 1
3428 2
3429 1
3430 2
3431 1
3432 2
3433 1
3434 1
3435 1
3436 2
3437 1
3438 3
3439 3
3440 44
3441 1
3442 1
3443 1
3444 1
3445 1
3446 1
3447 1
3448 1
3449 20
3450 3
3451 1
3452 4
3453 1
3454 1
3455 1
3456 1
3457 2
3458 1
3459 1
3460 2
3461 1
3462 2
3463 1
3464 1
3465 1
3466 2
3467 1
3468 1
3469 1
3470 1
3471 1
3472 8
3473 1
3474 1
3475 1
3476 1
3477 1
3478 1
3479 2
3480 6
3481 2
3482 1
3483 1
3484 1
3485 1
3486 1
3487 2
3488 4
3489 1
3490 1
3491 1
3492 2
3493 1
3494 5
3495 1
3496 6
3497 14
3498 3
3499 2
3500 1
3501 3
3502 1
3503 1
3504 1
3505 2
3506 1
3507 2
3508 1
3509 1
3510 14
3511 12
3512 3
3513 1
3514 12
3515 3
3516 1
3517 1
3518 2
3519 1
3520 3
3521 1
3522 2
3523 7
3524 8
3525 3
3526 1
3527 1
3528 4
3529 1
3530 1
3531 1
3532 1
3533 1
3534 1
3535 4
3536 1
3537 1
3538 2
3539 1
3540 3
3541 1
3542 1
3543 1
3544 2
3545 2
3546 2
3547 1
3548 1
3549 1
3550 2
3551 1
3552 1
3553 1
3554 1
3555 2
3556 1
3557 23
3558 2
3559 2
3560 2
3561 1
3562 4
3563 9
3564 3
3565 2
3566 1
3567 2
3568 19
3569 1
3570 2
3571 1
3572 1
3573 4
3574 1
3575 2
3576 1
3577 2
3578 1
3579 2
3580 1
3581 1
3582 1
3583 1
3584 1
3585 1
3586 1
3587 3
3588 2
3589 4
3590 1
3591 7
3592 20
3593 3
3594 3
3595 2
3596 1
3597 1
3598 45
3599 4
3600 3
3601 1
3602 1
3603 5
3604 2
3605 1
3606 1
3607 4
3608 1
3609 1
3610 1
3611 4
3612 1
3613 1
3614 1
3615 1
3616 3
3617 3
3618 2
3619 1
3620 1
3621 1
3622 2
3623 1
3624 3
3625 2
3626 1
3627 1
3628 2
3629 1
3630 1
3631 2
3632 1
3633 1
3634 2
3635 1
3636 1
3637 1
3638 2
3639 2
3640 1
3641 5
3642 1
3643 1
3644 1
3645 2
3646 1
3647 1
3648 75
3649 1
3650 3
3651 2
3652 1
3653 1
3654 1
3655 1
3656 2
3657 2
3658 1
3659 1
3660 1
3661 1
3662 1
3663 1
3664 1
3665 1
3666 1
3667 1
3668 1
3669 1
3670 1
3671 4
3672 2
3673 1
3674 1
3675 2
3676 1
3677 1
3678 3
3679 1
3680 4
3681 1
3682 4
3683 1
3684 5
3685 1
3686 1
3687 1
3688 1
3689 1
3690 1
3691 1
3692 2
3693 4
3694 1
3695 1
3696 1
3697 3
3698 5
3699 1
3700 3
3701 2
3702 2
3703 84
3704 355
3705 2
3706 3
3707 1
3708 1
3709 1
3710 1
3711 10
3712 4
3713 1
3714 1
3715 1
3716 1
3717 1
3718 1
3719 1
3720 1
3721 2
3722 1
3723 1
3724 1
3725 1
3726 1
3727 2
3728 1
3729 4
3730 1
3731 2
3732 14
3733 1
3734 1
3735 12
3736 2
3737 1
3738 1
3739 2
3740 4
3741 1
3742 2
3743 1
3744 1
3745 28
3746 2
3747 1
3748 1
3749 1
3750 1
3751 14
3752 1
3753 2
3754 1
3755 1
3756 1
3757 1
3758 1
3759 1
3760 1
3761 2
3762 4
3763 144
3764 6
3765 1
3766 1
3767 1
3768 2
3769 1
3770 4
3771 1
3772 1
3773 1
3774 1
3775 1
3776 3
3777 2
3778 2
3779 2
3780 1
3781 1
3782 1
3783 1
3784 1
3785 7
3786 1
3787 2
3788 1
3789 1
3790 1
3791 5
3792 1
3793 3
3794 11
3795 1
3796 1
3797 1
3798 1
3799 3
3800 1
3801 1
3802 20
3803 5
3804 1
3805 1
3806 5
3807 2
3808 1
3809 2
3810 4
3811 1
3812 12
3813 7
3814 2
3815 1
3816 1
3817 1
3818 15
3819 1
3820 2
3821 1
3822 1
3823 4
3824 2
3825 1
3826 1
3827 2
3828 2
3829 1
3830 2
3831 2
3832 1
3833 1
3834 1
3835 4
3836 1
3837 3
3838 5
3839 1
3840 19
3841 1
3842 1
3843 1
3844 4
3845 7
3846 1
3847 5
3848 4
3849 3
3850 1
3851 1
3852 3
3853 3
3854 2
3855 1
3856 1
3857 1
3858 2
3859 2
3860 1
3861 2
3862 1
3863 2
3864 8
3865 1
3866 1
3867 1
3868 3
3869 1
3870 1
3871 1
3872 1
3873 1
3874 1
3875 6
3876 1
3877 1
3878 1
3879 37
3880 1
3881 12
3882 3
3883 1
3884 1
3885 3
3886 1
3887 1
3888 1
3889 1
3890 3
3891 2
3892 1
3893 2
3894 2
3895 1
3896 20
3897 1
3898 6
3899 1
3900 1
3901 2
3902 1
3903 1
3904 1
3905 1
3906 5
3907 4
3908 1
3909 4
3910 4
3911 2
3912 1
3913 1
3914 1
3915 1
3916 4
3917 2
3918 2
3919 2
3920 1
3921 3
3922 1
3923 2
3924 1
3925 3
3926 2
3927 1
3928 2
3929 2
3930 1
3931 2
3932 1
3933 1
3934 1
3935 1
3936 1
3937 2
3938 2
3939 2
3940 1
3941 1
3942 1
3943 1
3944 1
3945 3
3946 2
3947 1
3948 1
3949 4
3950 1
3951 1
3952 1
3953 1
3954 5
3955 1
3956 1
3957 1
3958 4
3959 1
3960 1
3961 1
3962 2
3963 1
3964 2
3965 3
3966 2
3967 1
3968 1
3969 1
3970 1
3971 2
3972 1
3973 2
3974 6
3975 1
3976 1
3977 2
3978 1
3979 1
3980 2
3981 3
3982 3
3983 1
3984 1
3985 1
3986 63
3987 1
3988 1
3989 1
3990 1
3991 1
3992 1
3993 1
3994 1
3995 2
3996 2
3997 1
3998 2
3999 1
4000 61
4001 1
4002 1
4003 86
4004 3
4005 1
4006 1
4007 1
4008 1
4009 2
4010 3
4011 1
4012 1
4013 6
4014 1
4015 1
4016 1
4017 1
4018 19
4019 1
4020 1
4021 11
4022 3
4023 1
4024 1
4025 3
4026 8
4027 2
4028 2
4029 30
4030 1
4031 1
4032 1
4033 2
4034 1
4035 1
4036 3
4037 1
4038 1
4039 1
4040 1
4041 1
4042 3
4043 2
4044 1
4045 2
4046 1
4047 1
4048 2
4049 2
4050 2
4051 1
4052 1
4053 61
4054 1
4055 1
4056 1
4057 1
4058 4
4059 1
4060 1
4061 1
4062 1
4063 1
4064 3
4065 1
4066 2
4067 1
4068 2
4069 1
4070 10
4071 6
4072 1
4073 1
4074 2
4075 3
4076 6
4077 1
4078 1
4079 4
4080 4
4081 3
4082 2
4083 1
4084 4
4085 2
4086 5
4087 1
4088 3
4089 2
4090 4
4091 1
4092 1
4093 2
4094 1
4095 1
4096 1
4097 1
4098 1
4099 5
4100 1
4101 1
4102 1
4103 2
4104 1
4105 2
4106 1
4107 1
4108 1
4109 1
4110 2
4111 1
4112 1
4113 4
4114 3
4115 1
4116 1
4117 1
4118 7
4119 2
4120 1
4121 1
4122 2
4123 1
4124 2
4125 3
4126 1
4127 2
4128 4
4129 3
4130 1
4131 1
4132 1
4133 1
4134 4
4135 1
4136 2
4137 1
4138 3
4139 30
4140 1
4141 1
4142 1
4143 1
4144 1
4145 2
4146 1
4147 2
4148 1
4149 1
4150 1
4151 1
4152 1
4153 3
4154 1
4155 2
4156 1
4157 2
4158 1
4159 1
4160 1
4161 1
4162 1
4163 1
4164 2
4165 3
4166 1
4167 1
4168 1
4169 7
4170 3
4171 1
4172 1
4173 1
4174 3
4175 4
4176 1
4177 2
4178 1
4179 1
4180 1
4181 1
4182 1
4183 1
4184 2
4185 1
4186 4
4187 2
4188 5
4189 1
4190 1
4191 1
4192 1
4193 1
4194 1
4195 3
4196 1
4197 1
4198 1
4199 15
4200 2
4201 2
4202 1
4203 1
4204 1
4205 28
4206 1
4207 1
4208 1
4209 1
4210 1
4211 1
4212 2
4213 1
4214 5
4215 1
4216 1
4217 4
4218 4
4219 1
4220 1
4221 1
4222 28
4223 3
4224 1
4225 2
4226 3
4227 1
4228 6
4229 1
4230 2
4231 1
4232 1
4233 3
4234 1
4235 1
4236 4
4237 1
4238 2
4239 1
4240 3
4241 1
4242 2
4243 4
4244 2
4245 1
4246 12
4247 1
4248 1
4249 17
4250 1
4251 1
4252 6
4253 2
4254 1
4255 1
4256 1
4257 2
4258 1
4259 3
4260 1
4261 1
4262 1
4263 1
4264 17
4265 3
4266 10
4267 8
4268 1
4269 2
4270 3
4271 2
4272 1
4273 1
4274 1
4275 6
4276 1
4277 2
4278 1
4279 2
4280 5
4281 1
4282 1
4283 2
4284 1
4285 4
4286 7
4287 2
4288 2
4289 11
4290 1
4291 2
4292 2
4293 2
4294 1
4295 1
4296 3
4297 12
4298 1
4299 3
4300 1
4301 1
4302 1
4303 1
4304 1
4305 4
4306 4
4307 1
4308 2
4309 1
4310 1
4311 1
4312 1
4313 1
4314 2
4315 1
4316 1
4317 1
4318 1
4319 1
4320 1
4321 2
4322 9
4323 1
4324 14
4325 1
4326 1
4327 1
4328 9
4329 1
4330 1
4331 3
4332 1
4333 1
4334 21
4335 1
4336 6
4337 31
4338 3
4339 5
4340 1
4341 2
4342 3
4343 1
4344 3
4345 4
4346 1
4347 1
4348 2
4349 3
4350 2
4351 1
4352 2
4353 1
4354 3
4355 5
4356 2
4357 1
4358 1
4359 1
4360 1
4361 25
4362 1
4363 1
4364 1
4365 1
4366 1
4367 3
4368 1
4369 9
4370 1
4371 1
4372 1
4373 3
4374 1
4375 1
4376 2
4377 1
4378 4
4379 1
4380 1
4381 2
4382 1
4383 1
4384 5
4385 2
4386 1
4387 2
4388 6
4389 1
4390 1
4391 1
4392 4
4393 1
4394 2
4395 1
4396 1
4397 1
4398 6
4399 1
4400 1
4401 2
4402 2
4403 2
4404 1
4405 1
4406 1
4407 1
4408 1
4409 2
4410 2
4411 1
4412 1
4413 1
4414 1
4415 4
4416 83
4417 1
4418 2
4419 3
4420 1
4421 2
4422 1
4423 1
4424 1
4425 2
4426 1
4427 1
4428 1
4429 6
4430 6
4431 1
4432 1
4433 2
4434 2
4435 1
4436 1
4437 1
4438 5
4439 8
4440 3
4441 1
4442 1
4443 1
4444 2
4445 1
4446 2
4447 2
4448 1
4449 1
4450 2
4451 2
4452 2
4453 1
4454 1
4455 8
4456 6
4457 201
4458 1
4459 1
4460 1
4461 2
4462 1
4463 1
4464 2
4465 1
4466 4
4467 1
4468 2
4469 2
4470 5
4471 1
4472 4
4473 1
4474 1
4475 20
4476 1
4477 2
4478 1
4479 30
4480 1
4481 1
4482 1
4483 1
4484 1
4485 2
4486 2
4487 1
4488 8
4489 1
4490 1
4491 1
4492 1
4493 2
4494 1
4495 1
4496 3
4497 1
4498 1
4499 1
4500 1
4501 1
4502 1
4503 1
4504 1
4505 1
4506 4
4507 2
4508 1
4509 1
4510 1
4511 1
4512 3
4513 1
4514 1
4515 3
4516 2
4517 1
4518 1
4519 1
4520 1
4521 1
4522 2
4523 1
4524 1
4525 17
4526 1
4527 3
4528 1
4529 10
4530 2
4531 1
4532 1
4533 2
4534 1
4535 1
4536 1
4537 2
4538 1
4539 1
4540 1
4541 1
4542 3
4543 5
4544 1
4545 1
4546 6
4547 1
4548 1
4549 1
4550 1
4551 1
4552 5
4553 1
4554 1
4555 3
4556 2
4557 1
4558 2
4559 1
4560 3
4561 3
4562 6
4563 1
4564 1
4565 3
4566 1
4567 2
4568 12
4569 1
4570 1
4571 1
4572 3
4573 1
4574 1
4575 1
4576 2
4577 3
4578 1
4579 82
4580 1
4581 1
4582 4
4583 1
4584 1
4585 4
4586 2
4587 2
4588 1
4589 5
4590 2
4591 1
4592 1
4593 5
4594 2
4595 3
4596 5
4597 2
4598 1
4599 1
4600 2
4601 1
4602 2
4603 2
4604 1
4605 5
4606 2
4607 1
4608 2
4609 1
4610 2
4611 4
4612 4
4613 3
4614 1
4615 1
4616 5
4617 1
4618 1
4619 1
4620 3
4621 1
4622 2
4623 4
4624 4
4625 1
4626 1
4627 2
4628 1
4629 2
4630 1
4631 4
4632 1
4633 1
4634 1
4635 35
4636 1
4637 1
4638 1
4639 1
4640 2
4641 1
4642 1
4643 1
4644 1
4645 4
4646 2
4647 2
4648 1
4649 3
4650 5
4651 1
4652 1
4653 1
4654 1
4655 1
4656 2
4657 2
4658 1
4659 1
4660 1
4661 1
4662 16
4663 2
4664 2
4665 1
4666 6
4667 4
4668 1
4669 1
4670 1
4671 50
4672 1
4673 1
4674 15
4675 1
4676 1
4677 2
4678 1
4679 1
4680 1
4681 2
4682 1
4683 9
4684 1
4685 2
4686 2
4687 2
4688 1
4689 1
4690 2
4691 1
4692 1
4693 11
4694 1
4695 1
4696 9
4697 1
4698 1
4699 1
4700 1
4701 1
4702 1
4703 1
4704 1
4705 1
4706 2
4707 3
4708 1
4709 1
4710 4
4711 1
4712 1
4713 2
4714 35
4715 1
4716 1
4717 2
4718 1
4719 1
4720 2
4721 1
4722 2
4723 4
4724 1
4725 1
4726 1
4727 1
4728 1
4729 1
4730 7
4731 1
4732 1
4733 1
4734 1
4735 13
4736 1
4737 2
4738 1
4739 1
4740 1
4741 1
4742 19
4743 1
4744 1
4745 3
4746 1
4747 6
4748 3
4749 1
4750 21
4751 1
4752 1
4753 10
4754 1
4755 1
4756 3
4757 1
4758 2
4759 3
4760 5
4761 1
4762 1
4763 4
4764 1
4765 1
4766 2
4767 4
4768 3
4769 1
4770 137
4771 2
4772 5
4773 2
4774 1
4775 1
4776 1
4777 3
4778 1
4779 3
4780 2
4781 1
4782 1
4783 1
4784 1
4785 1
4786 1
4787 2
4788 2
4789 1
4790 2
4791 1
4792 1
4793 3
4794 1
4795 1
4796 5
4797 1
4798 4
4799 2
4800 1
4801 1
4802 1
4803 24
4804 9
4805 2
4806 1
4807 3
4808 1
4809 4
4810 1
4811 1
4812 2
4813 2
4814 1
4815 1
4816 1
4817 1
4818 2
4819 1
4820 1
4821 2
4822 1
4823 1
4824 4
4825 4
4826 1
4827 2
4828 14
4829 19
4830 1
4831 1
4832 42
4833 1
4834 1
4835 17
4836 4
4837 3
4838 13
4839 1
4840 40
4841 1
4842 43
4843 1
4844 23
4845 1
4846 1
4847 1
4848 1
4849 2
4850 1
4851 1
4852 22
4853 1
4854 13
4855 1
4856 1
4857 1
4858 1
4859 1
4860 1
4861 2
4862 3
4863 2
4864 2
4865 3
4866 2
4867 4
4868 1
4869 1
4870 5
4871 1
4872 4
4873 1
4874 1
4875 1
4876 1
4877 1
4878 1
4879 1
4880 2
4881 2
4882 6
4883 15
4884 28
4885 2
4886 47
4887 4
4888 2
4889 1
4890 2
4891 1
4892 7
4893 1
4894 1
4895 1
4896 2
4897 1
4898 1
4899 1
4900 2
4901 1
4902 2
4903 2
4904 1
4905 2
4906 3
4907 23
4908 1
4909 4
4910 1
4911 1
4912 1
4913 1
4914 1
4915 1
4916 7
4917 1
4918 1
4919 1
4920 1
4921 1
4922 1
4923 1
4924 1
4925 1
4926 1
4927 1
4928 1
4929 2
4930 2
4931 2
4932 1
4933 1
4934 1
4935 3
4936 1
4937 15
4938 4
4939 6
4940 1
4941 2
4942 1
4943 1
4944 10
4945 1
4946 1
4947 1
4948 2
4949 1
4950 1
4951 3
4952 1
4953 3
4954 1
4955 1
4956 3
4957 1
4958 1
4959 5
4960 1
4961 1
4962 1
4963 1
4964 1
4965 2
4966 1
4967 23
4968 1
4969 1
4970 1
4971 1
4972 1
4973 2
4974 3
4975 2
4976 1
4977 1
4978 3
4979 1
4980 1
4981 1
4982 1
4983 1
4984 2
4985 6
4986 2
4987 1
4988 1
4989 1
4990 1
4991 1
4992 1
4993 2
4994 4
4995 2
4996 3
4997 1
4998 1
4999 2
5000 1
5001 6
5002 7
5003 1
5004 8
5005 1
5006 1
5007 1
5008 1
5009 1
5010 1
5011 1
5012 1
5013 1
5014 1
5015 2
5016 1
5017 3
5018 7
5019 1
5020 2
5021 2
5022 1
5023 1
5024 1
5025 1
5026 1
5027 1
5028 1
5029 2
5030 1
5031 2
5032 1
5033 2
5034 6
5035 1
5036 1
5037 1
5038 1
5039 1
5040 1
5041 3
5042 1
5043 1
5044 2
5045 1374
5046 2
5047 2
5048 1
5049 3
5050 2
5051 1
5052 1
5053 1
5054 1
5055 1
5056 1
5057 11
5058 1
5059 1
5060 1
5061 1
5062 3
5063 4
5064 1
5065 1
5066 1
5067 1
5068 16
5069 2
5070 2
5071 4
5072 1
5073 1
5074 1
5075 1
5076 1
5077 1
5078 1
5079 3
5080 3
5081 1
5082 1
5083 1
5084 1
5085 1
5086 1
5087 2
5088 1
5089 1
5090 4
5091 1
5092 28
5093 1
5094 4
5095 1
5096 1
5097 1
5098 2
5099 2
5100 1
5101 2
5102 1
5103 1
5104 2
5105 1
5106 1
5107 1
5108 1
5109 1
5110 1
5111 1
5112 1
5113 1
5114 3
5115 2
5116 1
5117 5
5118 1
5119 1
5120 35
5121 1
5122 1
5123 1
5124 5
5125 4
5126 1
5127 2
5128 2
5129 35
5130 1
5131 1
5132 1
5133 1
5134 1
5135 1
5136 1
5137 1
5138 78
5139 1
5140 1
5141 1
5142 1
5143 1
5144 1
5145 1
5146 1
5147 1
5148 2
5149 1
5150 6
5151 3
5152 3
5153 5
5154 1
5155 5
5156 1
5157 1
5158 2
5159 1
5160 2
5161 1
5162 1
5163 1
5164 3
5165 1
5166 1
5167 1
5168 2
5169 2
5170 1
5171 4
5172 1
5173 1
5174 1
5175 1
5176 1
5177 2
5178 1
5179 1
5180 6
5181 1
5182 2
5183 1
5184 1
5185 1
5186 1
5187 19
5188 1
5189 1
5190 2
5191 6
5192 1
5193 1
5194 1
5195 3
5196 1
5197 5
5198 2
5199 1
5200 3
5201 1
5202 1
5203 2
5204 3
5205 2
5206 1
5207 2
5208 1
5209 1
5210 1
5211 1
5212 22
5213 1
5214 1
5215 1
5216 1
5217 1
5218 2
5219 38
5220 1
5221 2
5222 8
5223 1
5224 1
5225 1
5226 2
5227 4
5228 5
5229 2
5230 1
5231 1
5232 3
5233 1
5234 7
5235 2
5236 1
5237 1
5238 1
5239 1
5240 1
5241 1
5242 1
5243 3
5244 3
5245 1
5246 1
5247 3
5248 1
5249 1
5250 5
5251 3
5252 1
5253 9
5254 4
5255 1
5256 2
5257 1
5258 1
5259 2
5260 1
5261 3
5262 1
5263 1
5264 1
5265 4
5266 1
5267 1
5268 1
5269 1
5270 6
5271 1
5272 1
5273 8
5274 1
5275 1
5276 2
5277 2
5278 1
5279 1
5280 2
5281 2
5282 1
5283 1
5284 1
5285 4
5286 2
5287 1
5288 5
5289 1
5290 1
5291 8
5292 4
5293 1
5294 1
5295 3
5296 1
5297 1
5298 1
5299 1
5300 1
5301 1
5302 2
5303 1
5304 1
5305 2
5306 1
5307 1
5308 1
5309 3
5310 1
5311 2
5312 2
5313 1
5314 1
5315 2
5316 4
5317 1
5318 22
5319 2
5320 4
5321 1
5322 1
5323 1
5324 2
5325 1
5326 4
5327 2
5328 2
5329 1
5330 2
5331 7
5332 2
5333 1
5334 1
5335 1
5336 30
5337 2
5338 5
5339 1
5340 1
5341 1
5342 1
5343 2
5344 2
5345 1
5346 1
5347 19
5348 5
5349 1
5350 2
5351 1
5352 1
5353 1
5354 1
5355 1
5356 13
5357 3
5358 10
5359 4
5360 1
5361 2
5362 1
5363 1
5364 1
5365 2
5366 4
5367 1
5368 3
5369 1
5370 1
5371 3
5372 2
5373 80
5374 1
5375 31
5376 182
5377 23
5378 3
5379 1
5380 2
5381 1
5382 2
5383 4
5384 2
5385 1
5386 1
5387 3
5388 1
5389 1
5390 1
5391 6
5392 1
5393 1
5394 2
5395 1
5396 8
5397 1
5398 3
5399 1
5400 1
5401 2
5402 2
5403 1
5404 2
5405 1
5406 2
5407 1
5408 1
5409 4
5410 10
5411 1
5412 1
5413 1
5414 2
5415 1
5416 1
5417 1
5418 1
5419 4
5420 1
5421 1
5422 2
5423 1
5424 3
5425 1
5426 1
5427 1
5428 2
5429 1
5430 2
5431 2
5432 1
5433 1
5434 1
5435 3
5436 1
5437 1
5438 1
5439 1
5440 3
5441 1
5442 2
5443 3
5444 1
5445 1
5446 4
5447 2
5448 3
5449 2
5450 8
5451 1
5452 1
5453 1
5454 2
5455 1
5456 1
5457 1
5458 1
5459 1
5460 1
5461 1
5462 4
5463 1
5464 1
5465 1
5466 1
5467 13
5468 1
5469 1
5470 2
5471 1
5472 1
5473 2
5474 3
5475 2
5476 2
5477 1
5478 1
5479 2
5480 1
5481 1
5482 1
5483 1
5484 1
5485 1
5486 1
5487 1
5488 1
5489 4
5490 4
5491 2
5492 1
5493 1
5494 1
5495 1
5496 4
5497 1
5498 19
5499 4
5500 1
5501 3
5502 1
5503 1
5504 1
5505 2
5506 1
5507 1
5508 4
5509 1
5510 1
5511 2
5512 150
5513 12
5514 1
5515 6
5516 1
5517 20
5518 1
5519 1
5520 3
5521 32
5522 4
5523 1
5524 1
5525 1
5526 4
5527 2
5528 1
5529 3
5530 1
5531 1
5532 1
5533 2
5534 1
5535 2
5536 3
5537 1
5538 1
5539 1
5540 2
5541 3
5542 1
5543 1
5544 1
5545 1
5546 2
5547 1
5548 1
5549 1
5550 3
5551 1
5552 1
5553 1
5554 6
5555 481
5556 2
5557 1
5558 2
5559 2
5560 2
5561 3
5562 1
5563 1
5564 1
5565 7
5566 1
5567 1
5568 1
5569 1
5570 1
5571 1
5572 2
5573 4
5574 2
5575 1
5576 3
5577 1
5578 2
5579 1
5580 7
5581 1
5582 1
5583 6
5584 1
5585 1
5586 2
5587 1
5588 2
5589 1
5590 1
5591 1
5592 20
5593 2
5594 48
5595 12
5596 36
5597 1
5598 1
5599 1
5600 1
5601 1
5602 1
5603 1
5604 1
5605 1
5606 2
5607 3
5608 286
5609 2
5610 1
5611 1
5612 1
5613 1
5614 25
5615 281
5616 2
5617 1
5618 1
5619 1
5620 1
5621 11
5622 1
5623 1
5624 1
5625 2
5626 2
5627 3
5628 3
5629 1
5630 1
5631 1
5632 3
5633 1
5634 1
5635 2
5636 1
5637 1
5638 1
5639 1
5640 1
5641 2
5642 1
5643 1
5644 2
5645 1
5646 1
5647 2
5648 1
5649 2
5650 1
5651 2
5652 1
5653 3
5654 1
5655 2
5656 4
5657 1
5658 1
5659 1
5660 1
5661 1
5662 1
5663 6
5664 1
5665 1
5666 1
5667 1
5668 2
5669 2
5670 1
5671 1
5672 1
5673 9
5674 70
5675 1
5676 4
5677 1
5678 1
5679 1
5680 1
5681 6
5682 1
5683 3
5684 1
5685 5
5686 1
5687 1
5688 2
5689 16
5690 14
5691 1
5692 1
5693 6
5694 1
5695 1
5696 1
5697 7
5698 7
5699 1
5700 1
5701 1
5702 2
5703 2
5704 5
5705 1
5706 1
5707 2
5708 1
5709 1
5710 5
5711 2
5712 20
5713 1
5714 2
5715 1
5716 5
5717 1
5718 1
5719 1
5720 1
5721 5
5722 2
5723 5
5724 1
5725 1
5726 1
5727 3
5728 3
5729 2
5730 2
5731 26
5732 1
5733 1
5734 1
5735 1
5736 1
5737 1
5738 2
5739 1
5740 1
5741 1
5742 1
5743 1
5744 5
5745 2
5746 1
5747 1
5748 1
5749 2
5750 1
5751 1
5752 1
5753 5
5754 1
5755 1
5756 1
5757 1
5758 1
5759 1
5760 3
5761 1
5762 1
5763 1
5764 1
5765 1
5766 2
5767 3
5768 1
5769 3
5770 295
5771 1
5772 1
5773 1
5774 1
5775 1
5776 2
5777 3
5778 1
5779 1
5780 1
5781 1
5782 1
5783 2
5784 2
5785 1
5786 5
5787 1
5788 4
5789 1
5790 2
5791 1
5792 1
5793 1
5794 2
5795 1
5796 1
5797 1
5798 3
5799 1
5800 1
5801 37
5802 1
5803 2
5804 1
5805 1
5806 1
5807 1
5808 1
5809 3
5810 1
5811 2
5812 1
5813 1
5814 3
5815 1
5816 3
5817 3
5818 2
5819 1
5820 2
5821 1
5822 1
5823 4
5824 1
5825 1
5826 1
5827 1
5828 1
5829 1
5830 1
5831 7
5832 2
5833 3
5834 1
5835 1
5836 1
5837 1
5838 1
5839 1
5840 1
5841 12
5842 1
5843 1
5844 1
5845 1
5846 1
5847 1
5848 1
5849 44
5850 1
5851 1
5852 1
5853 15
5854 1
5855 3
5856 2
5857 4
5858 1
5859 1
5860 1
5861 2
5862 1
5863 1
5864 20
5865 9
5866 1
5867 1
5868 4
5869 1
5870 1
5871 2
5872 1
5873 329
5874 1
5875 1
5876 4
5877 3
5878 6
5879 19
5880 1
5881 1
5882 4
5883 7
5884 6
5885 3
5886 4
5887 1
5888 1
5889 2
5890 2
5891 13
5892 1
5893 1
5894 1
5895 1
5896 5
5897 2
5898 1
5899 1
5900 1
5901 4
5902 1
5903 1
5904 1
5905 19
5906 4
5907 1
5908 1
5909 1
5910 1674
5911 1
5912 4
5913 1
5914 1
5915 128
5916 2
5917 6
5918 12
5919 1
5920 1
5921 6
5922 1
5923 1
5924 5
5925 1
5926 1
5927 9
5928 2
5929 2
5930 1
5931 3
5932 2
5933 1
5934 1
5935 1
5936 2
5937 1
5938 2
5939 1
5940 2
5941 2
5942 1
5943 1
5944 1
5945 1
5946 1
5947 2
5948 1
5949 1
5950 2
5951 1
5952 1
5953 3
5954 3
5955 1
5956 2
5957 3
5958 1
5959 1
5960 10
5961 4
5962 1
5963 2
5964 1
5965 1
5966 1
5967 3
5968 1
5969 36
5970 1
5971 1
5972 1
5973 1
5974 2
5975 1
5976 1
5977 1
5978 4
5979 1
5980 1
5981 22
5982 1
5983 1
5984 1
5985 2
5986 1
5987 1
5988 2
5989 3
5990 2
5991 1
5992 1
5993 2
5994 1
5995 6
5996 3
5997 4
5998 2
5999 1
6000 1
6001 1
6002 5
6003 1
6004 1
6005 2
6006 3
6007 1
6008 3
6009 2
6010 3
6011 1
6012 1
6013 2
6014 1
6015 1
6016 1
6017 4
6018 1
6019 2
6020 1
6021 2
6022 5
6023 1
6024 1
6025 1
6026 1
6027 1
6028 1
6029 9
6030 1
6031 1
6032 1
6033 1
6034 1
6035 1
6036 1
6037 1
6038 17
6039 5
6040 1
6041 4
6042 4
6043 1
6044 1
6045 1
6046 1
6047 8
6048 1
6049 1
6050 7
6051 1
6052 3
6053 15
6054 1
6055 5
6056 1
6057 1
6058 1
6059 1
6060 1
6061 11
6062 1
6063 2
6064 1
6065 2
6066 1
6067 7
6068 4
6069 1
6070 2
6071 1
6072 1
6073 1
6074 2
6075 1
6076 1
6077 1
6078 1
6079 1
6080 1
6081 1
6082 2
6083 1
6084 6
6085 2
6086 2
6087 1
6088 28
6089 1
6090 14
6091 3
6092 1
6093 3
6094 1
6095 1
6096 1
6097 1
6098 2
6099 1
6100 1
6101 1
6102 1
6103 5
6104 2
6105 40
6106 1
6107 2
6108 2
6109 1
6110 2
6111 1
6112 1
6113 2
6114 1
6115 1
6116 6
6117 4
6118 1
6119 1
6120 3
6121 1
6122 2
6123 1
6124 3
6125 1
6126 2
6127 1
6128 2
6129 1
6130 4
6131 1
6132 1
6133 5
6134 1
6135 1
6136 1
6137 1
6138 4
6139 2
6140 3
6141 1
6142 1
6143 4
6144 1
6145 1
6146 2
6147 1
6148 2
6149 1
6150 1
6151 2
6152 1
6153 19
6154 1
6155 1
6156 1
6157 1
6158 1
6159 1
6160 1
6161 4
6162 1
6163 3
6164 1
6165 1
6166 1
6167 252
6168 3
6169 5
6170 9
6171 2
6172 17
6173 1
6174 11
6175 1
6176 1
6177 1
6178 1
6179 2
6180 10
6181 3
6182 2
6183 1
6184 2
6185 2
6186 1
6187 1
6188 4
6189 2
6190 2
6191 17
6192 15
6193 5
6194 1
6195 1
6196 1
6197 1
6198 1
6199 1
6200 7
6201 1
6202 1
6203 1
6204 1
6205 1
6206 1
6207 1
6208 1
6209 1
6210 2
6211 1
6212 1
6213 1
6214 1
6215 1
6216 2
6217 8
6218 2
6219 1
6220 1
6221 2
6222 1
6223 1
6224 15
6225 1
6226 1
6227 4
6228 2
6229 1
6230 3
6231 1
6232 3
6233 1
6234 1
6235 8
6236 1
6237 1
6238 2
6239 3
6240 1
6241 10
6242 9
6243 1
6244 2
6245 8
6246 1
6247 5
6248 1
6249 11
6250 1
6251 1
6252 3
6253 1
6254 1
6255 1
6256 2
6257 1
6258 2
6259 2
6260 2
6261 1
6262 1
6263 1
6264 7
6265 5
6266 2
6267 1
6268 1
6269 1
6270 1
6271 2
6272 1
6273 1
6274 1
6275 1
6276 1
6277 1
6278 1
6279 2
6280 7
6281 3
6282 1
6283 1
6284 1
6285 3
6286 1
6287 21
6288 3
6289 2
6290 1
6291 2
6292 1
6293 1
6294 2
6295 1
6296 1
6297 1
6298 3
6299 2
6300 1
6301 1
6302 1
6303 1
6304 23
6305 1
6306 1
6307 8
6308 3
6309 2
6310 10
6311 1
6312 5
6313 1
6314 2
6315 1
6316 24
6317 4
6318 1
6319 1
6320 1
6321 1
6322 2
6323 1
6324 1
6325 1
6326 5
6327 1
6328 1
6329 1
6330 1
6331 2
6332 2
6333 1
6334 1
6335 3
6336 1
6337 4
6338 1
6339 2
6340 1
6341 1
6342 1
6343 30
6344 1
6345 1
6346 13
6347 20
6348 1
6349 1
6350 3
6351 2
6352 2
6353 1
6354 1
6355 1
6356 5
6357 1
6358 1
6359 1
6360 3
6361 4
6362 2
6363 1
6364 1
6365 1
6366 7
6367 6
6368 6
6369 1
6370 1
6371 2
6372 1
6373 1
6374 1
6375 1
6376 3
6377 20
6378 3
6379 1
6380 1
6381 1
6382 1
6383 8
6384 1
6385 1
6386 1
6387 3
6388 1
6389 1
6390 1
6391 1
6392 2
6393 1
6394 1
6395 1
6396 2
6397 3
6398 1
6399 1
6400 3
6401 1
6402 1
6403 1
6404 1
6405 1
6406 3
6407 4
6408 1
6409 1
6410 1
6411 1
6412 2
6413 1
6414 1
6415 1
6416 2
6417 1
6418 8
6419 4
6420 1
6421 1
6422 1
6423 1
6424 1
6425 11
6426 1
6427 1
6428 2
6429 1
6430 1
6431 1
6432 1
6433 1
6434 3
6435 2
6436 1
6437 1
6438 1
6439 2
6440 4
6441 1
6442 2
6443 1
6444 1
6445 3
6446 1
6447 6
6448 1
6449 1
6450 1
6451 1
6452 1
6453 1
6454 2
6455 2
6456 1
6457 1
6458 1
6459 1
6460 1
6461 1
6462 1
6463 2
6464 2
6465 1
6466 1
6467 9
6468 2
6469 1
6470 1
6471 1
6472 1
6473 1
6474 1
6475 1
6476 1
6477 4
6478 1
6479 1
6480 4
6481 2
6482 1
6483 2
6484 1
6485 4
6486 1
6487 5
6488 3
6489 1
6490 2
6491 4
6492 2
6493 1
6494 2
6495 1
6496 1
6497 1
6498 1
6499 18
6500 2
6501 1
6502 1
6503 6
6504 1
6505 2
6506 1
6507 1
6508 1
6509 2
6510 3
6511 1
6512 1
6513 2
6514 1
6515 1
6516 4
6517 1
6518 2
6519 1
6520 3
6521 3
6522 1
6523 2
6524 1
6525 1
6526 1
6527 2
6528 4
6529 1
6530 2
6531 3
6532 1
6533 1
6534 1
6535 6
6536 1
6537 2
6538 4
6539 1
6540 1
6541 5
6542 1
6543 1
6544 1
6545 2
6546 12
6547 1
6548 1
6549 2
6550 5
6551 1
6552 3
6553 1
6554 1
6555 1
6556 3
6557 1
6558 1
6559 1
6560 7
6561 4
6562 1
6563 1
6564 4
6565 1
6566 2
6567 1
6568 2
6569 2
6570 6
6571 2
6572 1
6573 11
6574 1
6575 1
6576 3
6577 3
6578 1
6579 20
6580 1
6581 1
6582 7
6583 2
6584 2
6585 1
6586 2
6587 1
6588 5
6589 2
6590 4
6591 2
6592 1
6593 1
6594 3
6595 1
6596 2
6597 1
6598 4
6599 1
6600 2
6601 1
6602 1
6603 3
6604 1
6605 8
6606 1
6607 1
6608 2
6609 1
6610 1
6611 2
6612 1
6613 1
6614 2
6615 1
6616 1
6617 1
6618 1
6619 1
6620 1
6621 4
6622 1
6623 1
6624 1
6625 1
6626 21
6627 1
6628 15
6629 27
6630 2
6631 1
6632 1
6633 2
6634 1
6635 1
6636 1
6637 2
6638 1
6639 1
6640 55
6641 1
6642 3
6643 2
6644 1
6645 1
6646 2
6647 40
6648 3
6649 2
6650 1
6651 4
6652 2
6653 1
6654 3
6655 1
6656 2
6657 1
6658 8
6659 1
6660 1
6661 2
6662 1
6663 1
6664 1
6665 1
6666 2
6667 8
6668 2
6669 1
6670 2
6671 1
6672 4
6673 1
6674 1
6675 1
6676 3
6677 1
6678 3
6679 1
6680 2
6681 2
6682 1
6683 1
6684 1
6685 7
6686 10
6687 1
6688 9
6689 1
6690 2
6691 1
6692 2
6693 1
6694 1
6695 1
6696 1
6697 1
6698 1
6699 2
6700 2
6701 1
6702 1
6703 1
6704 1
6705 1
6706 1
6707 1
6708 4
6709 2
6710 1
6711 1
6712 1
6713 4
6714 1
6715 1
6716 1
6717 1
6718 1
6719 2
6720 6
6721 1
6722 1
6723 1
6724 3
6725 1
6726 1
6727 1
6728 1
6729 1
6730 1
6731 2
6732 1
6733 1
6734 1
6735 1
6736 1
6737 2
6738 1
6739 4
6740 1
6741 5
6742 14
6743 1
6744 5
6745 1
6746 2
6747 1
6748 2
6749 2
6750 1
6751 1
6752 1
6753 1
6754 5
6755 1
6756 1
6757 1
6758 2
6759 1
6760 1
6761 1
6762 1
6763 1
6764 8
6765 1
6766 2
6767 1
6768 1
6769 1
6770 5
6771 1
6772 1
6773 1
6774 1
6775 4
6776 2
6777 1
6778 1
6779 12
6780 1
6781 5
6782 1
6783 1
6784 3
6785 1
6786 1
6787 6
6788 1
6789 2
6790 6
6791 4
6792 2
6793 1
6794 1
6795 5
6796 1
6797 1
6798 1
6799 1
6800 1
6801 1
6802 31
6803 2
6804 1
6805 1
6806 1
6807 1
6808 3
6809 6
6810 3
6811 1
6812 1
6813 1
6814 15
6815 4
6816 1
6817 2
6818 1
6819 1
6820 1
6821 4
6822 1
6823 1
6824 1
6825 1
6826 10
6827 29
6828 1
6829 4
6830 2
6831 1
6832 1
6833 1
6834 1
6835 1
6836 3
6837 1
6838 1
6839 1
6840 16
6841 1
6842 1
6843 2
6844 1
6845 3
6846 1
6847 1
6848 2
6849 1
6850 1
6851 1
6852 1
6853 2
6854 31
6855 1
6856 1
6857 1
6858 7
6859 1
6860 2
6861 1
6862 1
6863 1
6864 1
6865 2
6866 1
6867 4
6868 1
6869 1
6870 1
6871 1
6872 1
6873 2
6874 2
6875 1
6876 1
6877 7
6878 1
6879 1
6880 1
6881 1
6882 2
6883 1
6884 13
6885 93
6886 1
6887 1
6888 1
6889 4
6890 2
6891 1
6892 2
6893 1
6894 11
6895 5
6896 2
6897 1
6898 3
6899 2
6900 1
6901 1
6902 8
6903 4
6904 1
6905 4
6906 23
6907 1
6908 1
6909 4
6910 2
6911 1
6912 1
6913 4
6914 1
6915 7
6916 21
6917 2
6918 2
6919 1
6920 1
6921 4
6922 1
6923 10
6924 3
6925 1
6926 3
6927 4
6928 2
6929 3
6930 5
6931 9
6932 1
6933 1
6934 1
6935 1
6936 2
6937 5
6938 1
6939 2
6940 1
6941 2
6942 1
6943 1
6944 1
6945 1
6946 3
6947 17
6948 2
6949 1
6950 1
6951 1
6952 2
6953 1
6954 1
6955 1
6956 1
6957 1
6958 1
6959 1
6960 1
6961 5
6962 96
6963 1
6964 3
6965 1
6966 1
6967 1
6968 2
6969 2
6970 1
6971 3
6972 1
6973 1
6974 1
6975 1
6976 2
6977 1
6978 1
6979 2
6980 1
6981 1
6982 3
6983 49
6984 1
6985 1
6986 3
6987 5
6988 1
6989 1
6990 2
6991 1
6992 1
6993 1
6994 1
6995 1
6996 1
6997 1
6998 1
6999 1
7000 3
7001 36
7002 1
7003 1
7004 1
7005 6
7006 2
7007 1
7008 1
7009 1
7010 1
7011 1
7012 1
7013 1
7014 3
7015 3
7016 4
7017 1
7018 1
7019 1
7020 2
7021 1
7022 1
7023 1
7024 4
7025 2
7026 1
7027 1
7028 1
7029 1
7030 1
7031 1
7032 3
7033 1
7034 1
7035 1
7036 1
7037 3
7038 9
7039 1
7040 1
7041 43
7042 1
7043 1
7044 1
7045 1
7046 2
7047 2
7048 7
7049 2
7050 1
7051 1
7052 14
7053 17
7054 1
7055 2
7056 1
7057 1
7058 1
7059 1
7060 6
7061 1
7062 33
7063 1
7064 1
7065 2
7066 5
7067 3
7068 4
7069 1
7070 2
7071 1
7072 1
7073 1
7074 33
7075 2
7076 3
7077 2
7078 3
7079 3
7080 1
7081 1
7082 1
7083 1
7084 1
7085 3
7086 1
7087 1
7088 1
7089 1
7090 6
7091 2
7092 16
7093 1
7094 1
7095 2
7096 1
7097 3
7098 1
7099 6
7100 1
7101 1
7102 1
7103 3
7104 1
7105 2
7106 2
7107 2
7108 2
7109 1
7110 1
7111 3
7112 1
7113 1
7114 12
7115 1
7116 1
7117 1
7118 1
7119 1
7120 1
7121 1
7122 1
7123 1
7124 2
7125 1
7126 2
7127 4
7128 1
7129 1
7130 1
7131 11
7132 4
7133 1
7134 1
7135 3
7136 11
7137 2
7138 5
7139 1
7140 3
7141 3
7142 7
7143 1
7144 1
7145 1
7146 2
7147 1
7148 1
7149 1
7150 1
7151 1
7152 1
7153 2
7154 1
7155 2
7156 1
7157 1
7158 1
7159 1
7160 1
7161 2
7162 1
7163 2
7164 1
7165 1
7166 1
7167 1
7168 25
7169 1
7170 1
7171 4
7172 1
7173 1
7174 4
7175 1
7176 1
7177 1
7178 1
7179 1
7180 1
7181 1
7182 1
7183 2
7184 1
7185 6
7186 1
7187 1
7188 2
7189 1
7190 1
7191 1
7192 4
7193 2
7194 2
7195 1
7196 1
7197 1
7198 1
7199 1
7200 1
7201 2
7202 2
7203 1
7204 7
7205 1
7206 3
7207 8
7208 2
7209 4
7210 1
7211 1
7212 2
7213 1
7214 1
7215 1
7216 1
7217 1
7218 1
7219 1
7220 2
7221 2
7222 2
7223 1
7224 1
7225 3
7226 1
7227 1
7228 4
7229 8
7230 2
7231 1
7232 1
7233 5
7234 3
7235 1
7236 1
7237 2
7238 1
7239 1
7240 2
7241 1
7242 10
7243 1
7244 3
7245 1
7246 2
7247 1
7248 1
7249 2
7250 2
7251 1
7252 1
7253 2
7254 2
7255 19
7256 1
7257 1
7258 1
7259 2
7260 1
7261 1
7262 2
7263 3
7264 1
7265 1
7266 5
7267 1
7268 1
7269 2
7270 3
7271 1
7272 1
7273 3
7274 3
7275 1
7276 1
7277 1
7278 16
7279 1
7280 1
7281 1
7282 3
7283 1
7284 1
7285 1
7286 1
7287 2
7288 1
7289 1
7290 1
7291 78
7292 3
7293 1
7294 1
7295 1
7296 1
7297 1
7298 1
7299 323
7300 7
7301 2
7302 2
7303 1
7304 1
7305 1
7306 11
7307 13
7308 6
7309 1
7310 1
7311 1
7312 3
7313 2
7314 1
7315 1
7316 3
7317 2
7318 1
7319 2
7320 1
7321 5
7322 1
7323 1
7324 2
7325 1
7326 1
7327 1
7328 15
7329 1
7330 1
7331 1
7332 67
7333 1
7334 3
7335 1
7336 4
7337 1
7338 2
7339 1
7340 13
7341 2
7342 1
7343 1
7344 7
7345 1
7346 1
7347 8
7348 1
7349 1
7350 1
7351 1
7352 1
7353 1
7354 5
7355 1
7356 4
7357 1
7358 1
7359 35
7360 1
7361 1
7362 1
7363 1
7364 1
7365 3
7366 2
7367 1
7368 1
7369 19
7370 1
7371 2
7372 1
7373 6
7374 2
7375 1
7376 1
7377 1
7378 1
7379 6
7380 2
7381 1
7382 1
7383 43
7384 1
7385 3
7386 1
7387 1
7388 1
7389 1
7390 1
7391 2
7392 1
7393 3
7394 1
7395 2
7396 1
7397 2
7398 4
7399 1
7400 1
7401 2
7402 3
7403 1
7404 11
7405 1
7406 1
7407 1
7408 2
7409 1
7410 2
7411 1
7412 1
7413 22
7414 1
7415 1
7416 5
7417 1
7418 1
7419 4
7420 1
7421 1
7422 40
7423 1
7424 2
7425 1
7426 2
7427 1
7428 1
7429 5
7430 1
7431 1
7432 1
7433 1
7434 1
7435 4
7436 1
7437 1
7438 1
7439 1
7440 1
7441 1
7442 8
7443 9
7444 2
7445 2
7446 1
7447 1
7448 2
7449 10
7450 1
7451 1
7452 3
7453 1
7454 3
7455 1
7456 1
7457 2
7458 1
7459 1
7460 1
7461 1
7462 1
7463 2
7464 2
7465 1
7466 1
7467 1
7468 1
7469 1
7470 2
7471 1
7472 2
7473 4
7474 1
7475 5
7476 136
7477 2
7478 1
7479 17
7480 1
7481 2
7482 3
7483 2
7484 1
7485 1
7486 3
7487 1
7488 1
7489 1
7490 1
7491 35
7492 1
7493 505
7494 14
7495 1
7496 2
7497 1
7498 2
7499 4
7500 3
7501 1
7502 1
7503 1
7504 1
7505 3
7506 32
7507 1
7508 1
7509 1
7510 3
7511 1
7512 1
7513 2
7514 1
7515 2
7516 1
7517 9
7518 9
7519 17
7520 1
7521 1
7522 1
7523 1
7524 1
7525 1
7526 2
7527 1
7528 1
7529 5
7530 1
7531 1
7532 1
7533 1
7534 1
7535 1
7536 2
7537 1
7538 2
7539 1
7540 13
7541 2
7542 1
7543 1
7544 1
7545 1
7546 2
7547 1
7548 1
7549 11
7550 3
7551 1
7552 1
7553 2
7554 1
7555 1
7556 1
7557 2
7558 4
7559 36
7560 1
7561 1
7562 1
7563 3
7564 2
7565 1
7566 1
7567 2
7568 1
7569 8
7570 1
7571 13
7572 1
7573 1
7574 3
7575 2
7576 1
7577 1
7578 1
7579 1
7580 2
7581 1
7582 2
7583 1
7584 1
7585 1
7586 1
7587 1
7588 4
7589 1
7590 3
7591 1
7592 1
7593 6
7594 1
7595 2
7596 2
7597 2
7598 1
7599 1
7600 2
7601 1
7602 1
7603 1
7604 1
7605 1
7606 2
7607 1
7608 2
7609 1
7610 3
7611 1
7612 1
7613 2
7614 1
7615 10
7616 2
7617 1
7618 2
7619 1
7620 1
7621 2
7622 4
7623 1
7624 2
7625 1
7626 1
7627 1
7628 1
7629 1
7630 1
7631 1
7632 2
7633 1
7634 1
7635 1
7636 1
7637 1
7638 1
7639 5
7640 1
7641 2
7642 1
7643 1
7644 6
7645 1
7646 34
7647 1
7648 1
7649 1
7650 1
7651 1
7652 1
7653 2
7654 1
7655 1
7656 1
7657 76
7658 1
7659 1
7660 1
7661 10
7662 176
7663 2
7664 1
7665 6
7666 1
7667 1
7668 2
7669 8
7670 6
7671 1
7672 2
7673 1
7674 2
7675 2
7676 1
7677 9
7678 1
7679 1
7680 1
7681 1
7682 1
7683 5
7684 2
7685 1
7686 1
7687 12
7688 1
7689 1
7690 1
7691 1
7692 2
7693 1
7694 1
7695 2
7696 2
7697 8
7698 4
7699 1
7700 1
7701 1
7702 2
7703 1
7704 1
7705 1
7706 1
7707 1
7708 15
7709 12
7710 1
7711 1
7712 2
7713 2
7714 1
7715 1
7716 1
7717 8
7718 1
7719 1
7720 4
7721 1
7722 1
7723 2
7724 1
7725 1
7726 2
7727 5
7728 1
7729 1
7730 54
7731 1
7732 1
7733 1
7734 7
7735 1
7736 1
7737 1
7738 1
7739 4
7740 2
7741 2
7742 1
7743 1
7744 1
7745 1
7746 2
7747 1
7748 2
7749 2
7750 3
7751 3
7752 1
7753 2
7754 1
7755 1
7756 1
7757 2
7758 1
7759 1
7760 3
7761 1
7762 19
7763 11
7764 4
7765 1
7766 1
7767 5
7768 1
7769 12
7770 1
7771 1
7772 1
7773 1
7774 1
7775 2
7776 1
7777 1
7778 1
7779 1
7780 3
7781 1
7782 1
7783 4
7784 40
7785 1
7786 1
7787 2
7788 2
7789 1
7790 8
7791 1
7792 2
7793 1
7794 1
7795 1
7796 1
7797 2
7798 1
7799 1
7800 3
7801 2
7802 1
7803 1
7804 1
7805 1
7806 2
7807 1
7808 1
7809 1
7810 1
7811 95
7812 3
7813 1
7814 2
7815 4
7816 1
7817 2
7818 13
7819 1
7820 1
7821 1
7822 1
7823 1
7824 1
7825 1
7826 2
7827 1
7828 1
7829 2
7830 1
7831 6
7832 1
7833 1
7834 2
7835 1
7836 1
7837 1
7838 1
7839 2
7840 17
7841 2
7842 1
7843 1
7844 1
7845 2
7846 1
7847 1
7848 1
7849 1
7850 2
7851 2
7852 3
7853 1
7854 2
7855 1
7856 1
7857 1
7858 1
7859 1
7860 13
7861 1
7862 1
7863 1
7864 1
7865 1
7866 1
7867 1
7868 1
7869 1
7870 1
7871 1
7872 2
7873 1
7874 1
7875 1
7876 1
7877 1
7878 2
7879 9
7880 10
7881 1
7882 17
7883 1
7884 1
7885 1
7886 19
7887 2
7888 1
7889 1
7890 2
7891 1
7892 1
7893 1
7894 4
7895 1
7896 2
7897 2
7898 6
7899 1
7900 1
7901 1
7902 1
7903 1
7904 2
7905 1
7906 2
7907 1
7908 1
7909 3
7910 2
7911 1
7912 1
7913 1
7914 1
7915 2
7916 2
7917 4
7918 1
7919 1
7920 1
7921 2
7922 1
7923 1
7924 3
7925 2
7926 8
7927 1
7928 1
7929 1
7930 1
7931 1
7932 8
7933 1
7934 1
7935 2
7936 2
7937 2
7938 1
7939 1
7940 2
7941 3
7942 3
7943 1
7944 2
7945 1
7946 1
7947 2
7948 1
7949 1
7950 1
7951 1
7952 1
7953 2
7954 1
7955 1
7956 2
7957 2
7958 2
7959 2
7960 3
7961 1
7962 30
7963 1
7964 1
7965 1
7966 5
7967 2
7968 1
7969 1
7970 1
7971 23
7972 1
7973 3
7974 3
7975 1
7976 5
7977 1
7978 2
7979 1
7980 1
7981 4
7982 9
7983 10
7984 3
7985 1
7986 1
7987 1
7988 2
7989 9
7990 1
7991 1
7992 2
7993 3
7994 1
7995 2
7996 139
7997 3
7998 2
7999 1
8000 2
8001 2
8002 2
8003 1
8004 6
8005 3
8006 3
8007 3
8008 1
8009 1
8010 1
8011 1
8012 1
8013 1
8014 1
8015 1
8016 1
8017 1
8018 1
8019 2
8020 1
8021 1
8022 2
8023 2
8024 3
8025 1
8026 2
8027 1
8028 1
8029 1
8030 3
8031 2
8032 1
8033 1
8034 2
8035 1
8036 1
8037 1
8038 1
8039 1
8040 2
8041 1
8042 1
8043 3
8044 1
8045 1
8046 1
8047 3
8048 1
8049 3
8050 2
8051 2
8052 1
8053 2
8054 1
8055 3
8056 1
8057 1
8058 1
8059 2
8060 1
8061 3
8062 1
8063 1
8064 1
8065 2
8066 1
8067 4
8068 1
8069 1
8070 3
8071 2
8072 1
8073 1
8074 2
8075 1
8076 2
8077 1
8078 1
8079 5
8080 1
8081 1
8082 1
8083 1
8084 1
8085 1
8086 1
8087 16
8088 1
8089 1
8090 1
8091 1
8092 1
8093 2
8094 43
8095 1
8096 21
8097 1
8098 2
8099 1
8100 1
8101 1
8102 1
8103 1
8104 12
8105 1
8106 1
8107 1
8108 1
8109 1
8110 1
8111 1
8112 1
8113 4
8114 1
8115 1
8116 1
8117 29
8118 4
8119 2
8120 1
8121 1
8122 6
8123 4
8124 2
8125 1
8126 1
8127 1
8128 1
8129 19
8130 1
8131 1
8132 1
8133 1
8134 1
8135 1
8136 16
8137 2
8138 1
8139 3
8140 1
8141 1
8142 1
8143 1
8144 2
8145 1
8146 14
8147 2
8148 1
8149 2
8150 1
8151 1
8152 1
8153 2
8154 22
8155 91
8156 1
8157 2
8158 2
8159 1
8160 1
8161 1
8162 1
8163 15
8164 1
8165 1
8166 2
8167 1
8168 1
8169 1
8170 2
8171 4
8172 3
8173 1
8174 1
8175 1
8176 1
8177 4
8178 1
8179 1
8180 2
8181 1
8182 1
8183 1
8184 1
8185 1
8186 1
8187 260
8188 2
8189 14
8190 1
8191 1
8192 1
8193 1
8194 1
8195 1
8196 2
8197 7
8198 3
8199 2
8200 1
8201 1
8202 1
8203 1
8204 1
8205 2
8206 2
8207 1
8208 4
8209 1
8210 5
8211 1
8212 7
8213 1
8214 1
8215 2
8216 1
8217 1
8218 1
8219 1
8220 1
8221 1
8222 1
8223 15
8224 1
8225 1
8226 2
8227 5
8228 2
8229 4
8230 1
8231 2
8232 54
8233 1
8234 1
8235 1
8236 5
8237 1
8238 1
8239 1
8240 1
8241 1
8242 4
8243 1
8244 2
8245 1
8246 5
8247 1
8248 1
8249 4
8250 2
8251 1
8252 1
8253 1
8254 1
8255 1
8256 1
8257 3
8258 2
8259 150
8260 9
8261 2
8262 1
8263 6
8264 1
8265 1
8266 2
8267 1
8268 1
8269 1
8270 1
8271 1
8272 12
8273 1
8274 3
8275 4
8276 5
8277 3
8278 4
8279 1
8280 2
8281 3
8282 5
8283 1
8284 1
8285 1
8286 2
8287 2
8288 1
8289 1
8290 1
8291 1
8292 7
8293 2
8294 1
8295 2
8296 3
8297 1
8298 1
8299 5
8300 1
8301 2
8302 1
8303 1
8304 1
8305 2
8306 1
8307 1
8308 1
8309 5
8310 1
8311 17
8312 31
8313 1
8314 6
8315 1
8316 1
8317 2
8318 1
8319 3
8320 1
8321 2
8322 5
8323 1
8324 2
8325 2
8326 9
8327 4
8328 1
8329 1
8330 3
8331 3
8332 1
8333 1
8334 1
8335 1
8336 1
8337 1
8338 3
8339 1
8340 1
8341 4
8342 1
8343 2
8344 1
8345 24
8346 1
8347 1
8348 2
8349 8
8350 1
8351 1
8352 1
8353 1
8354 1
8355 1
8356 2
8357 11
8358 2
8359 3
8360 5
8361 1
8362 1
8363 2
8364 2
8365 1
8366 10
8367 1
8368 1
8369 2
8370 4
8371 1
8372 1
8373 1
8374 1
8375 4
8376 2
8377 2
8378 1
8379 1
8380 1
8381 16
8382 5
8383 1
8384 26
8385 1
8386 1
8387 1
8388 1
8389 1
8390 1
8391 1
8392 1
8393 2
8394 1
8395 4
8396 1
8397 1
8398 1
8399 1
8400 2
8401 3
8402 2
8403 1
8404 1
8405 1
8406 3
8407 1
8408 1
8409 2
8410 1
8411 1
8412 1
8413 16
8414 1
8415 1
8416 41
8417 1
8418 2
8419 1
8420 1
8421 1
8422 1
8423 1
8424 3
8425 1
8426 3
8427 3
8428 1
8429 1
8430 1
8431 1
8432 1
8433 1
8434 1
8435 1
8436 1
8437 1
8438 1
8439 2
8440 12
8441 1
8442 1
8443 1
8444 13
8445 1
8446 1
8447 2
8448 1
8449 1
8450 1
8451 2
8452 1
8453 3
8454 2
8455 4
8456 4
8457 1
8458 1
8459 1
8460 1
8461 1
8462 1
8463 1
8464 1
8465 2
8466 2
8467 8
8468 1
8469 2
8470 1
8471 1
8472 1
8473 1
8474 1
8475 3
8476 1
8477 2
8478 1
8479 1
8480 20
8481 1
8482 8
8483 3
8484 1
8485 1
8486 2
8487 2
8488 2
8489 2
8490 1
8491 1
8492 1
8493 1
8494 3
8495 1
8496 1
8497 1
8498 1
8499 1
8500 3
8501 2
8502 3
8503 18
8504 1
8505 2
8506 1
8507 1
8508 11
8509 1
8510 15
8511 1
8512 1
8513 2
8514 1
8515 1
8516 2
8517 2
8518 12
8519 1
8520 1
8521 1
8522 2
8523 1
8524 1
8525 1
8526 1
8527 1
8528 1
8529 2
8530 1
8531 1
8532 1
8533 24
8534 11
8535 2
8536 1
8537 1
8538 2
8539 1
8540 1
8541 1
8542 1
8543 1
8544 1
8545 31
8546 1
8547 151
8548 3
8549 2
8550 1
8551 1
8552 1
8553 3
8554 1
8555 1
8556 1
8557 1
8558 128
8559 2
8560 1
8561 1
8562 1
8563 1
8564 4
8565 11
8566 3
8567 1
8568 1
8569 54
8570 1
8571 2
8572 2
8573 5
8574 1
8575 1
8576 1
8577 1
8578 6
8579 2
8580 4
8581 4
8582 1
8583 3
8584 1
8585 1
8586 2
8587 2
8588 2
8589 1
8590 1
8591 1
8592 1
8593 1
8594 2
8595 1
8596 1
8597 2
8598 2
8599 3
8600 1
8601 80
8602 1
8603 2
8604 24
8605 1
8606 2
8607 1
8608 1
8609 1
8610 1
8611 1
8612 1
8613 1
8614 1
8615 1
8616 1
8617 2
8618 1
8619 1
8620 1
8621 2
8622 4
8623 3
8624 1
8625 2
8626 1
8627 7
8628 1
8629 31
8630 1
8631 1
8632 2
8633 1
8634 8
8635 1
8636 1
8637 4
8638 1
8639 1
8640 2
8641 1
8642 1
8643 1
8644 1
8645 3
8646 4
8647 1
8648 2
8649 1
8650 1
8651 1
8652 5
8653 1
8654 1
8655 1
8656 1
8657 1
8658 1
8659 1
8660 34
8661 2
8662 1
8663 2
8664 1
8665 1
8666 9
8667 1
8668 1
8669 2
8670 3
8671 1
8672 21
8673 1
8674 10
8675 1
8676 1
8677 1
8678 4
8679 1
8680 1
8681 2
8682 12
8683 3
8684 1
8685 2
8686 1
8687 1
8688 1
8689 2
8690 8
8691 2
8692 2
8693 2
8694 3
8695 1
8696 1
8697 1
8698 1
8699 2
8700 2
8701 4
8702 1
8703 1
8704 1
8705 1
8706 1
8707 23
8708 1
8709 1
8710 1
8711 1
8712 1
8713 1
8714 2
8715 1
8716 1
8717 1
8718 2
8719 6
8720 1
8721 1
8722 19
8723 1
8724 10
8725 1
8726 1
8727 1
8728 1
8729 2
8730 2
8731 2
8732 2
8733 2
8734 7
8735 1
8736 1
8737 1
8738 2
8739 1
8740 1
8741 10
8742 1
8743 1
8744 2
8745 7
8746 1
8747 2
8748 1
8749 1
8750 1
8751 1
8752 1
8753 10
8754 3
8755 10
8756 9
8757 1
8758 2
8759 1
8760 1
8761 1
8762 1
8763 1
8764 1
8765 1
8766 1
8767 1
8768 1
8769 92
8770 1
8771 1
8772 3
8773 2
8774 1
8775 1
8776 1
8777 2
8778 47
8779 2
8780 4
8781 1
8782 1
8783 1
8784 2
8785 2
8786 3
8787 1
8788 1
8789 1
8790 1
8791 1
8792 1
8793 2
8794 7
8795 1
8796 2
8797 1
8798 1
8799 2
8800 1
8801 1
8802 9
8803 1
8804 1
8805 3
8806 1
8807 1
8808 1
8809 1
8810 1
8811 2
8812 1
8813 1
8814 16
8815 1
8816 2
8817 3
8818 2
8819 1
8820 2
8821 1
8822 1
8823 1
8824 14
8825 1
8826 1
8827 5
8828 1
8829 2
8830 2
8831 1
8832 3
8833 1
8834 5
8835 1
8836 1
8837 2
8838 1
8839 1
8840 2
8841 67
8842 2
8843 31
8844 1
8845 1
8846 1
8847 2
8848 1
8849 3
8850 1
8851 1
8852 2
8853 1
8854 4
8855 1
8856 12
8857 1
8858 1
8859 1
8860 4
8861 3
8862 1
8863 1
8864 1
8865 19
8866 7
8867 8
8868 1
8869 2
8870 1
8871 2
8872 1
8873 2
8874 1
8875 1
8876 1
8877 1
8878 5
8879 1
8880 1
8881 1
8882 1
8883 1
8884 1
8885 2
8886 4
8887 9
8888 2
8889 2
8890 1
8891 1
8892 1
8893 4
8894 1
8895 1
8896 1
8897 1
8898 1
8899 1
8900 4
8901 2
8902 2
8903 2
8904 1
8905 8
8906 1
8907 2
8908 1
8909 1
8910 1
8911 1
8912 1
8913 1
8914 2
8915 1
8916 1
8917 3
8918 1
8919 2
8920 1
8921 4
8922 6
8923 1
8924 1
8925 2
8926 7
8927 1
8928 1
8929 2
8930 4
8931 1
8932 1
8933 1
8934 1
8935 1
8936 25
8937 1
8938 5
8939 4
8940 31
8941 1
8942 1
8943 5
8944 1
8945 1
8946 7
8947 1
8948 2
8949 1
8950 1
8951 1
8952 1
8953 1
8954 2
8955 12
8956 3
8957 13
8958 1
8959 1
8960 1
8961 8
8962 73
8963 1
8964 1
8965 1
8966 1
8967 21
8968 1
8969 1
8970 1
8971 1
8972 2
8973 8
8974 2
8975 1
8976 1
8977 2
8978 1
8979 1
8980 15
8981 7
8982 2
8983 2
8984 1
8985 1
8986 1
8987 1
8988 1
8989 2
8990 2
8991 2
8992 1
8993 4
8994 1
8995 1
8996 3
8997 1
8998 1
8999 1
9000 1
9001 1
9002 1
9003 1
9004 1
9005 68
9006 1
9007 1
9008 1
9009 1
9010 1
9011 1
9012 1
9013 4
9014 3
9015 1
9016 12
9017 2
9018 2
9019 3
9020 2
9021 1
9022 10
9023 1
9024 1
9025 1
9026 4
9027 1
9028 2
9029 1
9030 1
9031 3
9032 1
9033 1
9034 7
9035 3
9036 1
9037 1
9038 1
9039 1
9040 3
9041 1
9042 49
9043 1
9044 1
9045 2
9046 2
9047 1
9048 2
9049 3
9050 2
9051 2
9052 1
9053 3
9054 20
9055 1
9056 2
9057 1
9058 12
9059 1
9060 1
9061 1
9062 1
9063 1
9064 2
9065 1
9066 1
9067 1
9068 2
9069 1
9070 1
9071 3
9072 2
9073 1
9074 1
9075 1
9076 1
9077 1
9078 4
9079 1
9080 1
9081 3
9082 1
9083 3
9084 2
9085 1
9086 1
9087 2
9088 65
9089 1
9090 4
9091 4
9092 1
9093 223
9094 1
9095 1
9096 2
9097 1
9098 1
9099 1
9100 5
9101 2
9102 1
9103 1
9104 1
9105 1
9106 2
9107 1
9108 1
9109 1
9110 11
9111 1
9112 1
9113 2
9114 1
9115 4
9116 1
9117 1
9118 1
9119 1
9120 1
9121 34
9122 2
9123 2
9124 3
9125 6
9126 1
9127 1
9128 2
9129 3
9130 1
9131 9
9132 2
9133 2
9134 1
9135 1
9136 1
9137 1
9138 1
9139 1
9140 1
9141 7
9142 1
9143 37
9144 1
9145 1
9146 9
9147 1
9148 29
9149 1
9150 4
9151 1
9152 2
9153 1
9154 1
9155 1
9156 1
9157 3
9158 1
9159 1
9160 3
9161 39
9162 1
9163 1
9164 2
9165 1
9166 1
9167 1
9168 12
9169 3
9170 4
9171 1
9172 3
9173 15
9174 1
9175 1
9176 1
9177 1
9178 8
9179 1
9180 1
9181 1
9182 1
9183 3
9184 4
9185 4
9186 2
9187 1
9188 6
9189 3
9190 1
9191 1
9192 1
9193 1
9194 1
9195 1
9196 2
9197 7
9198 1
9199 1
9200 1
9201 6
9202 1
9203 1
9204 1
9205 4
9206 1
9207 1
9208 5
9209 2
9210 1
9211 1
9212 3
9213 1
9214 1
9215 2
9216 1
9217 3
9218 1
9219 1
9220 4
9221 1
9222 2
9223 2
9224 1
9225 2
9226 1
9227 9
9228 1
9229 1
9230 1
9231 2
9232 1
9233 2
9234 3
9235 1
9236 2
9237 6
9238 6
9239 1
9240 1
9241 1
9242 1
9243 1
9244 1
9245 1
9246 1
9247 2
9248 3
9249 1
9250 4
9251 2
9252 1
9253 1
9254 2
9255 1
9256 2
9257 2
9258 16
9259 3
9260 1
9261 4
9262 1
9263 2
9264 1
9265 1
9266 1
9267 1
9268 1
9269 2
9270 1
9271 11
9272 1
9273 2
9274 5
9275 1
9276 1
9277 1
9278 2
9279 1
9280 3
9281 2
9282 10
9283 2
9284 1
9285 1
9286 2
9287 3
9288 1
9289 1
9290 1
9291 1
9292 4
9293 4
9294 1
9295 1
9296 1
9297 1
9298 1
9299 1
9300 1
9301 1
9302 6
9303 1
9304 1
9305 2
9306 18
9307 1
9308 2
9309 3
9310 1
9311 60
9312 1
9313 1
9314 1
9315 1
9316 3
9317 1
9318 4
9319 1
9320 4
9321 3
9322 1
9323 1
9324 1
9325 6
9326 1
9327 1
9328 1
9329 1
9330 1
9331 3
9332 1
9333 1
9334 2
9335 6
9336 4
9337 1
9338 2
9339 5
9340 1
9341 2
9342 1
9343 2
9344 1
9345 2
9346 1
9347 65
9348 1
9349 1
9350 1
9351 1
9352 1
9353 1
9354 1
9355 2
9356 1
9357 1
9358 1
9359 1
9360 1
9361 1
9362 2
9363 2
9364 1
9365 3
9366 1
9367 2
9368 2
9369 2
9370 2
9371 1
9372 1
9373 1
9374 1
9375 2
9376 1
9377 1
9378 1
9379 2
9380 6
9381 1
9382 1
9383 1
9384 1
9385 1
9386 7
9387 2
9388 15
9389 1
9390 2
9391 3
9392 4
9393 1
9394 1
9395 1
9396 3
9397 1
9398 1
9399 1
9400 4
9401 2
9402 1
9403 1
9404 9
9405 1
9406 1
9407 2
9408 2
9409 2
9410 1
9411 1
9412 1
9413 4
9414 1
9415 1
9416 1
9417 3
9418 1
9419 4
9420 6
9421 1
9422 1
9423 1
9424 2
9425 1
9426 1
9427 7
9428 1
9429 5
9430 1
9431 76
9432 4
9433 1
9434 2
9435 1
9436 2
9437 1
9438 1
9439 1
9440 2
9441 1
9442 1
9443 2
9444 1
9445 1
9446 2
9447 1
9448 5
9449 2
9450 1
9451 1
9452 1
9453 7
9454 3
9455 2
9456 1
9457 2
9458 1
9459 1
9460 1
9461 1
9462 2
9463 1
9464 2
9465 2
9466 3
9467 2
9468 2
9469 6
9470 1
9471 4
9472 3
9473 1
9474 1
9475 47
9476 4
9477 1
9478 1
9479 1
9480 2
9481 5
9482 1
9483 1
9484 1
9485 1
9486 2
9487 1
9488 1
9489 2
9490 1
9491 2
9492 1
9493 1
9494 3
9495 4
9496 1
9497 53
9498 1
9499 2
9500 2
9501 1
9502 4
9503 1
9504 2
9505 2
9506 1
9507 1
9508 1
9509 1
9510 2
9511 1
9512 1
9513 1
9514 1
9515 1
9516 1
9517 2
9518 1
9519 5
9520 1
9521 15
9522 4
9523 1
9524 1
9525 1
9526 4
9527 1
9528 1
9529 4
9530 1
9531 1
9532 1
9533 1
9534 3
9535 72
9536 1
9537 1
9538 1
9539 1
9540 1
9541 1
9542 4
9543 1
9544 1
9545 7
9546 1
9547 1
9548 2
9549 16
9550 2
9551 3
9552 1
9553 3
9554 2
9555 1
9556 2
9557 209
9558 2
9559 2
9560 2
9561 1
9562 15
9563 1
9564 1
9565 4
9566 2
9567 2
9568 1
9569 1
9570 7
9571 1
9572 1
9573 1
9574 3
9575 16
9576 1
9577 1
9578 2
9579 3
9580 1
9581 1
9582 3
9583 1
9584 4
9585 1
9586 1
9587 114
9588 1
9589 1
9590 1
9591 4
9592 2
9593 1
9594 5
9595 1
9596 1
9597 1
9598 1
9599 1
9600 1
9601 1
9602 2
9603 1
9604 3
9605 1
9606 3
9607 1
9608 1
9609 1
9610 1
9611 2
9612 1
9613 4
9614 1
9615 6
9616 1
9617 1
9618 1
9619 1
9620 3
9621 2
9622 1
9623 1
9624 1
9625 2
9626 2
9627 1
9628 1
9629 1
9630 1
9631 2
9632 1
9633 1
9634 2
9635 6
9636 3
9637 1
9638 10
9639 1
9640 2
9641 1
9642 2
9643 2
9644 5
9645 2
9646 2
9647 1
9648 1
9649 1
9650 1
9651 4
9652 1
9653 1
9654 1
9655 11
9656 1
9657 1
9658 2
9659 4
9660 2
9661 1
9662 2
9663 1
9664 1
9665 1
9666 3
9667 2
9668 1
9669 4
9670 2
9671 2
9672 1
9673 1
9674 3
9675 1
9676 6
9677 1
9678 7
9679 1
9680 5
9681 4
9682 15
9683 1
9684 1
9685 1
9686 11
9687 2
9688 1
9689 1
9690 1
9691 1
9692 2
9693 1
9694 1
9695 1
9696 1
9697 1
9698 1
9699 1
9700 2
9701 1
9702 1
9703 5
9704 1
9705 1
9706 1
9707 2
9708 2
9709 1
9710 1
9711 1
9712 5
9713 1
9714 3
9715 1
9716 1
9717 1
9718 1
9719 1
9720 5
9721 2
9722 1
9723 4
9724 1
9725 1
9726 1
9727 1
9728 1
9729 1
9730 4
9731 2
9732 4
9733 1
9734 1
9735 1
9736 1
9737 1
9738 1
9739 1
9740 1
9741 1
9742 1
9743 1
9744 1
9745 1
9746 15
9747 1
9748 2
9749 1
9750 4
9751 2
9752 1
9753 1
9754 1
9755 57
9756 1
9757 1
9758 2
9759 1
9760 5
9761 1
9762 1
9763 1
9764 1
9765 7
9766 5
9767 2
9768 1
9769 1
9770 1
9771 1
9772 1
9773 4
9774 1
9775 2
9776 1
9777 18
9778 1
9779 1
9780 7
9781 2
9782 2
9783 1
9784 151
9785 1
9786 1
9787 1
9788 7
9789 1
9790 2
9791 1
9792 1
9793 1
9794 1
9795 1
9796 1
9797 1
9798 11
9799 2
9800 2
9801 1
9802 9
9803 1
9804 1
9805 1
9806 1
9807 1
9808 2
9809 1
9810 1
9811 1
9812 15
9813 2
9814 1
9815 1
9816 2
9817 1
9818 2
9819 3
9820 1
9821 1
9822 2
9823 1
9824 1
9825 2
9826 1
9827 3
9828 1
9829 2
9830 1
9831 1
9832 1
9833 1
9834 3
9835 2
9836 1
9837 2
9838 4
9839 1
9840 1
9841 5
9842 1
9843 2
9844 1
9845 1
9846 3
9847 2
9848 2
9849 2
9850 1
9851 1
9852 1
9853 2
9854 1
9855 1
9856 1
9857 1
9858 1
9859 1
9860 2
9861 1
9862 1
9863 1
9864 1
9865 2
9866 24
9867 1
9868 1
9869 1
9870 1
9871 1
9872 9
9873 1
9874 1
9875 1
9876 1
9877 2
9878 3
9879 1
9880 1
9881 1
9882 2
9883 1
9884 5
9885 1
9886 2
9887 4
9888 1
9889 1
9890 2
9891 1
9892 1
9893 2
9894 4
9895 1
9896 1
9897 1
9898 2
9899 1
9900 1
9901 1
9902 1
9903 1
9904 2
9905 1
9906 9
9907 1
9908 3
9909 2
9910 1
9911 3
9912 1
9913 1
9914 1
9915 1
9916 1
9917 1
9918 1
9919 2
9920 1
9921 1
9922 2
9923 4
9924 6
9925 7
9926 1
9927 1
9928 1
9929 1
9930 7
9931 2
9932 1
9933 1
9934 1
9935 1
9936 2
9937 1
9938 91
9939 2
9940 2
9941 1
9942 1
9943 1
9944 1
9945 1
9946 1
9947 1
9948 1
9949 3
9950 1
9951 4
9952 2
9953 2
9954 2
9955 1
9956 2
9957 1
9958 1
9959 9
9960 1
9961 1
9962 1
9963 1
9964 2
9965 1
9966 2
9967 4
9968 1
9969 5
9970 1
9971 3
9972 1
9973 1
9974 3
9975 1
9976 14
9977 1
9978 3
9979 1
9980 3
9981 1
9982 3
9983 5
9984 3
9985 1
9986 1
9987 2
9988 1
9989 1
9990 1
9991 1
9992 5
9993 3
9994 5
9995 1
9996 4
9997 2
9998 1
9999 2
10000 1
10001 1
10002 1
10003 10
10004 4
10005 1
10006 4
10007 1
10008 1
10009 1
10010 1
10011 1
10012 2
10013 1
10014 1
10015 1
10016 1
10017 1
10018 1
10019 1
10020 1
10021 1
10022 1
10023 1
10024 1
10025 1
10026 1
10027 1
10028 1
10029 1
10030 1
10031 7
10032 1
10033 9
10034 1
10035 1
10036 1
10037 2
10038 2
10039 1
10040 1
10041 1
10042 2
10043 1
10044 4
10045 1
10046 1
10047 2
10048 5
10049 1
10050 1
10051 1
10052 1
10053 1
10054 7
10055 3
10056 1
10057 2
10058 1
10059 5
10060 2
10061 1
10062 2
10063 1
10064 3
10065 1
10066 1
10067 28
10068 10
10069 1
10070 1
10071 1
10072 1
10073 5
10074 1
10075 6
10076 1
10077 12
10078 1
10079 1
10080 1
10081 3
10082 2
10083 1
10084 2
10085 1
10086 8
10087 1
10088 4
10089 1
10090 2
10091 1
10092 1
10093 1
10094 2
10095 1
10096 5
10097 3
10098 1
10099 6
10100 6
10101 1
10102 3
10103 1
10104 2
10105 1
10106 2
10107 1
10108 1
10109 2
10110 1
10111 1
10112 15
10113 1
10114 1
10115 1
10116 6
10117 1
10118 3
10119 1
10120 7
10121 1
10122 2
10123 1
10124 1
10125 1
10126 4
10127 1
10128 24
10129 1
10130 1
10131 1
10132 1
10133 13
10134 2
10135 5
10136 4
10137 8
10138 3
10139 1
10140 1
10141 1
10142 1
10143 1
10144 1
10145 1
10146 2
10147 1
10148 1
10149 1
10150 2
10151 4
10152 3
10153 3
10154 1
10155 1
10156 1
10157 1
10158 3
10159 10
10160 1
10161 3
10162 1
10163 1
10164 1
10165 1
10166 1
10167 1
10168 2
10169 1
10170 1
10171 1
10172 1
10173 1
10174 4
10175 3
10176 2
10177 3
10178 1
10179 3
10180 1
10181 1
10182 1
10183 2
10184 2
10185 13
10186 2
10187 1
10188 1
10189 1
10190 1
10191 2
10192 24
10193 3
10194 1
10195 1
10196 1
10197 3
10198 1
10199 5
10200 1
10201 1
10202 1
10203 1
10204 1
10205 1
10206 1
10207 1
10208 4
10209 1
10210 2
10211 2
10212 1
10213 2
10214 3
10215 2
10216 6
10217 1
10218 1
10219 1
10220 2
10221 2
10222 2
10223 1
10224 1
10225 1
10226 9
10227 1
10228 1
10229 1
10230 1
10231 4
10232 1
10233 1
10234 2
10235 1
10236 1
10237 1
10238 5
10239 3
10240 1
10241 2
10242 1
10243 1
10244 1
10245 1
10246 1
10247 5
10248 1
10249 1
10250 2
10251 2
10252 6
10253 1
10254 1
10255 1
10256 1
10257 1
10258 1
10259 2
10260 1
10261 2
10262 1
10263 1
10264 1
10265 4
10266 2
10267 2
10268 2
10269 1
10270 2
10271 3
10272 1
10273 1
10274 34
10275 1
10276 2
10277 3
10278 1
10279 1
10280 1
10281 1
10282 1
10283 1
10284 1
10285 1
10286 14
10287 1
10288 4
10289 1
10290 4
10291 2
10292 2
10293 1
10294 1
10295 5
10296 2
10297 2
10298 9
10299 2
10300 1
10301 2
10302 1
10303 1
10304 2
10305 1
10306 4
10307 5
10308 1
10309 1
10310 1
10311 1
10312 37
10313 9
10314 1
10315 2
10316 2
10317 1
10318 1
10319 1
10320 4
10321 1
10322 2
10323 3
10324 1
10325 1
10326 1
10327 2
10328 1
10329 1
10330 1
10331 3
10332 2
10333 2
10334 2
10335 1
10336 1
10337 1
10338 1
10339 1
10340 6
10341 4
10342 1
10343 1
10344 1
10345 35
10346 1
10347 1
10348 1
10349 3
10350 5
10351 1
10352 1
10353 2
10354 1
10355 8
10356 2
10357 1
10358 1
10359 1
10360 1
10361 1
10362 1
10363 1
10364 1
10365 4
10366 2
10367 1
10368 1
10369 1
10370 1
10371 1
10372 2
10373 4
10374 1
10375 9
10376 1
10377 2
10378 1
10379 1
10380 1
10381 1
10382 6
10383 3
10384 1
10385 1
10386 1
10387 9
10388 2
10389 1
10390 1
10391 1
10392 2
10393 1
10394 1
10395 9
10396 1
10397 4
10398 1
10399 1
10400 1
10401 1
10402 1
10403 2
10404 1
10405 2
10406 1
10407 1
10408 2
10409 2
10410 1
10411 12
10412 1
10413 5
10414 1
10415 59
10416 1
10417 1
10418 1
10419 5
10420 2
10421 7
10422 1
10423 1
10424 1
10425 1
10426 16
10427 1
10428 1
10429 2
10430 1
10431 3
10432 1
10433 5
10434 2
10435 1
10436 5
10437 3
10438 2
10439 4
10440 2
10441 13
10442 2
10443 1
10444 2
10445 2
10446 1
10447 1
10448 1
10449 1
10450 1
10451 34
10452 1
10453 17
10454 1
10455 3
10456 1
10457 2
10458 1
10459 2
10460 1
10461 3
10462 1
10463 7
10464 1
10465 2
10466 2
10467 5
10468 1
10469 1
10470 1
10471 2
10472 1
10473 2
10474 1
10475 1
10476 1
10477 2
10478 2
10479 1
10480 1
10481 1
10482 3
10483 2
10484 5
10485 1
10486 24
10487 1
10488 1
10489 1
10490 1
10491 1
10492 1
10493 15
10494 5
10495 1
10496 1
10497 4
10498 1
10499 2
10500 2
10501 1
10502 1
10503 1
10504 4
10505 2
10506 17
10507 248
10508 1
10509 1
10510 4
10511 2
10512 1
10513 1
10514 2
10515 6
10516 2
10517 3
10518 1
10519 1
10520 1
10521 2
10522 1
10523 1
10524 1
10525 1
10526 11
10527 3
10528 7
10529 1
10530 14
10531 5
10532 4
10533 1
10534 1
10535 1
10536 1
10537 59
10538 2
10539 3
10540 1
10541 1
10542 2
10543 3
10544 1
10545 1
10546 2
10547 1
10548 3
10549 6
10550 1
10551 1
10552 2
10553 2
10554 1
10555 1
10556 1
10557 1
10558 2
10559 1
10560 5
10561 1
10562 1
10563 1
10564 7
10565 4
10566 1
10567 1
10568 1
10569 1
10570 1
10571 1
10572 4
10573 1
10574 5
10575 1
10576 1
10577 23
10578 4
10579 1
10580 5
10581 2
10582 1
10583 1
10584 12
10585 2
10586 2
10587 1
10588 1
10589 2
10590 3
10591 1
10592 1
10593 2
10594 1
10595 1
10596 1
10597 2
10598 4
10599 1
10600 4
10601 1
10602 2
10603 5
10604 10
10605 1
10606 1
10607 2
10608 3
10609 1
10610 1
10611 1
10612 1
10613 1
10614 1
10615 1
10616 1
10617 1
10618 1
10619 1
10620 2
10621 6
10622 1
10623 1
10624 1
10625 3
10626 2
10627 5
10628 12
10629 2
10630 2
10631 4
10632 1
10633 2
10634 3
10635 1
10636 121
10637 1
10638 3
10639 1
10640 1
10641 2
10642 1
10643 3
10644 2
10645 2
10646 1
10647 4
10648 2
10649 2
10650 1
10651 1
10652 9
10653 1
10654 1
10655 1
10656 3
10657 1
10658 1
10659 4
10660 1
10661 2
10662 1
10663 1
10664 2
10665 1
10666 1
10667 1
10668 1
10669 1
10670 1
10671 1
10672 1
10673 1
10674 1
10675 2
10676 1
10677 3
10678 1
10679 5
10680 3
10681 1
10682 1
10683 1
10684 4
10685 1
10686 2
10687 2
10688 1
10689 2
10690 2
10691 1
10692 3
10693 2
10694 2
10695 1
10696 1
10697 1
10698 1
10699 2
10700 1
10701 3
10702 2
10703 1
10704 1
10705 2
10706 1
10707 1
10708 1
10709 6
10710 3
10711 1
10712 1
10713 2
10714 1
10715 3
10716 2
10717 1
10718 1
10719 1
10720 1
10721 3
10722 2
10723 2
10724 2
10725 1
10726 2
10727 1
10728 1
10729 2
10730 1
10731 1
10732 69
10733 1
10734 1
10735 1
10736 1
10737 2
10738 1
10739 1
10740 1
10741 1
10742 1
10743 1
10744 1
10745 1
10746 1
10747 2
10748 1
10749 1
10750 1
10751 1
10752 1
10753 1
10754 1
10755 2
10756 2
10757 3
10758 1
10759 2
10760 1
10761 1
10762 1
10763 3
10764 3
10765 3
10766 1
10767 1
10768 1
10769 1
10770 1
10771 2
10772 2
10773 1
10774 1
10775 2
10776 1
10777 3
10778 1
10779 1
10780 4
10781 1
10782 2
10783 2
10784 1
10785 8
10786 1
10787 1
10788 1
10789 4
10790 2
10791 2
10792 1
10793 2
10794 1
10795 1
10796 3
10797 1
10798 1
10799 1
10800 3
10801 1
10802 3
10803 1
10804 1
10805 1
10806 1
10807 2
10808 1
10809 2
10810 1
10811 1
10812 1
10813 2
10814 1
10815 1
10816 4
10817 2
10818 1
10819 1
10820 1
10821 1
10822 1
10823 1
10824 2
10825 1
10826 2
10827 3
10828 2
10829 2
10830 3
10831 1
10832 11
10833 2
10834 3
10835 1
10836 1
10837 1
10838 1
10839 1
10840 25
10841 1
10842 5
10843 11
10844 4
10845 1
10846 1
10847 4
10848 1
10849 6
10850 1
10851 2
10852 1
10853 1
10854 4
10855 4
10856 2
10857 2
10858 1
10859 5
10860 4
10861 1
10862 1
10863 2
10864 4
10865 1
10866 1
10867 3
10868 5
10869 1
10870 1
10871 1
10872 2
10873 1
10874 1
10875 1
10876 1
10877 1
10878 2
10879 1
10880 1
10881 2
10882 1
10883 2
10884 2
10885 2
10886 1
10887 2
10888 21
10889 1
10890 2
10891 1
10892 1
10893 1
10894 1
10895 493
10896 1
10897 1
10898 1
10899 3
10900 1
10901 2
10902 2
10903 25
10904 1
10905 4
10906 1
10907 1
10908 30
10909 2
10910 1
10911 3
10912 1
10913 1
10914 1
10915 259
10916 1
10917 2
10918 3
10919 1
10920 9
10921 1
10922 1
10923 10
10924 1
10925 1
10926 1
10927 1
10928 1
10929 1
10930 2
10931 1
10932 1
10933 1
10934 1
10935 2
10936 1
10937 1
10938 2
10939 1
10940 2
10941 7
10942 1
10943 1
10944 1
10945 1
10946 1
10947 2
10948 4
10949 1
10950 1
10951 1
10952 1
10953 2
10954 1
10955 2
10956 2
10957 2
10958 2
10959 2
10960 1
10961 1
10962 1
10963 5
10964 2
10965 1
10966 2
10967 1
10968 2
10969 1
10970 1
10971 1
10972 2
10973 1
10974 1
10975 1
10976 31
10977 2
10978 1
10979 2
10980 1
10981 1
10982 1
10983 1
10984 1
10985 1
10986 5
10987 6
10988 1
10989 7
10990 3
10991 1
10992 1
10993 1
10994 1
10995 1
10996 1
10997 3
10998 1
10999 4
11000 2
11001 2
11002 2
11003 1
11004 1
11005 1
11006 3
11007 2
11008 1
11009 1
11010 2
11011 38
11012 6
11013 1
11014 1
11015 4
11016 1
11017 1
11018 1
11019 4
11020 3
11021 1
11022 5
11023 4
11024 4
11025 1
11026 1
11027 1
11028 1
11029 4
11030 1
11031 2
11032 2
11033 2
11034 1
11035 1
11036 1
11037 1
11038 1
11039 2
11040 1
11041 1
11042 1
11043 3
11044 1
11045 7
11046 1
11047 1
11048 1
11049 1
11050 1
11051 1
11052 1
11053 1
11054 4
11055 1
11056 1
11057 1
11058 1
11059 3
11060 7
11061 1
11062 1
11063 1
11064 4
11065 1
11066 1
11067 1
11068 1
11069 1
11070 2
11071 1
11072 1
11073 2
11074 2
11075 1
11076 1
11077 1
11078 1
11079 1
11080 1
11081 1
11082 15
11083 1
11084 2
11085 1
11086 1
11087 5
11088 1
11089 1
11090 1
11091 3
11092 4
11093 1
11094 1
11095 16
11096 6
11097 2
11098 1
11099 1
11100 12
11101 1
11102 1
11103 1
11104 1
11105 1
11106 2
11107 1
11108 1
11109 1
11110 2
11111 2
11112 1
11113 3
11114 1
11115 2
11116 1
11117 1
11118 2
11119 1
11120 1
11121 2
11122 2
11123 2
11124 1
11125 7
11126 1
11127 2
11128 1
11129 1
11130 2
11131 2
11132 1
11133 1
11134 1
11135 1
11136 1
11137 3
11138 14
11139 1
11140 1
11141 2
11142 1
11143 2
11144 2
11145 3
11146 2
11147 1
11148 1
11149 2
11150 1
11151 4
11152 2
11153 4
11154 3
11155 1
11156 1
11157 25
11158 2
11159 1
11160 2
11161 2
11162 1
11163 1
11164 1
11165 3
11166 20
11167 2
11168 1
11169 2
11170 2
11171 1
11172 1
11173 1
11174 62
11175 18
11176 7
11177 1
11178 1
11179 1
11180 3
11181 1
11182 1
11183 4
11184 1
11185 3
11186 3
11187 2
11188 1
11189 1
11190 1
11191 1
11192 1
11193 1
11194 3
11195 1
11196 4
11197 3
11198 7
11199 1
11200 1
11201 2
11202 4
11203 3
11204 1
11205 61
11206 8
11207 1
11208 1
11209 3
11210 1
11211 1
11212 4
11213 18
11214 1
11215 1
11216 1
11217 5
11218 6
11219 20
11220 3
11221 1
11222 1
11223 1
11224 2
11225 1
11226 7
11227 3
11228 1
11229 1
11230 18
11231 2
11232 2
11233 2
11234 1
11235 2
11236 1
11237 1
11238 5
11239 1
11240 7
11241 3
11242 1
11243 5
11244 1
11245 1
11246 1
11247 2
11248 3
11249 1
11250 1
11251 1
11252 1
11253 3
11254 2
11255 1
11256 226
11257 1
11258 2
11259 1
11260 1
11261 5
11262 1
11263 5
11264 1
11265 1
11266 9
11267 1
11268 1
11269 2
11270 1
11271 4
11272 1
11273 2
11274 304
11275 3
11276 1
11277 1
11278 66
11279 1
11280 1
11281 1
11282 1
11283 1
11284 3
11285 1
11286 2
11287 1
11288 3
11289 2
11290 1
11291 1
11292 1
11293 4
11294 1
11295 1
11296 1
11297 1
11298 1
11299 4
11300 7
11301 1
11302 1
11303 1
11304 2
11305 3
11306 20
11307 1
11308 1
11309 1
11310 1
11311 1
11312 5
11313 2
11314 1
11315 3
11316 1
11317 1
11318 2
11319 1
11320 76
11321 2
11322 1
11323 2
11324 1
11325 5
11326 1
11327 1
11328 4
11329 1
11330 1
11331 2
11332 1
11333 1
11334 1
11335 1
11336 3
11337 1
11338 3
11339 6
11340 1
11341 1
11342 2
11343 3
11344 3
11345 1
11346 28
11347 2
11348 10
11349 1
11350 2
11351 7
11352 1
11353 1
11354 26
11355 1
11356 5
11357 4
11358 4
11359 34
11360 1
11361 1
11362 2
11363 3
11364 1
11365 3
11366 1
11367 2
11368 4
11369 3
11370 1
11371 1
11372 1
11373 1
11374 1
11375 2
11376 1
11377 1
11378 2
11379 4
11380 1
11381 3
11382 1
11383 23
11384 1
11385 1
11386 22
11387 4
11388 1
11389 2
11390 1
11391 1
11392 1
11393 2
11394 2
11395 10
11396 12
11397 3
11398 1
11399 5
11400 4
11401 1
11402 1
11403 1
11404 2
11405 28
11406 1
11407 4
11408 3
11409 2
11410 1
11411 1
11412 3
11413 1
11414 2
11415 1
11416 7
11417 6
11418 1
11419 1
11420 1
11421 1
11422 2
11423 1
11424 1
11425 2
11426 1
11427 1
11428 1
11429 1
11430 1
11431 3
11432 2
11433 1
11434 4
11435 1
11436 2
11437 3
11438 3
11439 1
11440 1
11441 1
11442 1
11443 1
11444 2
11445 1
11446 1
11447 21
11448 10
11449 3
11450 4
11451 2
11452 6
11453 7
11454 6
11455 28
11456 1
11457 1
11458 4
11459 1
11460 1
11461 1
11462 2
11463 1
11464 3
11465 1
11466 1
11467 1
11468 1
11469 1
11470 1
11471 4
11472 1
11473 2
11474 1
11475 1
11476 4
11477 1
11478 1
11479 9
11480 2
11481 1
11482 1
11483 1
11484 2
11485 1
11486 1
11487 2
11488 2
11489 2
11490 1
11491 1
11492 1
11493 1
11494 3
11495 2
11496 1
11497 1
11498 1
11499 1
11500 1
11501 1
11502 1
11503 1
11504 1
11505 1
11506 1
11507 1
11508 1
11509 1
11510 1
11511 7
11512 3
11513 2
11514 1
11515 1
11516 2
11517 1
11518 1
11519 6
11520 1
11521 3
11522 2
11523 1
11524 1
11525 1
11526 1
11527 1
11528 1
11529 1
11530 4
11531 4
11532 6
11533 2
11534 7
11535 1
11536 10
11537 1
11538 5
11539 1
11540 1
11541 4
11542 1
11543 1
11544 2
11545 2
11546 5
11547 2
11548 1
11549 1
11550 3
11551 15
11552 1
11553 1
11554 1
11555 2
11556 2
11557 1
11558 12
11559 2
11560 2
11561 1
11562 3
11563 1
11564 3
11565 1
11566 1
11567 2
11568 10
11569 3
11570 2
11571 1
11572 1
11573 1
11574 2
11575 3
11576 1
11577 3
11578 1
11579 1
11580 1
11581 1
11582 2
11583 1
11584 1
11585 2
11586 1
11587 2
11588 1
11589 1
11590 13
11591 1
11592 1
11593 4
11594 7
11595 3
11596 1
11597 1
11598 1
11599 1
11600 1
11601 4
11602 1
11603 2
11604 2
11605 1
11606 2
11607 1
11608 2
11609 1
11610 3
11611 1
11612 1
11613 1
11614 1
11615 4
11616 1
11617 9
11618 1
11619 1
11620 1
11621 1
11622 1
11623 2
11624 6
11625 1
11626 2
11627 17
11628 2
11629 1
11630 2
11631 13
11632 2
11633 4
11634 1
11635 1
11636 1
11637 4
11638 2
11639 1
11640 1
11641 3
11642 1
11643 1
11644 1
11645 1
11646 1
11647 2
11648 1
11649 1
11650 1
11651 2
11652 155
11653 1
11654 1
11655 2
11656 4
11657 1
11658 1
11659 1
11660 1
11661 3
11662 1
11663 1
11664 1
11665 2
11666 1
11667 1
11668 1
11669 1
11670 4
11671 1
11672 1
11673 1
11674 1
11675 1
11676 2
11677 1
11678 270
11679 3
11680 1
11681 1
11682 5
11683 1
11684 1
11685 2
11686 1
11687 3
11688 2
11689 1
11690 7
11691 8
11692 2
11693 1
11694 1
11695 19
11696 2
11697 22
11698 2
11699 2
11700 2
11701 147
11702 4
11703 1
11704 1
11705 2
11706 3
11707 1
11708 1
11709 55
11710 1
11711 1
11712 1
11713 2
11714 7
11715 2
11716 1
11717 1
11718 1
11719 1
11720 1
11721 2
11722 1
11723 1
11724 1
11725 1
11726 1
11727 2
11728 1
11729 1
11730 2
11731 2
11732 1
11733 2
11734 3
11735 3
11736 2
11737 4
11738 2
11739 2
11740 1
11741 1
11742 2
11743 2
11744 1
11745 1
11746 1
11747 1
11748 1
11749 1
11750 1
11751 1
11752 1
11753 1
11754 13
11755 5
11756 1
11757 1
11758 1
11759 2
11760 1
11761 1
11762 2
11763 1
11764 1
11765 2
11766 1
11767 1
11768 10
11769 2
11770 1
11771 1
11772 1
11773 4
11774 1
11775 1
11776 1
11777 1
11778 1
11779 1
11780 1
11781 1
11782 3
11783 3
11784 1
11785 1
11786 1
11787 1
11788 2
11789 1
11790 1
11791 1
11792 3
11793 2
11794 1
11795 2
11796 3
11797 1
11798 3
11799 1
11800 1
11801 1
11802 1
11803 1
11804 2
11805 2
11806 1
11807 1
11808 3
11809 1
11810 2
11811 3
11812 1
11813 1
11814 1
11815 4
11816 1
11817 1
11818 1
11819 1
11820 1
11821 1
11822 1
11823 2
11824 4
11825 1
11826 1
11827 1
11828 1
11829 1
11830 2
11831 15
11832 1
11833 3
11834 1
11835 4
11836 1
11837 1
11838 4
11839 2
11840 4
11841 1
11842 1
11843 1
11844 3
11845 1
11846 15
11847 2
11848 2
11849 1
11850 1
11851 1
11852 4
11853 1
11854 1
11855 10
11856 1
11857 1
11858 3
11859 10
11860 1
11861 1
11862 7
11863 1
11864 1
11865 1
11866 1
11867 1
11868 1
11869 1
11870 9
11871 2
11872 1
11873 2
11874 1
11875 1
11876 1
11877 1
11878 1
11879 1
11880 1
11881 1
11882 2
11883 1
11884 1
11885 1
11886 14
11887 6
11888 1
11889 35
11890 1
11891 1
11892 1
11893 4
11894 1
11895 1
11896 2
11897 7
11898 1
11899 4
11900 1
11901 1
11902 15
11903 1
11904 2
11905 1
11906 1
11907 1
11908 10
11909 1
11910 3
11911 2
11912 1
11913 1
11914 3
11915 1
11916 2
11917 3
11918 1
11919 1
11920 2
11921 1
11922 2
11923 1
11924 1
11925 3
11926 2
11927 1
11928 1
11929 1
11930 1
11931 1
11932 1
11933 2
11934 1
11935 2
11936 2
11937 7
11938 2
11939 2
11940 1
11941 2
11942 1
11943 1
11944 1
11945 1
11946 1
11947 19
11948 7
11949 1
11950 1
11951 1
11952 1
11953 2
11954 1
11955 1
11956 1
11957 1
11958 1
11959 1
11960 6
11961 1
11962 1
11963 1
11964 1
11965 1
11966 6
11967 1
11968 3
11969 1
11970 1
11971 1
11972 1
11973 1
11974 4
11975 2
11976 1
11977 1
11978 1
11979 1
11980 3
11981 10
11982 49
11983 3
11984 1
11985 1
11986 1
11987 3
11988 1
11989 3
11990 3
11991 2
11992 4
11993 1
11994 1
11995 18
11996 3
11997 1
11998 1
11999 20
12000 1
12001 1
12002 4
12003 1
12004 2
12005 1
12006 1
12007 2
12008 1
12009 16
12010 5
12011 1
12012 1
12013 1
12014 13
12015 2
12016 1
12017 1
12018 5
12019 1
12020 2
12021 2
12022 11
12023 3
12024 1
12025 1
12026 1
12027 1
12028 1
12029 10
12030 1
12031 1
12032 1
12033 1
12034 1
12035 2
12036 1
12037 1
12038 1
12039 1
12040 1
12041 2
12042 2
12043 2
12044 1
12045 3
12046 79
12047 1
12048 1
12049 1
12050 1
12051 1
12052 1
12053 2
12054 1
12055 3
12056 2
12057 1
12058 37
12059 1
12060 2
12061 2
12062 1
12063 1
12064 4
12065 1
12066 1
12067 2
12068 7
12069 1
12070 1
12071 1
12072 1
12073 1
12074 7
12075 4
12076 1
12077 2
12078 3
12079 1
12080 1
12081 3
12082 1
12083 9
12084 1
12085 2
12086 2
12087 2
12088 1
12089 1
12090 1
12091 2
12092 1
12093 1
12094 1
12095 2
12096 3
12097 1
12098 2
12099 1
12100 1
12101 1
12102 2
12103 1
12104 2
12105 1
12106 1
12107 1
12108 4
12109 1
12110 1
12111 1
12112 1
12113 1
12114 2
12115 1
12116 1
12117 1
12118 1
12119 25
12120 2
12121 1
12122 5
12123 1
12124 2
12125 1
12126 1
12127 1
12128 1
12129 1
12130 6
12131 4
12132 3
12133 1
12134 1
12135 5
12136 1
12137 24
12138 1
12139 1
12140 1
12141 7
12142 2
12143 6
12144 2
12145 1
12146 1
12147 1
12148 1
12149 3
12150 1
12151 1
12152 2
12153 1
12154 3
12155 1
12156 2
12157 1
12158 1
12159 2
12160 1
12161 1
12162 1
12163 2
12164 7
12165 1
12166 1
12167 1
12168 1
12169 1
12170 1
12171 2
12172 3
12173 1
12174 1
12175 2
12176 1
12177 1
12178 1
12179 1
12180 2
12181 1
12182 1
12183 1
12184 2
12185 1
12186 1
12187 2
12188 1
12189 1
12190 2
12191 3
12192 2
12193 1
12194 1
12195 2
12196 1
12197 1
12198 1
12199 1
12200 11
12201 1
12202 1
12203 1
12204 28
12205 1
12206 2
12207 1
12208 3
12209 1
12210 1
12211 2
12212 4
12213 1
12214 19
12215 1
12216 8
12217 1
12218 1
12219 1
12220 12
12221 198
12222 1
12223 1
12224 1
12225 2
12226 1
12227 5
12228 1
12229 1
12230 1
12231 1
12232 15
12233 1
12234 1
12235 1
12236 1
12237 2
12238 1
12239 1
12240 1
12241 2
12242 1
12243 1
12244 2
12245 2
12246 1
12247 1
12248 11
12249 3
12250 1
12251 1
12252 1
12253 2
12254 1
12255 1
12256 2
12257 2
12258 10
12259 1
12260 1
12261 1
12262 23
12263 1
12264 2
12265 1
12266 2
12267 1
12268 1
12269 1
12270 1
12271 3
12272 1
12273 1
12274 1
12275 36
12276 4
12277 1
12278 3
12279 1
12280 2
12281 1
12282 1
12283 1
12284 1
12285 1
12286 1
12287 1
12288 4
12289 1
12290 1
12291 3
12292 2
12293 2
12294 1
12295 2
12296 2
12297 2
12298 1
12299 1
12300 3
12301 2
12302 1
12303 10
12304 2
12305 4
12306 1
12307 3
12308 1
12309 4
12310 4
12311 3
12312 1
12313 80
12314 1
12315 1
12316 4
12317 1
12318 1
12319 3
12320 1
12321 2
12322 4
12323 1
12324 7
12325 1
12326 1
12327 1
12328 1
12329 1
12330 2
12331 1
12332 3
12333 3
12334 1
12335 10
12336 3
12337 1
12338 2
12339 10
12340 1
12341 1
12342 1
12343 2
12344 1
12345 1
12346 2
12347 2
12348 9
12349 2
12350 1
12351 1
12352 2
12353 1
12354 1
12355 2
12356 4
12357 1
12358 1
12359 1
12360 2
12361 2
12362 1
12363 9
12364 26
12365 1
12366 2
12367 22
12368 1
12369 1
12370 1
12371 1
12372 3
12373 1
12374 1
12375 1
12376 6
12377 1
12378 1
12379 1
12380 1
12381 2
12382 12
12383 1
12384 1
12385 1
12386 1
12387 1
12388 7
12389 1
12390 1
12391 1
12392 1
12393 6
12394 1
12395 1
12396 1
12397 1
12398 2
12399 1
12400 5
12401 1
12402 3
12403 1
12404 1
12405 2
12406 1
12407 1
12408 5
12409 2
12410 1
12411 1
12412 2
12413 4
12414 1
12415 7
12416 1
12417 1
12418 3
12419 5
12420 1
12421 1
12422 1
12423 1
12424 2
12425 22
12426 10
12427 1
12428 1
12429 1
12430 2
12431 1
12432 1
12433 1
12434 3
12435 1
12436 2
12437 1
12438 1
12439 1
12440 1
12441 1
12442 1
12443 1
12444 1
12445 3
12446 1
12447 1
12448 1
12449 1
12450 3
12451 1
12452 1
12453 2
12454 1
12455 1
12456 1
12457 2
12458 3
12459 2
12460 1
12461 3
12462 1
12463 1
12464 1
12465 1
12466 1
12467 3
12468 2
12469 1
12470 8
12471 1
12472 1
12473 1
12474 2
12475 1
12476 1
12477 1
12478 2
12479 5
12480 1
12481 5
12482 2
12483 10
12484 1
12485 2
12486 1
12487 1
12488 20
12489 2
12490 1
12491 1
12492 2
12493 1
12494 2
12495 33
12496 2
12497 1
12498 6
12499 2
12500 1
12501 11
12502 1
12503 2
12504 4
12505 1
12506 2
12507 1
12508 1
12509 2
12510 1
12511 1
12512 1
12513 2
12514 4
12515 1
12516 1
12517 1
12518 6
12519 1
12520 1
12521 1
12522 1
12523 2
12524 1
12525 1
12526 1
12527 2
12528 3
12529 2
12530 1
12531 1
12532 2
12533 2
12534 1
12535 1
12536 1
12537 1
12538 1
12539 1
12540 1
12541 2
12542 1
12543 14
12544 2
12545 2
12546 1
12547 5
12548 4
12549 1
12550 1
12551 3
12552 2
12553 1
12554 1
12555 1
12556 1
12557 1
12558 1
12559 1
12560 7
12561 1
12562 1
12563 3
12564 2
12565 2
12566 1
12567 4
12568 2
12569 17
12570 1
12571 1
12572 3
12573 1
12574 1
12575 1
12576 1
12577 1
12578 1
12579 1
12580 3
12581 1
12582 2
12583 3
12584 1
12585 2
12586 2
12587 4
12588 1
12589 1
12590 1
12591 1
12592 4
12593 1
12594 1
12595 1
12596 1
12597 1
12598 3
12599 3
12600 1
12601 1
12602 1
12603 4
12604 830
12605 1
12606 5
12607 4
12608 1
12609 1
12610 1
12611 1
12612 1
12613 1
12614 1
12615 157
12616 5
12617 2
12618 1
12619 1
12620 1
12621 2
12622 2
12623 1
12624 1
12625 2
12626 10
12627 2
12628 1
12629 1
12630 1
12631 4
12632 1
12633 1
12634 1
12635 1
12636 4
12637 1
12638 1
12639 2
12640 1
12641 1
12642 1
12643 3
12644 3
12645 5
12646 1
12647 2
12648 9
12649 3
12650 4
12651 1
12652 1
12653 1
12654 1
12655 2
12656 1
12657 1
12658 2
12659 1
12660 5
12661 7
12662 1
12663 1
12664 2
12665 1
12666 1
12667 1
12668 6
12669 1
12670 33
12671 2
12672 2
12673 1
12674 1
12675 1
12676 2
12677 1
12678 1
12679 4
12680 1
12681 6
12682 8
12683 1
12684 1
12685 1
12686 1
12687 1
12688 14
12689 1
12690 1
12691 4
12692 1
12693 1
12694 2
12695 3
12696 1
12697 2
12698 1
12699 1
12700 2
12701 1
12702 3
12703 1
12704 1
12705 4
12706 1
12707 2
12708 1
12709 1
12710 3
12711 1
12712 1
12713 1
12714 1
12715 1
12716 1
12717 1
12718 5
12719 2
12720 3
12721 1
12722 1
12723 1
12724 11
12725 1
12726 1
12727 8
12728 1
12729 1
12730 1
12731 1
12732 6
12733 2
12734 2
12735 1
12736 14
12737 5
12738 5
12739 2
12740 2
12741 1
12742 1
12743 30
12744 2
12745 2
12746 1
12747 1
12748 4
12749 1
12750 1
12751 1
12752 1
12753 1
12754 1
12755 1
12756 3
12757 1
12758 2
12759 2
12760 2
12761 1
12762 1
12763 1
12764 4
12765 2
12766 1
12767 1
12768 1
12769 1
12770 2
12771 13
12772 2
12773 1
12774 1
12775 16
12776 1
12777 1
12778 5
12779 2
12780 1
12781 4
12782 5
12783 2
12784 2
12785 1
12786 1
12787 2
12788 2
12789 1
12790 1
12791 1
12792 1
12793 1
12794 14
12795 2
12796 1
12797 19
12798 3
12799 1
12800 1
12801 1
12802 92
12803 1
12804 1
12805 188
12806 1
12807 1
12808 5
12809 2
12810 2
12811 1
12812 3
12813 6
12814 1
12815 1
12816 1
12817 83
12818 1
12819 1
12820 2
12821 5
12822 1
12823 3
12824 3
12825 1
12826 1
12827 2
12828 1
12829 1
12830 2
12831 1
12832 1
12833 1
12834 1
12835 1
12836 2
12837 2
12838 6
12839 1
12840 1
12841 1
12842 1
12843 2
12844 204
12845 2
12846 1
12847 1
12848 1
12849 1
12850 4
12851 2
12852 1
12853 1
12854 1
12855 2
12856 39
12857 5
12858 1
12859 1
12860 1
12861 1
12862 2
12863 1
12864 1
12865 1
12866 1
12867 1
12868 1
12869 1
12870 8
12871 1
12872 19
12873 1
12874 41
12875 1
12876 5
12877 1
12878 6
12879 2
12880 1
12881 2
12882 1
12883 1
12884 2
12885 1
12886 2
12887 1
12888 14
12889 1
12890 37
12891 1
12892 5
12893 1
12894 1
12895 1
12896 4
12897 1
12898 1
12899 109
12900 2
12901 4
12902 1
12903 1
12904 188
12905 1
12906 1
12907 1
12908 1
12909 1
12910 5
12911 2
12912 2
12913 1
12914 4
12915 1
12916 1
12917 1
12918 1
12919 4
12920 3
12921 2
12922 1
12923 2
12924 2
12925 1
12926 1
12927 1
12928 2
12929 1
12930 1
12931 1
12932 1
12933 1
12934 1
12935 45
12936 3
12937 4
12938 2
12939 1
12940 2
12941 1
12942 1
12943 1
12944 14
12945 1
12946 2
12947 2
12948 34
12949 1
12950 2
12951 1
12952 8
12953 2
12954 5
12955 1
12956 2
12957 3
12958 2
12959 1
12960 2
12961 1
12962 6
12963 3
12964 16
12965 1
12966 1
12967 1
12968 1
12969 1
12970 3
12971 1
12972 2
12973 1
12974 1
12975 1
12976 1
12977 1
12978 1
12979 1
12980 1
12981 2
12982 1
12983 29
12984 1
12985 1
12986 1
12987 1
12988 2
12989 1
12990 4
12991 2
12992 1
12993 13
12994 1
12995 13
12996 2
12997 2
12998 18
12999 1
13000 1
13001 1
13002 2
13003 1
13004 1
13005 2
13006 1
13007 1
13008 1
13009 2
13010 3
13011 3
13012 1
13013 1
13014 2
13015 1
13016 1
13017 1
13018 1
13019 1
13020 1
13021 2
13022 1
13023 1
13024 3
13025 1
13026 1
13027 4
13028 8
13029 1
13030 4
13031 1
13032 1
13033 5
13034 1
13035 2
13036 1
13037 2
13038 1
13039 1
13040 4
13041 1
13042 45
13043 1
13044 159
13045 1
13046 1
13047 1
13048 1
13049 1
13050 1
13051 2
13052 2
13053 3
13054 2
13055 2
13056 9
13057 2
13058 1
13059 2
13060 1
13061 1
13062 2
13063 1
13064 2
13065 1
13066 1
13067 1
13068 2
13069 1
13070 1
13071 4
13072 1
13073 1
13074 1
13075 2
13076 2
13077 1
13078 1
13079 10
13080 1
13081 3
13082 3
13083 2
13084 1
13085 1
13086 1
13087 3
13088 7
13089 4
13090 1
13091 2
13092 2
13093 2
13094 1
13095 5
13096 8
13097 1
13098 10
13099 1
13100 1
13101 2
13102 1
13103 1
13104 1
13105 1
13106 1
13107 1
13108 1
13109 1
13110 2
13111 7
13112 1
13113 4
13114 1
13115 1
13116 1
13117 1
13118 57
13119 1
13120 1
13121 6
13122 3
13123 2
13124 2
13125 1
13126 2
13127 6
13128 1
13129 1
13130 1
13131 1
13132 8
13133 1
13134 4
13135 1
13136 1
13137 1
13138 3
13139 2
13140 1
13141 1
13142 1
13143 1
13144 4
13145 1
13146 1
13147 1
13148 7
13149 2
13150 1
13151 2
13152 1
13153 1
13154 1
13155 2
13156 1
13157 6
13158 1
13159 20
13160 1
13161 2
13162 1
13163 2
13164 6
13165 1
13166 2
13167 5
13168 1
13169 4
13170 2
13171 3
13172 2
13173 1
13174 1
13175 5
13176 2
13177 1
13178 2
13179 4
13180 1
13181 1
13182 1
13183 1
13184 1
13185 4
13186 2
13187 2
13188 1
13189 5
13190 1
13191 5
13192 1
13193 5
13194 5
13195 1
13196 1
13197 1
13198 1
13199 1
13200 11
13201 2
13202 2
13203 1
13204 2
13205 1
13206 3
13207 2
13208 3
13209 1
13210 2
13211 9
13212 1
13213 1
13214 1
13215 2
13216 39
13217 3
13218 1
13219 1
13220 1
13221 1
13222 1
13223 1
13224 1
13225 1
13226 4
13227 1
13228 1
13229 3
13230 6
13231 1
13232 2
13233 2
13234 3
13235 1
13236 1
13237 1
13238 4
13239 1
13240 1
13241 2
13242 1
13243 1
13244 1
13245 1
13246 1
13247 2
13248 2
13249 2
13250 4
13251 2
13252 4
13253 2
13254 1
13255 2
13256 2
13257 10
13258 1
13259 2
13260 4
13261 1
13262 1
13263 1
13264 1
13265 1
13266 4
13267 1
13268 1
13269 2
13270 1
13271 1
13272 1
13273 2
13274 1
13275 1
13276 1
13277 1
13278 4
13279 1
13280 1
13281 1
13282 4
13283 3
13284 2
13285 4
13286 1
13287 23
13288 1
13289 1
13290 5
13291 3
13292 7
13293 2
13294 1
13295 2
13296 1
13297 1
13298 1
13299 1
13300 1
13301 1
13302 1
13303 1
13304 1
13305 1
13306 1
13307 3
13308 1
13309 1
13310 2
13311 1
13312 1
13313 3
13314 1
13315 1
13316 1
13317 1
13318 9
13319 1
13320 1
13321 2
13322 1
13323 1
13324 2
13325 2
13326 1
13327 1
13328 1
13329 11
13330 1
13331 3
13332 229
13333 1
13334 1
13335 1
13336 1
13337 3
13338 1
13339 2
13340 8
13341 2
13342 2
13343 1
13344 2
13345 4
13346 1
13347 44
13348 1
13349 1
13350 2
13351 2
13352 1
13353 1
13354 2
13355 1
13356 1
13357 1
13358 10
13359 3
13360 1
13361 1
13362 1
13363 27
13364 11
13365 1
13366 1
13367 1
13368 13
13369 1
13370 4
13371 2
13372 1
13373 1
13374 1
13375 2
13376 1
13377 2
13378 1
13379 1
13380 1
13381 5
13382 1
13383 1
13384 3
13385 1
13386 1
13387 3
13388 1
13389 3
13390 1
13391 1
13392 1
13393 1
13394 3
13395 7
13396 1
13397 1
13398 2
13399 1
13400 1
13401 1
13402 42
13403 1
13404 1
13405 2
13406 1
13407 2
13408 2
13409 3
13410 4
13411 1
13412 1
13413 1
13414 2
13415 3
13416 1
13417 1
13418 1
13419 1
13420 2
13421 1
13422 1
13423 4
13424 2
13425 1
13426 1
13427 2
13428 2
13429 28
13430 2
13431 50
13432 4
13433 2
13434 4
13435 9
13436 1
13437 1
13438 4
13439 4
13440 1
13441 2
13442 1
13443 3
13444 1
13445 1
13446 1
13447 3
13448 1
13449 1
13450 3
13451 1
13452 1
13453 1
13454 6
13455 1
13456 1
13457 1
13458 3
13459 2
13460 1
13461 2
13462 1
13463 1
13464 1
13465 1
13466 1
13467 1
13468 1
13469 1
13470 1
13471 1
13472 1
13473 31
13474 1
13475 1
13476 5
13477 1
13478 3
13479 1
13480 1
13481 1
13482 1
13483 2
13484 2
13485 3
13486 1
13487 1
13488 2
13489 1
13490 3
13491 1
13492 4
13493 3
13494 1
13495 1
13496 1
13497 1
13498 1
13499 9
13500 1
13501 1
13502 1
13503 1
13504 2
13505 2
13506 1
13507 1
13508 1
13509 1
13510 1
13511 2
13512 11
13513 1
13514 1
13515 5
13516 1
13517 1
13518 1
13519 5
13520 2
13521 1
13522 4
13523 32
13524 4
13525 9
13526 2
13527 8
13528 1
13529 1
13530 25
13531 1
13532 1
13533 3
13534 1
13535 37
13536 1
13537 1
13538 2
13539 3
13540 8
13541 1
13542 1
13543 1
13544 2
13545 1
13546 12
13547 1
13548 7
13549 1
13550 1
13551 10
13552 4
13553 1
13554 1
13555 1
13556 1
13557 2
13558 2
13559 2
13560 1
13561 1
13562 1
13563 1
13564 1
13565 1
13566 2
13567 1
13568 9
13569 2
13570 3
13571 3
13572 1
13573 8
13574 35
13575 51
13576 3
13577 1
13578 22
13579 1
13580 1
13581 1
13582 1
13583 3
13584 4
13585 1
13586 1
13587 3
13588 1
13589 43
13590 1
13591 17
13592 1
13593 1
13594 1
13595 2
13596 2
13597 1
13598 3
13599 1
13600 2
13601 14
13602 1
13603 1
13604 3
13605 1
13606 2
13607 1
13608 1
13609 5
13610 3
13611 1
13612 3
13613 1
13614 1
13615 1
13616 1
13617 1
13618 1
13619 1
13620 1
13621 1
13622 2
13623 1
13624 1
13625 1
13626 2
13627 1
13628 4
13629 1
13630 1
13631 1
13632 1
13633 1
13634 1
13635 1
13636 1
13637 2
13638 2
13639 4
13640 42
13641 1
13642 1
13643 1
13644 1
13645 1
13646 1
13647 1
13648 2
13649 1
13650 29
13651 1
13652 2
13653 9
13654 73
13655 2
13656 1
13657 2
13658 1
13659 2
13660 1
13661 1
13662 1
13663 1
13664 1
13665 2
13666 1
13667 1
13668 1
13669 1
13670 1
13671 2
13672 3
13673 1
13674 14
13675 2
13676 1
13677 4
13678 1
13679 1
13680 2
13681 2
13682 2
13683 5
13684 1
13685 6
13686 1
13687 22
13688 1
13689 1
13690 1
13691 1
13692 1
13693 1
13694 1
13695 1
