0 1064
1 29
2 1
3 2
4 1
5 1
6 1
7 1
8 1
9 1
10 1
11 1
12 2
13 1
14 6
15 1
16 1
17 2
18 1
19 1
20 9
21 1
22 1
23 1
24 1
25 1
26 1
27 2
28 1
29 1
30 1
31 1
32 1
33 1
34 1
35 2
36 1
37 1
38 1
39 1
40 1
41 1
42 2
43 2
44 5
45 1
46 1
47 2
48 3
49 1
50 11
51 1
52 1
53 1
54 5
55 1
56 1
57 1
58 1
59 1
60 1
61 1
62 2
63 1
64 1
65 1
66 1
67 1
68 2
69 1
70 1
71 2
72 1
73 5
74 1
75 2
76 1
77 1
78 3
79 1
80 1
81 1
82 1
83 1
84 1
85 1
86 1
87 1
88 1
89 1
90 2
91 43
92 1
93 1
94 1
95 1
96 1
97 1
98 2
99 1
100 1
101 1
102 1
103 1
104 1
105 3
106 3
107 1
108 1
109 1
110 11
111 1
112 1
113 1
114 2
115 9
116 6
117 2
118 1
119 1
120 2
121 1
122 1
123 3
124 1
125 2
126 11
127 2
128 1
129 1
130 1
131 1
132 1
133 1
134 3
135 4
136 16
137 1
138 1
139 1
140 2
141 1
142 1
143 9
144 1
145 1
146 1
147 1
148 1
149 1
150 2
151 1
152 1
153 5
154 1
155 1
156 1
157 5
158 2
159 1
160 1
161 1
162 3
163 1
164 2
165 13
166 1
167 1
168 1
169 1
170 1
171 1
172 1
173 1
174 1
175 1
176 2
177 5
178 3
179 3
180 2
181 4
182 1
183 2
184 1
185 1
186 1
187 1
188 1
189 1
190 14
191 63
192 3
193 1
194 1
195 1
196 1
197 1
198 12
199 1
200 3
201 2
202 2
203 2
204 1
205 3
206 3
207 1
208 3
209 1
210 1
211 2
212 1
213 3
214 1
215 1
216 3
217 1
218 1
219 6
220 1
221 1
222 1
223 3
224 1
225 38
226 1
227 1
228 2
229 1
230 1
231 2
232 4
233 1
234 1
235 1
236 1
237 1
238 1
239 1
240 4
241 1
242 1
243 1
244 2
245 4
246 1
247 1
248 5
249 1
250 1
251 1
252 1
253 1
254 2
255 1
256 1
257 3
258 1
259 2
260 49
261 6
262 1
263 10
264 1
265 1
266 1
267 1
268 8
269 2
270 2
271 1
272 22
273 1
274 3
275 1
276 2
277 1
278 2
279 24
280 16
281 1
282 3
283 1
284 1
285 6
286 3
287 1
288 2
289 2
290 2
291 1
292 1
293 1
294 6
295 1
296 1
297 8
298 1
299 1
300 1
301 2
302 2
303 1
304 1
305 1
306 1
307 19
308 1
309 1
310 1
311 1
312 1
313 1
314 4
315 1
316 2
317 1
318 1
319 1
320 1
321 1
322 1
323 15
324 1
325 1
326 1
327 2
328 1
329 3
330 1
331 2
332 3
333 1
334 12
335 1
336 1
337 1
338 6
339 2
340 1
341 1
342 2
343 1
344 1
345 1
346 1
347 1
348 1
349 1
350 5
351 1
352 1
353 1
354 1
355 1
356 3
357 1
358 1
359 2
360 3
361 1
362 1
363 1
364 1
365 1
366 1
367 1
368 1
369 2
370 1
371 3
372 1
373 1
374 1
375 19
376 1
377 2
378 3
379 1
380 1
381 2
382 1
383 17
384 1
385 1
386 1
387 1
388 1
389 1
390 1
391 1
392 1
393 1
394 4
395 1
396 2
397 1
398 1
399 1
400 2
401 1
402 1
403 1
404 1
405 1
406 1
407 2
408 1
409 1
410 1
411 1
412 1
413 2
414 1
415 2
416 3
417 1
418 2
419 1
420 2
421 1
422 1
423 1
424 1
425 1
426 1
427 4
428 1
429 1
430 1
431 1
432 51
433 1
434 1
435 1
436 1
437 1
438 2
439 1
440 1
441 1
442 1
443 1
444 1
445 1
446 1
447 2
448 2
449 2
450 1
451 1
452 1
453 3
454 3
455 1
456 1
457 1
458 1
459 2
460 2
461 1
462 3
463 13
464 1
465 3
466 6
467 6
468 1
469 8
470 2
471 2
472 1
473 1
474 1
475 1
476 2
477 1
478 1
479 2
480 1
481 1
482 21
483 68
484 1
485 1
486 4
487 4
488 1
489 1
490 2
491 1
492 2
493 2
494 2
495 1
496 1
497 2
498 1
499 1
500 6
501 1
502 2
503 1
504 1
505 2
506 1
507 1
508 2
509 1
510 1
511 1
512 1
513 1
514 1
515 1
516 9
517 9
518 1
519 1
520 1
521 1
522 1
523 9
524 1
525 7
526 1
527 1
528 4
529 2
530 3
531 1
532 2
533 4
534 1
535 2
536 1
537 1
538 17
539 1
540 2
541 1
542 1
543 1
544 1
545 1
546 1
547 1
548 1
549 1
550 2
551 1
552 3
553 1
554 1
555 1
556 2
557 1
558 1
559 1
560 1
561 238
562 1
563 10
564 1
565 2
566 1
567 1
568 1
569 1
570 2
571 2
572 1
573 3
574 1
575 1
576 12
577 1
578 3
579 1
580 1
581 1
582 2
583 4
584 1
585 1
586 1
587 1
588 1
589 3
590 1
591 1
592 1
593 1
594 1
595 2
596 1
597 1
598 2
599 1
600 1
601 3
602 1
603 2
604 4
605 4
606 1
607 1
608 1
609 3
610 3
611 4
612 1
613 102
614 1
615 1
616 1
617 1
618 1
619 1
620 1
621 1
622 1
623 2
624 1
625 1
626 1
627 1
628 1
629 1
630 1
631 2
632 3
633 1
634 1
635 1
636 1
637 5
638 2
639 3
640 2
641 18
642 1
643 1
644 1
645 1
646 1
647 1
648 1
649 1
650 1
651 5
652 2
653 2
654 1
655 1
656 1
657 1
658 4
659 2
660 1
661 1
662 1
663 1
664 2
665 1
666 1
667 1
668 4
669 3
670 2
671 1
672 1
673 1
674 1
675 1
676 6
677 1
678 10
679 2
680 1
681 1
682 1
683 1
684 1
685 1
686 1
687 1
688 1
689 1
690 1
691 1
692 1
693 10
694 1
695 2
696 1
697 1
698 1
699 1
700 1
701 1
702 1
703 1
704 1
705 7
706 1
707 1
708 1
709 5
710 2
711 1
712 1
713 1
714 1
715 1
716 1
717 1
718 1
719 1
720 1
721 1
722 1
723 1
724 2
725 1
726 1
727 2
728 1
729 1
730 1
731 2
732 1
733 1
734 1
735 1
736 1
737 3
738 1
739 6
740 1
741 3
742 1
743 2
744 4
745 1
746 4
747 1
748 2
749 6
750 1
751 1
752 1
753 1
754 1
755 1
756 1
757 1
758 3
759 2
760 3
761 2
762 1
763 4
764 2
765 1
766 1
767 1
768 1
769 1
770 1
771 1
772 1
773 4
774 5
775 1
776 5
777 1
778 1
779 1
780 28
781 1
782 11
783 4
784 1
785 1
786 2
787 1
788 1
789 1
790 2
791 1
792 3
793 7
794 2
795 1
796 1
797 2
798 1
799 1
800 2
801 1
802 1
803 1
804 1
805 1
806 2
807 1
808 1
809 1
810 1
811 1
812 15
813 1
814 3
815 3
816 1
817 1
818 8
819 1
820 1
821 14
822 1
823 1
824 1
825 1
826 5
827 4
828 3
829 3
830 1
831 1
832 1
833 1
834 1
835 1
836 1
837 1
838 1
839 1
840 3
841 1
842 1
843 3
844 1
845 2
846 2
847 1
848 2
849 12
850 2
851 1
852 1
853 1
854 1
855 2
856 1
857 1
858 1
859 1
860 1
861 1
862 29
863 1
864 1
865 2
866 2
867 2
868 1
869 1
870 1
871 1
872 1
873 1
874 1
875 8
876 4
877 1
878 1
879 1
880 1
881 1
882 2
883 3
884 18
885 1
886 4
887 1
888 5
889 10
890 1
891 1
892 1
893 2
894 2
895 2
896 1
897 1
898 2
899 4
900 2
901 1
902 1
903 1
904 1
905 1
906 1
907 1
908 1
909 2
910 1
911 1
912 1
913 6
914 2
915 1
916 1
917 1
918 1
919 1
920 3
921 1
922 1
923 3
924 1
925 1
926 2
927 1
928 1
929 2
930 6
931 1
932 1
933 1
934 1
935 1
936 1
937 1
938 1
939 7
940 8
941 1
942 1
943 2
944 1
945 4
946 2
947 1
948 1
949 3
950 2
951 1
952 1
953 2
954 2
955 1
956 1
957 27
958 23
959 1
960 3
961 1
962 1
963 1
964 1
965 1
966 1
967 1
968 1
969 2
970 14
971 2
972 1
973 3
974 3
975 1
976 3
977 1
978 1
979 1
980 1
981 1
982 3
983 2
984 2
985 2
986 1
987 1
988 1
989 1
990 6
991 1
992 5
993 5
994 1
995 1
996 1
997 6
998 1
999 7
1000 1
1001 1
1002 1
1003 1
1004 1
1005 2
1006 1
1007 5
1008 2
1009 4
1010 2
1011 5
1012 1
1013 1
1014 1
1015 1
1016 1
1017 2
1018 1
1019 2
1020 1
1021 1
1022 1
1023 1
1024 1
1025 3
1026 6
1027 1
1028 1
1029 16
1030 1
1031 1
1032 1
1033 3
1034 1
1035 5
1036 3
1037 1
1038 1
1039 1
1040 2
1041 3
1042 1
1043 1
1044 1
1045 1
1046 1
1047 1
1048 2
1049 1
1050 1
1051 1
1052 2
1053 1
1054 1
1055 2
1056 1
1057 1
1058 2
1059 2
1060 1
1061 1
1062 2
1063 1
1064 2
1065 1
1066 1
1067 3
1068 1
1069 2
1070 2
1071 1
1072 1
1073 3
1074 2
1075 1
1076 4
1077 1
1078 3
1079 1
1080 1
1081 4
1082 1
1083 1
1084 1
1085 2
1086 2
1087 1
1088 2
1089 1
1090 1
1091 1
1092 1
1093 1
1094 1
1095 3
1096 3
1097 3
1098 1
1099 1
1100 4
1101 1
1102 1
1103 4
1104 1
1105 1
1106 2
1107 1
1108 1
1109 1
1110 1
1111 1
1112 1
1113 1
1114 1
1115 1
1116 3
1117 1
1118 1
1119 3
1120 1
1121 1
1122 8
1123 1
1124 1
1125 2
1126 1
1127 2
1128 2
1129 1
1130 1
1131 2
1132 1
1133 1
1134 1
1135 1
1136 2
1137 1
1138 2
1139 1
1140 1
1141 1
1142 1
1143 1
1144 1
1145 1
1146 1
1147 1
1148 1
1149 1
1150 1
1151 1
1152 2
1153 1
1154 1
1155 1
1156 1
1157 2
1158 1
1159 1
1160 1
1161 1
1162 1
1163 1
1164 1
1165 2
1166 1
1167 6
1168 1
1169 4
1170 2
1171 1
1172 1
1173 1
1174 2
1175 1
1176 1
1177 1
1178 1
1179 1
1180 1
1181 2
1182 1
1183 2
1184 1
1185 1
1186 2
1187 4
1188 1
1189 1
1190 1
1191 1
1192 4
1193 1
1194 2
1195 1
1196 1
1197 2
1198 31
1199 16
1200 1
1201 1
1202 1
1203 1
1204 6
1205 1
1206 1
1207 1
1208 1
1209 1
1210 2
1211 1
1212 1
1213 2
1214 1
1215 1
1216 1
1217 1
1218 1
1219 1
1220 1
1221 2
1222 1
1223 1
1224 1
1225 254
1226 1
1227 3
1228 2
1229 1
1230 2
1231 1
1232 1
1233 1
1234 1
1235 1
1236 1
1237 1
1238 1
1239 2
1240 1
1241 1
1242 1
1243 2
1244 1
1245 1
1246 1
1247 3
1248 3
1249 1
1250 1
1251 1
1252 1
1253 1
1254 1
1255 5
1256 1
1257 1
1258 1
1259 1
1260 1
1261 2
1262 1
1263 1
1264 4
1265 2
1266 2
1267 4
1268 1
1269 2
1270 34
1271 6
1272 1
1273 1
1274 1
1275 1
1276 1
1277 1
1278 2
1279 3
1280 3
1281 1
1282 2
1283 1
1284 3
1285 3
1286 1
1287 1
1288 1
1289 1
1290 1
1291 1
1292 1
1293 1
1294 1
1295 1
1296 1
1297 2
1298 1
1299 1
1300 1
1301 1
1302 2
1303 1
1304 2
1305 1
1306 1
1307 11
1308 1
1309 1
1310 3
1311 1
1312 4
1313 1
1314 2
1315 1
1316 2
1317 1
1318 1
1319 1
1320 4
1321 4
1322 1
1323 1
1324 1
1325 1
1326 2
1327 1
1328 1
1329 3
1330 5
1331 3
1332 21
1333 1
1334 1
1335 1
1336 1
1337 1
1338 1
1339 1
1340 1
1341 2
1342 4
1343 1
1344 1
1345 1
1346 1
1347 1
1348 1
1349 1
1350 1
1351 1
1352 1
1353 3
1354 1
1355 1
1356 1
1357 2
1358 1
1359 1
1360 5
1361 11
1362 1
1363 1
1364 2
1365 2
1366 2
1367 1
1368 1
1369 3
1370 1
1371 1
1372 12
1373 1
1374 1
1375 1
1376 3
1377 1
1378 1
1379 1
1380 3
1381 1
1382 2
1383 1
1384 1
1385 1
1386 3
1387 2
1388 1
1389 1
1390 1
1391 1
1392 1
1393 1
1394 1
1395 4
1396 1
1397 1
1398 2
1399 1
1400 1
1401 1
1402 1
1403 2
1404 1
1405 1
1406 1
1407 1
1408 1
1409 6
1410 9
1411 2
1412 1
1413 3
1414 1
1415 1
1416 6
1417 1
1418 1
1419 5
1420 1
1421 3
1422 6
1423 1
1424 2
1425 4
1426 2
1427 1
1428 1
1429 1
1430 3
1431 3
1432 1
1433 1
1434 1
1435 1
1436 2
1437 1
1438 3
1439 1
1440 1
1441 2
1442 1
1443 7
1444 3
1445 1
1446 2
1447 6
1448 1
1449 1
1450 2
1451 2
1452 4
1453 1
1454 1
1455 1
1456 1
1457 1
1458 1
1459 2
1460 1
1461 11
1462 1
1463 1
1464 1
1465 1
1466 1
1467 1
1468 2
1469 1
1470 5
1471 3
1472 1
1473 1
1474 1
1475 2
1476 1
1477 1
1478 1
1479 2
1480 1
1481 2
1482 1
1483 2
1484 1
1485 5
1486 1
1487 1
1488 1
1489 1
1490 1
1491 6
1492 1
1493 1
1494 1
1495 1
1496 4
1497 2
1498 1
1499 14
1500 1
1501 1
1502 1
1503 1
1504 1
1505 2
1506 3
1507 1
1508 1
1509 2
1510 3
1511 10
1512 1
1513 1
1514 1
1515 1
1516 1
1517 1
1518 1
1519 1
1520 1
1521 2
1522 1
1523 1
1524 1
1525 1
1526 2
1527 1
1528 1
1529 1
1530 2
1531 1
1532 1
1533 1
1534 1
1535 1
1536 1
1537 11
1538 1
1539 2
1540 1
1541 1
1542 1
1543 1
1544 4
1545 1
1546 1
1547 4
1548 1
1549 1
1550 3
1551 1
1552 1
1553 1
1554 1
1555 1
1556 3
1557 1
1558 1
1559 1
1560 1
1561 1
1562 1
1563 2
1564 1
1565 1
1566 4
1567 1
1568 1
1569 1
1570 1
1571 1
1572 3
1573 6
1574 1
1575 1
1576 1
1577 1
1578 1
1579 1
1580 1
1581 1
1582 2
1583 1
1584 1
1585 5
1586 1
1587 1
1588 2
1589 1
1590 1
1591 1
1592 1
1593 8
1594 1
1595 1
1596 2
1597 20
1598 1
1599 22
1600 1
1601 1
1602 1
1603 1
1604 16
1605 1
1606 4
1607 1
1608 1
1609 1
1610 1
1611 1
1612 1
1613 1
1614 1
1615 1
1616 1
1617 1
1618 1
1619 1
1620 1
1621 5
1622 1
1623 1
1624 1
1625 1
1626 2
1627 1
1628 1
1629 1
1630 2
1631 1
1632 2
1633 2
1634 1
1635 1
1636 1
1637 27
1638 1
1639 4
1640 1
1641 1
1642 1
1643 1
1644 1
1645 1
1646 1
1647 1
1648 6
1649 1
1650 1
1651 1
1652 1
1653 1
1654 1
1655 1
1656 1
1657 1
1658 1
1659 1
1660 1
1661 1
1662 1
1663 1
1664 4
1665 1
1666 1
1667 2
1668 2
1669 3
1670 1
1671 1
1672 1
1673 1
1674 2
1675 1
1676 1
1677 1
1678 1
1679 1
1680 1
1681 1
1682 2
1683 2
1684 1
1685 3
1686 2
1687 1
1688 1
1689 1
1690 2
1691 1
1692 7
1693 1
1694 1
1695 2
1696 1
1697 1
1698 16
1699 1
1700 1
1701 1
1702 3
1703 2
1704 1
1705 1
1706 3
1707 2
1708 1
1709 2
1710 1
1711 1
1712 1
1713 3
1714 1
1715 1
1716 1
1717 1
1718 1
1719 1
1720 1
1721 5
1722 1
1723 6
1724 1
1725 1
1726 6
1727 1
1728 4
1729 1
1730 1
1731 2
1732 3
1733 1
1734 5
1735 1
1736 2
1737 1
1738 1
1739 1
1740 2
1741 1
1742 1
1743 8
1744 5
1745 4
1746 1
1747 1
1748 2
1749 2
1750 1
1751 1
1752 2
1753 2
1754 1
1755 3
1756 1
1757 1
1758 1
1759 2
1760 1
1761 1
1762 1
1763 1
1764 1
1765 1
1766 1
1767 1
1768 1
1769 1
1770 1
1771 1
1772 1
1773 1
1774 1
1775 1
1776 5
1777 1
1778 1
1779 11
1780 1
1781 1
1782 2
1783 1
1784 1
1785 1
1786 1
1787 9
1788 1
1789 2
1790 1
1791 4
1792 1
1793 1
1794 2
1795 2
1796 1
1797 1
1798 1
1799 1
1800 1
1801 1
1802 1
1803 1
1804 1
1805 1
1806 1
1807 1
1808 1
1809 28
1810 1
1811 2
1812 2
1813 1
1814 2
1815 3
1816 1
1817 2
1818 1
1819 3
1820 1
1821 1
1822 1
1823 2
1824 7
1825 30
1826 1
1827 1
1828 2
1829 1
1830 1
1831 1
1832 6
1833 1
1834 2
1835 2
1836 1
1837 1
1838 1
1839 1
1840 5
1841 1
1842 1
1843 1
1844 2
1845 1
1846 2
1847 1
1848 3
1849 1
1850 6
1851 1
1852 1
1853 1
1854 1
1855 1
1856 1
1857 1
1858 1
1859 1
1860 1
1861 1
1862 1
1863 1
1864 2
1865 1
1866 1
1867 2
1868 1
1869 4
1870 2
1871 1
1872 1
1873 3
1874 1
1875 2
1876 3
1877 1
1878 1
1879 1
1880 1
1881 1
1882 1
1883 1
1884 1
1885 1
1886 1
1887 1
1888 1
1889 1
1890 1
1891 1
1892 1
1893 4
1894 3
1895 1
1896 1
1897 1
1898 21
1899 5
1900 1
1901 3
1902 1
1903 1
1904 1
1905 1
1906 1
1907 8
1908 1
1909 5
1910 6
1911 1
1912 5
1913 1
1914 2
1915 23
1916 1
1917 1
1918 1
1919 1
1920 2
1921 2
1922 1
1923 2
1924 1
1925 1
1926 1
1927 1
1928 1
1929 1
1930 1
1931 1
1932 1
1933 1
1934 2
1935 1
1936 1
1937 1
1938 1
1939 1
1940 1
1941 1
1942 1
1943 1
1944 1
1945 1
1946 1
1947 1
1948 4
1949 1
1950 1
1951 1
1952 1
1953 1
1954 1
1955 1
1956 1
1957 1
1958 1
1959 1
1960 1
1961 1
1962 5
1963 1
1964 1
1965 1
1966 2
1967 1
1968 1
1969 1
1970 1
1971 1
1972 2
1973 1
1974 1
1975 2
1976 1
1977 3
1978 428
1979 2
1980 1
1981 15
1982 1
1983 1
1984 1
1985 2
1986 1
1987 1
1988 1
1989 5
1990 1
1991 1
1992 1
1993 1
1994 1
1995 3
1996 3
1997 1
1998 1
1999 1
2000 1
2001 4
2002 3
2003 5
2004 1
2005 2
2006 1
2007 1
2008 1
2009 1
2010 1
2011 1
2012 1
2013 1
2014 1
2015 1
2016 1
2017 3
2018 1
2019 1
2020 1
2021 5
2022 1
2023 3
2024 1
2025 1
2026 1
2027 1
2028 2
2029 1
2030 1
2031 5
2032 1
2033 5
2034 1
2035 1
2036 1
2037 2
2038 1
2039 9
2040 1
2041 1
2042 1
2043 1
2044 1
2045 2
2046 1
2047 1
2048 14
2049 1
2050 3
2051 2
2052 1
2053 1
2054 1
2055 2
2056 2
2057 1
2058 1
2059 2
2060 1
2061 1
2062 1
2063 1
2064 1
2065 1
2066 1
2067 1
2068 2
2069 1
2070 1
2071 1
2072 2
2073 12
2074 1
2075 1
2076 1
2077 2
2078 1
2079 12
2080 1
2081 1
2082 1
2083 1
2084 1
2085 1
2086 1
2087 1
2088 1
2089 1
2090 1
2091 1
2092 1
2093 1
2094 8
2095 6
2096 1
2097 2
2098 5
2099 2
2100 4
2101 1
2102 4
2103 1
2104 4
2105 1
2106 2
2107 2
2108 9
2109 1
2110 1
2111 1
2112 1
2113 1
2114 1
2115 1
2116 4
2117 1
2118 1
2119 1
2120 12
2121 12
2122 1
2123 3
2124 1
2125 1
2126 1
2127 1
2128 2
2129 3
2130 1
2131 6
2132 1
2133 1
2134 1
2135 1
2136 1
2137 1
2138 1
2139 2
2140 4
2141 1
2142 1
2143 9
2144 3
2145 2
2146 1
2147 1
2148 1
2149 1
2150 1
2151 1
2152 1
2153 1
2154 1
2155 1
2156 1
2157 1
2158 1
2159 18
2160 1
2161 1
2162 2
2163 2
2164 2
2165 1
2166 1
2167 1
2168 1
2169 1
2170 1
2171 1
2172 1
2173 1
2174 1
2175 1
2176 1
2177 1
2178 1
2179 1
2180 2
2181 1
2182 1
2183 5
2184 1
2185 1
2186 1
2187 1
2188 1
2189 1
2190 1
2191 1
2192 1
2193 4
2194 1
2195 1
2196 4
2197 1
2198 1
2199 9
2200 1
2201 1
2202 1
2203 1
2204 3
2205 1
2206 2
2207 3
2208 1
2209 1
2210 6
2211 1
2212 3
2213 2
2214 1
2215 4
2216 2
2217 2
2218 1
2219 2
2220 1
2221 1
2222 8
2223 1
2224 3
2225 1
2226 6
2227 1
2228 1
2229 1
2230 1
2231 211
2232 1
2233 1
2234 1
2235 7
2236 1
2237 1
2238 1
2239 1
2240 34
2241 3
2242 2
2243 4
2244 1
2245 1
2246 2
2247 1
2248 1
2249 3
2250 1
2251 1
2252 1
2253 1
2254 1
2255 1
2256 1
2257 1
2258 1
2259 3
2260 3
2261 1
2262 75
2263 3
2264 1
2265 4
2266 1
2267 1
2268 1
2269 1
2270 1
2271 1
2272 2
2273 1
2274 4
2275 1
2276 1
2277 1
2278 1
2279 1
2280 1
2281 3
2282 1
2283 1
2284 1
2285 4
2286 1
2287 1
2288 1
2289 1
2290 1
2291 1
2292 1
2293 1
2294 1
2295 2
2296 2
2297 1
2298 1
2299 1
2300 1
2301 2
2302 1
2303 1
2304 2
2305 1
2306 3
2307 1
2308 1
2309 1
2310 18
2311 2
2312 1
2313 2
2314 1
2315 1
2316 1
2317 1
2318 2
2319 3
2320 3
2321 1
2322 1
2323 16
2324 1
2325 1
2326 5
2327 3
2328 1
2329 1
2330 2
2331 1
2332 1
2333 1
2334 3
2335 1
2336 4
2337 6
2338 1
2339 1
2340 2
2341 1
2342 1
2343 1
2344 1
2345 8
2346 2
2347 1
2348 1
2349 2
2350 1
2351 1
2352 1
2353 1
2354 1
2355 1
2356 1
2357 1
2358 1
2359 1
2360 1
2361 5
2362 2
2363 1
2364 1
2365 2
2366 1
2367 2
2368 1
2369 1
2370 1
2371 19
2372 1
2373 1
2374 1
2375 1
2376 1
2377 1
2378 1
2379 14
2380 2
2381 3
2382 29
2383 1
2384 2
2385 2
2386 1
2387 1
2388 2
2389 2
2390 3
2391 51
2392 1
2393 2
2394 1
2395 1
2396 1
2397 1
2398 1
2399 1
2400 3
2401 1
2402 2
2403 1
2404 1
2405 1
2406 1
2407 1
2408 1
2409 2
2410 1
2411 6
2412 2
2413 1
2414 5
2415 1
2416 1
2417 2
2418 1
2419 1
2420 1
2421 1
2422 2
2423 1
2424 1
2425 1
2426 1
2427 1
2428 1
2429 5
2430 1
2431 2
2432 1
2433 1
2434 1
2435 1
2436 2
2437 1
2438 2
2439 1
2440 1
2441 1
2442 1
2443 2
2444 1
2445 1
2446 1
2447 1
2448 1
2449 3
2450 2
2451 1
2452 1
2453 1
2454 2
2455 4
2456 1
2457 1
2458 1
2459 1
2460 1
2461 1
2462 2
2463 19
2464 1
2465 1
2466 1
2467 2
2468 1
2469 5
2470 1
2471 1
2472 1
2473 1
2474 2
2475 1
2476 1
2477 2
2478 1
2479 1
2480 1
2481 3
2482 2
2483 1
2484 1
2485 2
2486 1
2487 1
2488 5
2489 1
2490 1
2491 10
2492 3
2493 1
2494 4
2495 1
2496 1
2497 1
2498 1
2499 1
2500 1
2501 1
2502 1
2503 1
2504 1
2505 2
2506 1
2507 5
2508 1
2509 1
2510 1
2511 1
2512 4
2513 1
2514 4
2515 1
2516 1
2517 2
2518 1
2519 1
2520 2
2521 2
2522 6
2523 1
2524 2
2525 4
2526 2
2527 1
2528 4
2529 1
2530 3
2531 6
2532 1
2533 1
2534 2
2535 1
2536 1
2537 1
2538 1
2539 1
2540 5
2541 1
2542 2
2543 1
2544 1
2545 1
2546 1
2547 1
2548 1
2549 2
2550 1
2551 1
2552 1
2553 1
2554 38
2555 2
2556 1
2557 2
2558 1
2559 1
2560 5
2561 1
2562 1
2563 1
2564 1
2565 1
2566 6
2567 1
2568 4
2569 1
2570 1
2571 1
2572 2
2573 1
2574 1
2575 10
2576 1
2577 3
2578 1
2579 1
2580 1
2581 1
2582 1
2583 11
2584 1
2585 1
2586 1
2587 1
2588 5
2589 1
2590 1
2591 1
2592 1
2593 1
2594 1
2595 1
2596 1
2597 1
2598 1
2599 3
2600 1
2601 1
2602 3
2603 1
2604 1
2605 18
2606 1
2607 1
2608 1
2609 3
2610 1
2611 1
2612 1
2613 1
2614 1
2615 51
2616 3
2617 1
2618 1
2619 1
2620 1
2621 1
2622 1
2623 2
2624 1
2625 1
2626 1
2627 39
2628 44
2629 11
2630 2
2631 2
2632 1
2633 2
2634 1
2635 1
2636 1
2637 2
2638 4
2639 6
2640 1
2641 1
2642 1
2643 6
2644 1
2645 1
2646 2
2647 3
2648 1
2649 1
2650 1
2651 1
2652 12
2653 1
2654 1
2655 1
2656 6
2657 1
2658 1
2659 1
2660 1
2661 1
2662 1
2663 1
2664 1
2665 2
2666 1
2667 1
2668 1
2669 2
2670 1
2671 2
2672 1
2673 1
2674 1
2675 4
2676 1
2677 1
2678 1
2679 1
2680 1
2681 1
2682 1
2683 5
2684 1
2685 2
2686 1
2687 2
2688 1
2689 5
2690 1
2691 1
2692 6
2693 1
2694 3
2695 4
2696 3
2697 1
2698 1
2699 4
2700 1
2701 3
2702 1
2703 11
2704 10
2705 1
2706 1
2707 220
2708 1
2709 2
2710 1
2711 1
2712 3
2713 2
2714 1
2715 2
2716 1
2717 1
2718 1
2719 1
2720 1
2721 1
2722 1
2723 1
2724 1
2725 1
2726 1
2727 2
2728 1
2729 1
2730 1
2731 2
2732 1
2733 2
2734 1
2735 1
2736 1
2737 1
2738 1
2739 1
2740 1
2741 1
2742 2
2743 9
2744 1
2745 1
2746 1
2747 2
2748 1
2749 1
2750 2
2751 1
2752 1
2753 1
2754 6
2755 1
2756 1
2757 3
2758 1
2759 2
2760 2
2761 1
2762 1
2763 1
2764 1
2765 4
2766 1
2767 1
2768 1
2769 2
2770 1
2771 1
2772 1
2773 1
2774 6
2775 1
2776 2
2777 1
2778 1
2779 2
2780 1
2781 5
2782 1
2783 1
2784 34
2785 1
2786 10
2787 1
2788 2
2789 1
2790 1
2791 1
2792 2
2793 1
2794 1
2795 1
2796 1
2797 3
2798 1
2799 9
2800 1
2801 1
2802 1
2803 1
2804 1
2805 1
2806 6
2807 1
2808 3
2809 9
2810 3
2811 1
2812 1
2813 2
2814 3
2815 1
2816 1
2817 1
2818 1
2819 1
2820 1
2821 1
2822 1
2823 1
2824 1
2825 1
2826 2
2827 1
2828 1
2829 5
2830 1
2831 1
2832 1
2833 1
2834 3
2835 2
2836 2
2837 1
2838 2
2839 1
2840 1
2841 1
2842 3
2843 1
2844 1
2845 2
2846 2
2847 3
2848 1
2849 1
2850 2
2851 1
2852 1
2853 1
2854 1
2855 1
2856 1
2857 3
2858 3
2859 1
2860 1
2861 1
2862 1
2863 1
2864 1
2865 1
2866 11
2867 2
2868 1
2869 1
2870 1
2871 1
2872 1
2873 1
2874 3
2875 3
2876 8
2877 1
2878 1
2879 2
2880 1
2881 1
2882 5
2883 1
2884 3
2885 2
2886 1
2887 1
2888 1
2889 1
2890 1
2891 8
2892 1
2893 1
2894 1
2895 1
2896 1
2897 1
2898 24
2899 4
2900 2
2901 1
2902 1
2903 1
2904 3
2905 1
2906 1
2907 1
2908 1
2909 1
2910 1
2911 1
2912 1
2913 1
2914 1
2915 2
2916 1
2917 6
2918 1
2919 1
2920 1
2921 13
2922 1
2923 19
2924 1
2925 5
2926 2
2927 1
2928 1
2929 1
2930 1
2931 1
2932 1
2933 2
2934 1
2935 1
2936 1
2937 2
2938 1
2939 10
2940 1
2941 6
2942 2
2943 1
2944 1
2945 1
2946 1
2947 1
2948 1
2949 1
2950 1
2951 1
2952 1
2953 1
2954 1
2955 1
2956 9
2957 2
2958 1
2959 2
2960 1
2961 1
2962 21
2963 1
2964 1
2965 2
2966 1
2967 4
2968 6
2969 2
2970 1
2971 1
2972 2
2973 1
2974 1
2975 1
2976 1
2977 1
2978 1
2979 2
2980 1
2981 1
2982 3
2983 1
2984 1
2985 3
2986 1
2987 1
2988 1
2989 1
2990 1
2991 3
2992 1
2993 2
2994 24
2995 2
2996 1
2997 1
2998 6
2999 9
3000 1
3001 2
3002 1
3003 2
3004 2
3005 1
3006 1
3007 1
3008 2
3009 1
3010 1
3011 1
