0 1296
1 1
2 19
3 1
4 1
5 1
6 2
7 1
8 1
9 1
10 1
11 1
12 1
13 1
14 2
15 1
16 3
17 1
18 1
19 1
20 15
21 3
22 1
23 8
24 2
25 1
26 1
27 1
28 1
29 1
30 1
31 1
32 3
33 3
34 2
35 1
36 3
37 2
38 2
39 1
40 1
41 1
42 1
43 1
44 1
45 3
46 1
47 1
48 1
49 1
50 2
51 4
52 1
53 10
54 1
55 1
56 2
57 1
58 1
59 1
60 1
61 2
62 1
63 1
64 2
65 1
66 1
67 1
68 1
69 5
70 1
71 1
72 1
73 2
74 2
75 1
76 1
77 1
78 1
79 2
80 1
81 9
82 1
83 1
84 1
85 1
86 1
87 48
88 1
89 3
90 1
91 1
92 1
93 1
94 4
95 1
96 2
97 3
98 1
99 1
100 1
101 10
102 1
103 1
104 4
105 4
106 1
107 1
108 5
109 1
110 3
111 11
112 1
113 1
114 1
115 1
116 1
117 2
118 1
119 1
120 2
121 4
122 21
123 3
124 1
125 1
126 4
127 1
128 3
129 4
130 1
131 1
132 1
133 2
134 1
135 1
136 1
137 3
138 5
139 1
140 1
141 2
142 1
143 1
144 1
145 1
146 2
147 2
148 1
149 1
150 2
151 1
152 1
153 1
154 1
155 1
156 8
157 1
158 4
159 1
160 2
161 1
162 1
163 2
164 1
165 14
166 3
167 1
168 2
169 1
170 2
171 3
172 1
173 5
174 1
175 1
176 1
177 1
178 1
179 1
180 6
181 5
182 1
183 1
184 1
185 2
186 1
187 1
188 3
189 4
190 19
191 1
192 1
193 1
194 5
195 2
196 6
197 1
198 1
199 2
200 1
201 43
202 2
203 1
204 27
205 1
206 1
207 4
208 4
209 1
210 5
211 5
212 1
213 1
214 2
215 3
216 2
217 1
218 1
219 1
220 1
221 2
222 1
223 1
224 1
225 2
226 1
227 1
228 1
229 1
230 3
231 1
232 11
233 1
234 1
235 1
236 1
237 1
238 1
239 3
240 1
241 1
242 1
243 2
244 1
245 45
246 3
247 1
248 3
249 2
250 1
251 1
252 10
253 1
254 1
255 1
256 1
257 5
258 2
259 1
260 22
261 1
262 2
263 1
264 1
265 3
266 2
267 1
268 2
269 1
270 1
271 3
272 3
273 1
274 2
275 1
276 1
277 4
278 2
279 1
280 1
281 3
282 1
283 3
284 1
285 2
286 1
287 1
288 4
289 1
290 4
291 1
292 1
293 2
294 1
295 1
296 3
297 3
298 5
299 1
300 1
301 1
302 1
303 11
304 13
305 1
306 2
307 3
308 1
309 1
310 1
311 1
312 1
313 1
314 1
315 1
316 1
317 9
318 1
319 3
320 1
321 1
322 1
323 1
324 1
325 1
326 3
327 15
328 1
329 1
330 1
331 5
332 1
333 1
334 1
335 1
336 3
337 2
338 1
339 1
340 1
341 1
342 1
343 1
344 1
345 1
346 1
347 3
348 1
349 1
350 1
351 1
352 1
353 1
354 1
355 1
356 2
357 6
358 1
359 1
360 1
361 2
362 2
363 1
364 1
365 1
366 1
367 1
368 20
369 1
370 1
371 2
372 1
373 1
374 1
375 1
376 1
377 1
378 1
379 17
380 1
381 2
382 1
383 4
384 1
385 1
386 1
387 1
388 1
389 1
390 3
391 1
392 1
393 1
394 1
395 1
396 1
397 1
398 1
399 1
400 1
401 1
402 1
403 1
404 2
405 4
406 2
407 7
408 1
409 1
410 1
411 1
412 1
413 1
414 4
415 3
416 1
417 1
418 1
419 1
420 1
421 1
422 1
423 1
424 1
425 2
426 1
427 1
428 1
429 1
430 1
431 3
432 1
433 1
434 1
435 3
436 4
437 1
438 1
439 1
440 4
441 1
442 1
443 1
444 1
445 3
446 2
447 2
448 2
449 2
450 10
451 1
452 1
453 1
454 1
455 1
456 1
457 1
458 1
459 2
460 3
461 1
462 1
463 1
464 1
465 1
466 65
467 2
468 4
469 1
470 1
471 2
472 1
473 1
474 2
475 1
476 1
477 1
478 1
479 1
480 3
481 1
482 1
483 1
484 3
485 1
486 1
487 1
488 1
489 1
490 1
491 1
492 6
493 4
494 1
495 1
496 2
497 4
498 1
499 7
500 3
501 6
502 1
503 1
504 1
505 1
506 10
507 1
508 1
509 1
510 4
511 5
512 1
513 1
514 5
515 6
516 1
517 1
518 2
519 1
520 1
521 1
522 1
523 1
524 1
525 1
526 6
527 1
528 1
529 1
530 1
531 1
532 17
533 1
534 2
535 1
536 6
537 1
538 3
539 1
540 1
541 1
542 2
543 1
544 1
545 1
546 1
547 1
548 1
549 1
550 1
551 235
552 1
553 11
554 1
555 1
556 1
557 1
558 1
559 3
560 1
561 1
562 2
563 5
564 1
565 9
566 1
567 2
568 1
569 1
570 1
571 3
572 1
573 1
574 2
575 1
576 3
577 1
578 1
579 1
580 4
581 1
582 1
583 3
584 1
585 1
586 1
587 2
588 1
589 1
590 1
591 1
592 1
593 2
594 1
595 1
596 1
597 1
598 1
599 1
600 1
601 2
602 1
603 1
604 2
605 1
606 145
607 1
608 1
609 1
610 1
611 1
612 1
613 1
614 2
615 1
616 1
617 1
618 1
619 1
620 1
621 1
622 3
623 2
624 1
625 1
626 1
627 1
628 1
629 1
630 3
631 1
632 3
633 1
634 8
635 1
636 1
637 1
638 1
639 1
640 13
641 2
642 5
643 3
644 1
645 5
646 1
647 1
648 1
649 2
650 2
651 1
652 1
653 1
654 1
655 1
656 1
657 1
658 1
659 3
660 7
661 1
662 1
663 1
664 1
665 1
666 1
667 1
668 1
669 1
670 1
671 5
672 1
673 11
674 2
675 1
676 1
677 1
678 1
679 1
680 1
681 1
682 1
683 1
684 1
685 1
686 1
687 1
688 1
689 1
690 2
691 3
692 1
693 1
694 2
695 1
696 1
697 1
698 1
699 2
700 1
701 1
702 1
703 1
704 17
705 1
706 2
707 1
708 2
709 1
710 1
711 1
712 1
713 1
714 2
715 1
716 6
717 2
718 1
719 2
720 1
721 1
722 1
723 1
724 1
725 1
726 1
727 1
728 1
729 2
730 1
731 1
732 1
733 1
734 1
735 20
736 1
737 1
738 2
739 1
740 1
741 3
742 1
743 1
744 1
745 1
746 1
747 1
748 1
749 2
750 1
751 1
752 1
753 1
754 1
755 1
756 1
757 1
758 2
759 6
760 3
761 1
762 1
763 3
764 3
765 1
766 2
767 1
768 2
769 1
770 1
771 1
772 1
773 1
774 1
775 2
776 1
777 1
778 1
779 3
780 1
781 1
782 1
783 2
784 1
785 1
786 1
787 9
788 1
789 4
790 1
791 1
792 1
793 2
794 9
795 3
796 1
797 3
798 1
799 1
800 1
801 1
802 31
803 1
804 18
805 1
806 1
807 1
808 1
809 1
810 3
811 1
812 1
813 5
814 4
815 1
816 2
817 1
818 1
819 1
820 1
821 1
822 1
823 1
824 2
825 3
826 1
827 1
828 2
829 1
830 4
831 1
832 4
833 1
834 1
835 1
836 3
837 2
838 1
839 1
840 1
841 1
842 1
843 15
844 2
845 1
846 3
847 3
848 1
849 1
850 9
851 1
852 1
853 1
854 2
855 6
856 2
857 1
858 2
859 3
860 1
861 1
862 1
863 1
864 1
865 1
866 1
867 2
868 2
869 1
870 1
871 1
872 1
873 1
874 1
875 1
876 1
877 1
878 1
879 1
880 1
881 1
882 2
883 1
884 4
885 1
886 1
887 2
888 1
889 25
890 4
891 1
892 1
893 1
894 1
895 1
896 1
897 1
898 1
899 1
900 1
901 2
902 1
903 18
904 1
905 1
906 1
907 1
908 1
909 5
910 1
911 1
912 1
913 2
914 2
915 1
916 1
917 1
918 1
919 1
920 1
921 1
922 1
923 2
924 1
925 1
926 1
927 1
928 1
929 1
930 1
931 1
932 31
933 1
934 3
935 1
936 2
937 2
938 1
939 1
940 1
941 3
942 1
943 1
944 1
945 1
946 1
947 1
948 1
949 1
950 2
951 2
952 1
953 1
954 1
955 4
956 1
957 1
958 3
959 1
960 1
961 4
962 1
963 1
964 1
965 1
966 1
967 1
968 4
969 2
970 12
971 1
972 1
973 2
974 1
975 3
976 1
977 1
978 1
979 2
980 1
981 1
982 7
983 3
984 1
985 2
986 1
987 26
988 17
989 1
990 3
991 1
992 1
993 1
994 3
995 1
996 3
997 1
998 7
999 4
1000 1
1001 1
1002 1
1003 7
1004 1
1005 2
1006 1
1007 1
1008 1
1009 1
1010 2
1011 1
1012 1
1013 1
1014 1
1015 5
1016 1
1017 5
1018 1
1019 1
1020 3
1021 3
1022 1
1023 1
1024 1
1025 1
1026 1
1027 1
1028 1
1029 3
1030 1
1031 1
1032 1
1033 1
1034 2
1035 1
1036 1
1037 1
1038 1
1039 2
1040 2
1041 1
1042 2
1043 1
1044 1
1045 1
1046 1
1047 1
1048 1
1049 2
1050 5
1051 2
1052 1
1053 1
1054 1
1055 1
1056 2
1057 1
1058 2
1059 1
1060 3
1061 2
1062 1
1063 1
1064 1
1065 2
1066 1
1067 1
1068 5
1069 1
1070 2
1071 2
1072 2
1073 1
1074 1
1075 2
1076 3
1077 1
1078 1
1079 1
1080 5
1081 5
1082 1
1083 1
1084 1
1085 1
1086 1
1087 52
1088 1
1089 3
1090 1
1091 1
1092 5
1093 5
1094 1
1095 1
1096 1
1097 3
1098 1
1099 1
1100 1
1101 1
1102 2
1103 1
1104 1
1105 2
1106 2
1107 1
1108 1
1109 1
1110 1
1111 1
1112 2
1113 1
1114 1
1115 3
1116 1
1117 1
1118 4
1119 1
1120 2
1121 7
1122 1
1123 1
1124 1
1125 1
1126 1
1127 3
1128 1
1129 1
1130 2
1131 2
1132 1
1133 1
1134 1
1135 1
1136 1
1137 1
1138 1
1139 3
1140 1
1141 1
1142 1
1143 1
1144 2
1145 1
1146 6
1147 1
1148 5
1149 3
1150 2
1151 1
1152 1
1153 1
1154 1
1155 1
1156 2
1157 1
1158 1
1159 12
1160 1
1161 1
1162 1
1163 1
1164 1
1165 1
1166 3
1167 1
1168 1
1169 1
1170 1
1171 1
1172 1
1173 1
1174 1
1175 2
1176 1
1177 1
1178 1
1179 1
1180 1
1181 1
1182 1
1183 2
1184 1
1185 1
1186 2
1187 1
1188 6
1189 2
1190 1
1191 1
1192 1
1193 1
1194 1
1195 1
1196 1
1197 1
1198 1
1199 12
1200 2
1201 11
1202 1
1203 2
1204 1
1205 1
1206 1
1207 2
1208 1
1209 3
1210 1
1211 1
1212 1
1213 1
1214 1
1215 1
1216 1
1217 40
1218 1
1219 1
1220 1
1221 1
1222 1
1223 1
1224 1
1225 1
1226 1
1227 1
1228 1
1229 2
1230 1
1231 1
1232 1
1233 1
1234 1
1235 2
1236 1
1237 3
1238 1
1239 1
1240 1
1241 1
1242 1
1243 3
1244 1
1245 258
1246 1
1247 3
1248 1
1249 1
1250 3
1251 10
1252 7
1253 1
1254 2
1255 1
1256 1
1257 1
1258 2
1259 1
1260 2
1261 1
1262 1
1263 5
1264 1
1265 1
1266 1
1267 1
1268 4
1269 12
1270 2
1271 1
1272 1
1273 1
1274 1
1275 2
1276 1
1277 1
1278 1
1279 1
1280 10
1281 1
1282 5
1283 2
1284 1
1285 8
1286 1
1287 2
1288 7
1289 28
1290 2
1291 1
1292 6
1293 1
1294 2
1295 4
1296 1
1297 2
1298 1
1299 1
1300 1
1301 4
1302 1
1303 1
1304 1
1305 1
1306 1
1307 1
1308 1
1309 5
1310 1
1311 1
1312 2
1313 1
1314 1
1315 1
1316 1
1317 1
1318 16
1319 1
1320 1
1321 4
1322 1
1323 1
1324 5
1325 1
1326 2
1327 1
1328 1
1329 1
1330 1
1331 1
1332 3
1333 7
1334 1
1335 2
1336 2
1337 3
1338 1
1339 1
1340 2
1341 1
1342 1
1343 3
1344 1
1345 1
1346 1
1347 2
1348 29
1349 1
1350 1
1351 1
1352 1
1353 1
1354 1
1355 1
1356 2
1357 1
1358 1
1359 1
1360 1
1361 1
1362 1
1363 1
1364 7
1365 1
1366 1
1367 2
1368 1
1369 2
1370 6
1371 1
1372 1
1373 2
1374 1
1375 2
1376 2
1377 14
1378 2
1379 1
1380 1
1381 11
1382 2
1383 2
1384 1
1385 5
1386 3
1387 1
1388 1
1389 1
1390 1
1391 1
1392 1
1393 1
1394 1
1395 1
1396 1
1397 1
1398 2
1399 1
1400 1
1401 1
1402 2
1403 1
1404 3
1405 1
1406 1
1407 2
1408 2
1409 1
1410 3
1411 1
1412 1
1413 1
1414 1
1415 1
1416 1
1417 2
1418 1
1419 1
1420 1
1421 3
1422 7
1423 2
1424 1
1425 1
1426 10
1427 1
1428 3
1429 2
1430 8
1431 1
1432 1
1433 3
1434 2
1435 2
1436 1
1437 1
1438 1
1439 1
1440 1
1441 2
1442 1
1443 1
1444 1
1445 1
1446 1
1447 3
1448 1
1449 1
1450 1
1451 1
1452 1
1453 1
1454 2
1455 1
1456 1
1457 1
1458 1
1459 1
1460 1
1461 1
1462 1
1463 1
1464 1
1465 5
1466 2
1467 9
1468 1
1469 1
1470 1
1471 7
1472 1
1473 2
1474 1
1475 1
1476 2
1477 1
1478 1
1479 1
1480 1
1481 1
1482 1
1483 6
1484 2
1485 2
1486 16
1487 1
1488 1
1489 1
1490 5
1491 2
1492 2
1493 4
1494 1
1495 1
1496 2
1497 1
1498 1
1499 1
1500 1
1501 1
1502 1
1503 2
1504 3
1505 3
1506 4
1507 3
1508 1
1509 1
1510 1
1511 7
1512 1
1513 1
1514 1
1515 4
1516 7
1517 1
1518 1
1519 1
1520 1
1521 14
1522 1
1523 1
1524 1
1525 1
1526 1
1527 1
1528 1
1529 1
1530 1
1531 2
1532 4
1533 3
1534 1
1535 3
1536 1
1537 1
1538 1
1539 1
1540 1
1541 1
1542 2
1543 1
1544 1
1545 2
1546 2
1547 4
1548 1
1549 1
1550 2
1551 1
1552 1
1553 3
1554 1
1555 18
1556 2
1557 1
1558 1
1559 1
1560 3
1561 6
1562 3
1563 1
1564 1
1565 8
1566 1
1567 1
1568 1
1569 1
1570 1
1571 1
1572 1
1573 1
1574 1
1575 1
1576 1
1577 1
1578 4
1579 12
1580 1
1581 1
1582 1
1583 1
1584 1
1585 1
1586 1
1587 1
1588 1
1589 1
1590 1
1591 1
1592 1
1593 4
1594 2
1595 1
1596 1
1597 1
1598 1
1599 3
1600 1
1601 1
1602 2
1603 2
1604 3
1605 1
1606 1
1607 1
1608 1
1609 1
1610 1
1611 1
1612 1
1613 1
1614 5
1615 1
1616 1
1617 1
1618 4
1619 8
1620 1
1621 1
1622 16
1623 1
1624 2
1625 1
1626 1
1627 1
1628 32
1629 1
1630 1
1631 1
1632 1
1633 2
1634 6
1635 1
1636 1
1637 1
1638 5
1639 1
1640 1
1641 2
1642 2
1643 2
1644 2
1645 2
1646 1
1647 2
1648 1
1649 1
1650 1
1651 2
1652 1
1653 1
1654 1
1655 3
1656 1
1657 1
1658 5
1659 1
1660 6
1661 4
1662 2
1663 1
1664 6
1665 1
1666 2
1667 2
1668 6
1669 5
1670 2
1671 1
1672 2
1673 2
1674 1
1675 2
1676 1
1677 1
1678 1
1679 1
1680 1
1681 3
1682 1
1683 1
1684 1
1685 1
1686 2
1687 1
1688 1
1689 5
1690 1
1691 1
1692 1
1693 1
1694 1
1695 1
1696 1
1697 1
1698 1
1699 1
1700 1
1701 6
1702 1
1703 1
1704 4
1705 1
1706 2
1707 1
1708 3
1709 2
1710 1
1711 1
1712 1
1713 1
1714 3
1715 3
1716 2
1717 3
1718 2
1719 1
1720 1
1721 1
1722 1
1723 1
1724 1
1725 1
1726 1
1727 1
1728 15
1729 2
1730 3
1731 1
1732 2
1733 2
1734 1
1735 1
1736 1
1737 1
1738 1
1739 2
1740 2
1741 1
1742 1
1743 1
1744 8
1745 1
1746 1
1747 1
1748 5
1749 2
1750 1
1751 3
1752 1
1753 1
1754 1
1755 2
1756 1
1757 8
1758 1
1759 1
1760 5
1761 2
1762 1
1763 3
1764 3
1765 1
1766 1
1767 1
1768 5
1769 1
1770 10
1771 1
1772 1
1773 2
1774 1
1775 1
1776 1
1777 1
1778 2
1779 5
1780 1
1781 1
1782 1
1783 1
1784 2
1785 1
1786 1
1787 2
1788 1
1789 3
1790 1
1791 1
1792 2
1793 1
1794 1
1795 1
1796 1
1797 1
1798 1
1799 2
1800 2
1801 1
1802 1
1803 7
1804 2
1805 1
1806 1
1807 1
1808 1
1809 1
1810 4
1811 1
1812 1
1813 17
1814 2
1815 1
1816 1
1817 1
1818 3
1819 1
1820 3
1821 1
1822 1
1823 12
1824 2
1825 1
1826 1
1827 1
1828 1
1829 1
1830 1
1831 1
1832 1
1833 1
1834 2
1835 1
1836 2
1837 1
1838 1
1839 1
1840 1
1841 1
1842 2
1843 1
1844 1
1845 1
1846 20
1847 10
1848 1
1849 1
1850 1
1851 3
1852 1
1853 1
1854 1
1855 1
1856 2
1857 1
1858 2
1859 1
1860 1
1861 53
1862 1
1863 1
1864 2
1865 1
1866 3
1867 5
1868 4
1869 1
1870 1
1871 1
1872 1
1873 1
1874 1
1875 1
1876 2
1877 3
1878 1
1879 1
1880 1
1881 1
1882 1
1883 1
1884 5
1885 2
1886 6
1887 1
1888 1
1889 4
1890 1
1891 1
1892 2
1893 1
1894 1
1895 1
1896 1
1897 2
1898 1
1899 2
1900 1
1901 1
1902 1
1903 2
1904 1
1905 1
1906 2
1907 1
1908 2
1909 1
1910 1
1911 1
1912 1
1913 1
1914 2
1915 1
1916 2
1917 1
1918 1
1919 2
1920 14
1921 1
1922 1
1923 1
1924 2
1925 1
1926 1
1927 1
1928 2
1929 1
1930 3
1931 3
1932 1
1933 1
1934 1
1935 1
1936 5
1937 1
1938 22
1939 3
1940 1
1941 1
1942 1
1943 9
1944 3
1945 2
1946 1
1947 1
1948 1
1949 1
1950 11
1951 1
1952 1
1953 2
1954 1
1955 6
1956 1
1957 29
1958 1
1959 1
1960 1
1961 1
1962 1
1963 1
1964 1
1965 1
1966 3
1967 1
1968 1
1969 1
1970 1
1971 2
1972 1
1973 21
1974 1
1975 1
1976 1
1977 1
1978 2
1979 1
1980 1
1981 1
1982 1
1983 1
1984 1
1985 1
1986 1
1987 2
1988 1
1989 2
1990 2
1991 2
1992 1
1993 4
1994 1
1995 3
1996 1
1997 1
1998 2
1999 1
2000 1
2001 1
2002 1
2003 1
2004 1
2005 1
2006 1
2007 1
2008 1
2009 1
2010 2
2011 1
2012 1
2013 1
2014 2
2015 466
2016 1
2017 1
2018 2
2019 2
2020 1
2021 1
2022 1
2023 4
2024 4
2025 2
2026 1
2027 1
2028 1
2029 1
2030 1
2031 1
2032 1
2033 1
2034 1
2035 1
2036 3
2037 3
2038 2
2039 1
2040 1
2041 1
2042 1
2043 1
2044 1
2045 3
2046 1
2047 2
2048 1
2049 1
2050 1
2051 3
2052 1
2053 3
2054 1
2055 2
2056 1
2057 1
2058 3
2059 1
2060 7
2061 1
2062 1
2063 1
2064 2
2065 1
2066 1
2067 1
2068 1
2069 3
2070 1
2071 1
2072 1
2073 1
2074 1
2075 1
2076 1
2077 1
2078 1
2079 2
2080 9
2081 1
2082 1
2083 1
2084 4
2085 4
2086 1
2087 4
2088 2
2089 3
2090 1
2091 1
2092 1
2093 12
2094 1
2095 1
2096 1
2097 2
2098 1
2099 1
2100 1
2101 1
2102 1
2103 1
2104 2
2105 1
2106 2
2107 1
2108 1
2109 1
2110 1
2111 1
2112 1
2113 1
2114 3
2115 1
2116 3
2117 1
2118 1
2119 1
2120 1
2121 2
2122 1
2123 1
2124 2
2125 1
2126 10
2127 1
2128 1
2129 1
2130 1
2131 1
2132 9
2133 1
2134 2
2135 1
2136 1
2137 2
2138 1
2139 1
2140 7
2141 1
2142 1
2143 1
2144 1
2145 1
2146 1
2147 3
2148 1
2149 2
2150 1
2151 1
2152 2
2153 2
2154 1
2155 1
2156 1
2157 2
2158 1
2159 1
2160 3
2161 1
2162 3
2163 2
2164 2
2165 1
2166 2
2167 5
2168 1
2169 1
2170 47
2171 1
2172 2
2173 1
2174 1
2175 5
2176 1
2177 1
2178 1
2179 1
2180 1
2181 9
2182 11
2183 1
2184 1
2185 1
2186 1
2187 1
2188 1
2189 1
2190 1
2191 1
2192 3
2193 1
2194 1
2195 1
2196 1
2197 1
2198 1
2199 1
2200 1
2201 1
2202 5
2203 1
2204 2
2205 3
2206 1
2207 1
2208 1
2209 1
2210 1
2211 1
2212 1
2213 1
2214 1
2215 1
2216 3
2217 1
2218 1
2219 1
2220 2
2221 1
2222 1
2223 1
2224 1
2225 1
2226 2
2227 1
2228 4
2229 1
2230 1
2231 1
2232 1
2233 1
2234 1
2235 1
2236 1
2237 2
2238 1
2239 1
2240 3
2241 1
2242 1
2243 1
2244 1
2245 1
2246 1
2247 16
2248 2
2249 1
2250 1
2251 1
2252 1
2253 1
2254 1
2255 1
2256 1
2257 13
2258 1
2259 1
2260 1
2261 3
2262 1
2263 4
2264 1
2265 1
2266 6
2267 3
2268 1
2269 1
2270 3
2271 1
2272 1
2273 1
2274 1
2275 21
2276 1
2277 1
2278 1
2279 1
2280 1
2281 1
2282 1
2283 3
2284 1
2285 1
2286 1
2287 1
2288 1
2289 1
2290 1
2291 1
2292 1
2293 1
2294 1
2295 2
2296 1
2297 5
2298 1
2299 1
2300 1
2301 1
2302 11
2303 1
2304 1
2305 1
2306 4
2307 1
2308 1
2309 1
2310 3
2311 1
2312 1
2313 1
2314 1
2315 1
2316 1
2317 1
2318 222
2319 6
2320 1
2321 4
2322 10
2323 2
2324 1
2325 1
2326 1
2327 1
2328 1
2329 27
2330 5
2331 1
2332 1
2333 1
2334 1
2335 1
2336 1
2337 1
2338 1
2339 1
2340 2
2341 1
2342 1
2343 1
2344 1
2345 1
2346 1
2347 1
2348 2
2349 1
2350 4
2351 83
2352 4
2353 1
2354 1
2355 4
2356 1
2357 1
2358 1
2359 1
2360 3
2361 2
2362 1
2363 1
2364 1
2365 1
2366 2
2367 1
2368 1
2369 2
2370 1
2371 1
2372 1
2373 1
2374 2
2375 1
2376 1
2377 3
2378 1
2379 4
2380 1
2381 1
2382 1
2383 4
2384 1
2385 2
2386 1
2387 1
2388 3
2389 1
2390 1
2391 1
2392 1
2393 1
2394 1
2395 1
2396 1
2397 13
2398 2
2399 1
2400 3
2401 1
2402 1
2403 1
2404 3
2405 1
2406 1
2407 12
2408 1
2409 1
2410 1
2411 1
2412 1
2413 1
2414 3
2415 2
2416 1
2417 9
2418 1
2419 1
2420 1
2421 3
2422 3
2423 1
2424 1
2425 1
2426 1
2427 1
2428 1
2429 1
2430 1
2431 1
2432 1
2433 1
2434 1
2435 8
2436 1
2437 1
2438 2
2439 3
2440 2
2441 4
2442 1
2443 1
2444 2
2445 1
2446 1
2447 11
2448 1
2449 1
2450 1
2451 1
2452 1
2453 1
2454 1
2455 1
2456 1
2457 1
2458 10
2459 1
2460 2
2461 1
2462 1
2463 15
2464 2
2465 1
2466 2
2467 1
2468 1
2469 1
2470 1
2471 6
2472 2
2473 1
2474 37
2475 1
2476 2
2477 1
2478 1
2479 1
2480 1
2481 2
2482 1
2483 1
2484 1
2485 5
2486 1
2487 1
2488 2
2489 1
2490 2
2491 1
2492 1
2493 1
2494 1
2495 2
2496 1
2497 10
2498 1
2499 1
2500 1
2501 1
2502 1
2503 2
2504 1
2505 1
2506 1
2507 1
2508 1
2509 1
2510 1
2511 1
2512 3
2513 1
2514 2
2515 4
2516 1
2517 1
2518 4
2519 2
2520 1
2521 5
2522 2
2523 1
2524 1
2525 1
2526 1
2527 5
2528 3
2529 1
2530 1
2531 1
2532 1
2533 1
2534 2
2535 1
2536 2
2537 1
2538 3
2539 1
2540 1
2541 2
2542 1
2543 1
2544 1
2545 26
2546 2
2547 5
2548 1
2549 1
2550 1
2551 1
2552 1
2553 1
2554 1
2555 2
2556 1
2557 1
2558 1
2559 1
2560 1
2561 1
2562 3
2563 1
2564 1
2565 5
2566 1
2567 5
2568 1
2569 1
2570 2
2571 1
2572 1
2573 1
2574 6
2575 1
2576 1
2577 1
2578 1
2579 1
2580 1
2581 1
2582 1
2583 3
2584 1
2585 1
2586 1
2587 12
2588 3
2589 2
2590 1
2591 1
2592 3
2593 1
2594 1
2595 6
2596 5
2597 6
2598 1
2599 1
2600 3
2601 1
2602 11
2603 7
2604 2
2605 1
2606 1
2607 1
2608 2
2609 1
2610 3
2611 1
2612 2
2613 5
2614 2
2615 3
2616 1
2617 1
2618 1
2619 1
2620 1
2621 1
2622 1
2623 30
2624 1
2625 1
2626 1
2627 2
2628 3
2629 4
2630 1
2631 1
2632 1
2633 2
2634 1
2635 1
2636 1
2637 9
2638 6
2639 1
2640 1
2641 1
2642 2
2643 1
2644 1
2645 1
2646 1
2647 1
2648 2
2649 6
2650 1
2651 1
2652 1
2653 1
2654 3
2655 13
2656 1
2657 1
2658 3
2659 2
2660 1
2661 1
2662 1
2663 1
2664 1
2665 1
2666 1
2667 2
2668 1
2669 1
2670 1
2671 1
2672 4
2673 13
2674 1
2675 1
2676 3
2677 5
2678 2
2679 1
2680 1
2681 1
2682 1
2683 39
2684 1
2685 1
2686 1
2687 2
2688 1
2689 1
2690 3
2691 1
2692 1
2693 2
2694 1
2695 4
2696 1
2697 1
2698 35
2699 1
2700 10
2701 1
2702 5
2703 1
2704 1
2705 1
2706 1
2707 1
2708 1
2709 1
2710 52
2711 1
2712 10
2713 1
2714 1
2715 1
2716 2
2717 2
2718 1
2719 1
2720 5
2721 2
2722 3
2723 1
2724 10
2725 21
2726 1
2727 2
2728 1
2729 1
2730 1
2731 1
2732 1
2733 1
2734 3
2735 6
2736 4
2737 1
2738 1
2739 1
2740 1
2741 1
2742 1
2743 1
2744 1
2745 2
2746 1
2747 4
2748 2
2749 1
2750 1
2751 1
2752 1
2753 1
2754 1
2755 1
2756 12
2757 1
2758 1
2759 1
2760 1
2761 4
2762 1
2763 3
2764 1
2765 1
2766 1
2767 2
2768 1
2769 1
2770 15
2771 2
2772 1
2773 1
2774 245
2775 1
2776 1
2777 7
2778 1
2779 2
2780 1
2781 2
2782 1
2783 3
2784 4
2785 1
2786 1
2787 1
2788 1
2789 5
2790 2
2791 1
2792 1
2793 1
2794 2
2795 1
2796 1
2797 1
2798 1
2799 1
2800 1
2801 3
2802 1
2803 2
2804 9
2805 1
2806 1
2807 1
2808 1
2809 1
2810 1
2811 7
2812 1
2813 1
2814 1
2815 2
2816 5
2817 1
2818 3
2819 1
2820 1
2821 11
2822 1
2823 1
2824 2
2825 2
2826 1
2827 1
2828 1
2829 1
2830 2
2831 1
2832 1
2833 2
2834 1
2835 2
2836 1
2837 4
2838 1
2839 1
2840 1
2841 1
2842 1
2843 1
2844 1
2845 1
2846 1
2847 1
2848 1
2849 4
2850 1
2851 2
2852 1
2853 1
2854 3
2855 2
2856 2
2857 1
2858 21
2859 1
2860 3
2861 1
2862 1
2863 1
2864 1
2865 1
2866 1
2867 1
2868 1
2869 20
2870 1
2871 2
2872 2
2873 1
2874 2
2875 1
2876 1
2877 2
2878 2
2879 1
2880 1
2881 1
2882 1
2883 2
2884 2
2885 1
2886 1
2887 1
2888 1
2889 12
2890 1
2891 1
2892 1
2893 1
2894 1
2895 1
2896 1
2897 1
2898 1
2899 1
2900 1
2901 1
2902 1
2903 1
2904 1
2905 1
2906 1
2907 1
2908 2
2909 1
2910 1
2911 4
2912 1
2913 6
2914 2
2915 8
2916 1
2917 1
2918 1
2919 2
2920 1
2921 1
2922 1
2923 1
2924 1
2925 2
2926 1
2927 3
2928 1
2929 3
2930 1
2931 1
2932 1
2933 4
2934 1
2935 1
2936 1
2937 1
2938 1
2939 4
2940 1
2941 3
2942 1
2943 1
2944 1
2945 8
2946 1
2947 1
2948 1
2949 1
2950 1
2951 5
2952 1
2953 1
2954 1
2955 1
2956 1
2957 3
2958 1
2959 1
2960 1
2961 2
2962 4
2963 1
2964 1
2965 2
2966 1
2967 2
2968 1
2969 2
2970 1
2971 1
2972 1
2973 1
2974 1
2975 3
2976 4
2977 3
2978 3
2979 1
2980 13
2981 1
2982 1
2983 3
2984 1
2985 1
2986 1
2987 1
2988 1
2989 1
2990 3
2991 1
2992 1
2993 3
2994 3
2995 1
2996 1
2997 4
2998 1
2999 6
3000 2
3001 20
3002 2
3003 2
3004 1
3005 11
3006 1
3007 1
3008 1
3009 2
3010 1
3011 1
3012 1
3013 2
3014 1
3015 2
3016 1
3017 5
3018 1
3019 2
3020 1
3021 3
3022 1
3023 1
3024 17
3025 1
3026 1
3027 1
3028 6
3029 4
3030 1
3031 1
3032 2
3033 1
3034 1
3035 1
3036 1
3037 6
3038 1
3039 2
3040 2
3041 1
3042 2
3043 2
3044 1
3045 1
3046 22
3047 1
3048 1
3049 1
3050 1
3051 2
3052 1
3053 1
3054 1
3055 1
3056 1
3057 1
3058 1
3059 1
3060 1
3061 1
3062 1
3063 6
3064 2
3065 1
3066 3
3067 1
3068 1
3069 1
3070 1
3071 1
3072 2
3073 1
3074 2
3075 2
3076 1
3077 3
3078 1
3079 1
3080 1
3081 1
3082 2
3083 1
3084 2
3085 4
3086 6
3087 1
3088 2
3089 1
3090 1
3091 2
3092 1
3093 1
3094 1
3095 1
3096 1
3097 1
3098 4
3099 10
3100 2
3101 1
3102 1
3103 20
3104 1
3105 1
3106 1
3107 1
3108 1
3109 1
3110 1
3111 1
