0 1206
1 1
2 12
3 1
4 1
5 2
6 1
7 1
8 1
9 1
10 1
11 2
12 1
13 1
14 1
15 1
16 1
17 2
18 1
19 2
20 1
21 3
22 2
23 7
24 1
25 1
26 1
27 1
28 1
29 1
30 1
31 1
32 1
33 5
34 1
35 1
36 1
37 2
38 1
39 1
40 2
41 1
42 1
43 1
44 1
45 2
46 1
47 1
48 1
49 1
50 2
51 1
52 3
53 8
54 1
55 1
56 1
57 1
58 1
59 1
60 1
61 1
62 1
63 2
64 1
65 2
66 1
67 1
68 2
69 1
70 1
71 1
72 2
73 1
74 1
75 1
76 1
77 1
78 3
79 3
80 2
81 3
82 5
83 1
84 1
85 1
86 1
87 1
88 2
89 1
90 41
91 1
92 1
93 5
94 1
95 2
96 1
97 2
98 1
99 1
100 1
101 1
102 3
103 1
104 1
105 2
106 6
107 7
108 1
109 1
110 1
111 1
112 1
113 7
114 1
115 1
116 5
117 1
118 1
119 1
120 1
121 2
122 1
123 12
124 1
125 1
126 1
127 11
128 1
129 1
130 2
131 1
132 4
133 1
134 1
135 1
136 1
137 1
138 1
139 2
140 1
141 3
142 4
143 1
144 1
145 1
146 1
147 1
148 1
149 1
150 1
151 4
152 3
153 1
154 1
155 1
156 1
157 1
158 1
159 1
160 7
161 1
162 2
163 3
164 1
165 1
166 1
167 6
168 2
169 7
170 1
171 1
172 7
173 1
174 1
175 2
176 1
177 1
178 1
179 2
180 3
181 2
182 1
183 4
184 8
185 1
186 4
187 4
188 1
189 1
190 2
191 1
192 5
193 1
194 3
195 2
196 5
197 5
198 1
199 5
200 1
201 2
202 1
203 4
204 2
205 38
206 3
207 1
208 2
209 2
210 3
211 1
212 1
213 1
214 1
215 1
216 1
217 1
218 1
219 1
220 2
221 1
222 3
223 2
224 1
225 1
226 1
227 1
228 1
229 13
230 1
231 1
232 1
233 1
234 1
235 1
236 2
237 2
238 1
239 2
240 2
241 7
242 1
243 3
244 1
245 1
246 9
247 1
248 2
249 4
250 2
251 10
252 14
253 1
254 1
255 1
256 5
257 5
258 1
259 1
260 1
261 5
262 1
263 5
264 1
265 1
266 1
267 1
268 1
269 1
270 1
271 1
272 2
273 4
274 1
275 1
276 3
277 1
278 1
279 2
280 2
281 1
282 1
283 1
284 1
285 2
286 1
287 5
288 1
289 1
290 1
291 13
292 2
293 1
294 2
295 2
296 1
297 1
298 2
299 1
300 2
301 1
302 13
303 1
304 10
305 1
306 1
307 1
308 2
309 1
310 5
311 1
312 1
313 1
314 1
315 1
316 1
317 2
318 1
319 1
320 3
321 2
322 1
323 7
324 1
325 1
326 1
327 1
328 2
329 1
330 5
331 2
332 4
333 1
334 19
335 1
336 1
337 3
338 1
339 4
340 1
341 2
342 1
343 2
344 3
345 1
346 1
347 1
348 6
349 1
350 1
351 1
352 2
353 1
354 1
355 1
356 1
357 1
358 1
359 4
360 2
361 1
362 1
363 1
364 1
365 1
366 1
367 1
368 1
369 2
370 1
371 1
372 1
373 1
374 19
375 1
376 2
377 3
378 1
379 1
380 1
381 1
382 1
383 1
384 11
385 1
386 1
387 1
388 1
389 1
390 1
391 9
392 2
393 1
394 1
395 3
396 1
397 1
398 1
399 1
400 1
401 1
402 1
403 1
404 1
405 2
406 1
407 2
408 2
409 2
410 1
411 1
412 5
413 1
414 1
415 1
416 1
417 1
418 1
419 1
420 1
421 1
422 1
423 1
424 1
425 2
426 1
427 1
428 1
429 1
430 1
431 1
432 1
433 2
434 2
435 2
436 3
437 1
438 1
439 2
440 2
441 1
442 1
443 1
444 1
445 1
446 3
447 1
448 2
449 2
450 2
451 1
452 5
453 1
454 2
455 3
456 3
457 13
458 1
459 1
460 1
461 1
462 1
463 1
464 2
465 1
466 2
467 1
468 14
469 41
470 2
471 3
472 3
473 1
474 1
475 5
476 2
477 1
478 1
479 1
480 1
481 2
482 5
483 2
484 1
485 5
486 2
487 1
488 1
489 6
490 1
491 1
492 1
493 1
494 1
495 6
496 2
497 1
498 1
499 1
500 1
501 6
502 3
503 4
504 1
505 1
506 1
507 1
508 9
509 2
510 6
511 1
512 3
513 14
514 4
515 1
516 1
517 1
518 1
519 3
520 1
521 1
522 1
523 1
524 1
525 15
526 4
527 3
528 1
529 1
530 5
531 1
532 6
533 1
534 1
535 1
536 1
537 1
538 1
539 1
540 3
541 12
542 3
543 1
544 1
545 2
546 235
547 1
548 3
549 1
550 10
551 1
552 2
553 2
554 1
555 1
556 3
557 3
558 1
559 2
560 1
561 1
562 13
563 1
564 1
565 1
566 1
567 1
568 1
569 1
570 2
571 3
572 1
573 3
574 2
575 1
576 1
577 1
578 1
579 1
580 1
581 1
582 7
583 2
584 1
585 5
586 1
587 1
588 1
589 2
590 2
591 1
592 1
593 2
594 1
595 1
596 1
597 1
598 6
599 1
600 1
601 1
602 1
603 1
604 104
605 1
606 1
607 14
608 2
609 1
610 1
611 1
612 1
613 2
614 1
615 1
616 1
617 1
618 2
619 1
620 1
621 1
622 1
623 1
624 2
625 2
626 1
627 5
628 1
629 4
630 33
631 2
632 1
633 4
634 1
635 1
636 1
637 1
638 6
639 4
640 1
641 1
642 1
643 1
644 6
645 2
646 1
647 1
648 1
649 2
650 1
651 1
652 3
653 1
654 1
655 2
656 1
657 1
658 1
659 1
660 1
661 1
662 3
663 2
664 7
665 1
666 1
667 11
668 1
669 1
670 1
671 1
672 7
673 1
674 1
675 1
676 1
677 1
678 4
679 1
680 1
681 1
682 1
683 2
684 1
685 1
686 1
687 1
688 1
689 1
690 1
691 17
692 1
693 1
694 1
695 1
696 1
697 2
698 1
699 1
700 2
701 2
702 1
703 3
704 1
705 3
706 2
707 1
708 1
709 1
710 1
711 1
712 1
713 1
714 1
715 1
716 2
717 1
718 2
719 1
720 2
721 1
722 1
723 1
724 1
725 2
726 1
727 1
728 1
729 1
730 1
731 1
732 1
733 4
734 1
735 1
736 2
737 1
738 1
739 1
740 1
741 1
742 1
743 1
744 1
745 4
746 2
747 1
748 2
749 1
750 1
751 1
752 1
753 1
754 3
755 2
756 1
757 6
758 3
759 1
760 1
761 1
762 1
763 2
764 1
765 1
766 27
767 12
768 1
769 2
770 1
771 2
772 2
773 3
774 1
775 3
776 5
777 2
778 3
779 1
780 1
781 1
782 1
783 1
784 1
785 1
786 1
787 1
788 1
789 1
790 1
791 1
792 2
793 1
794 12
795 10
796 1
797 1
798 1
799 2
800 1
801 1
802 1
803 1
804 1
805 1
806 1
807 2
808 6
809 3
810 1
811 3
812 1
813 1
814 1
815 1
816 1
817 1
818 1
819 1
820 1
821 2
822 2
823 2
824 2
825 1
826 1
827 1
828 1
829 2
830 1
831 2
832 2
833 1
834 1
835 1
836 26
837 2
838 1
839 1
840 2
841 1
842 2
843 1
844 3
845 2
846 1
847 21
848 1
849 1
850 1
851 1
852 1
853 1
854 1
855 1
856 1
857 21
858 1
859 1
860 1
861 1
862 10
863 1
864 1
865 1
866 1
867 1
868 1
869 2
870 1
871 4
872 1
873 1
874 1
875 1
876 1
877 1
878 1
879 1
880 2
881 1
882 1
883 1
884 1
885 1
886 1
887 2
888 1
889 1
890 5
891 1
892 1
893 20
894 4
895 1
896 2
897 1
898 1
899 3
900 1
901 1
902 9
903 1
904 1
905 1
906 1
907 6
908 1
909 1
910 1
911 2
912 5
913 1
914 27
915 14
916 3
917 1
918 1
919 1
920 3
921 3
922 1
923 1
924 12
925 1
926 2
927 3
928 1
929 1
930 3
931 2
932 2
933 1
934 1
935 1
936 1
937 1
938 1
939 1
940 1
941 3
942 3
943 2
944 6
945 1
946 5
947 3
948 1
949 1
950 2
951 1
952 1
953 1
954 2
955 2
956 4
957 4
958 1
959 2
960 2
961 1
962 1
963 1
964 1
965 1
966 1
967 25
968 1
969 1
970 1
971 1
972 1
973 1
974 9
975 2
976 1
977 1
978 1
979 1
980 1
981 4
982 4
983 1
984 1
985 1
986 1
987 1
988 1
989 1
990 1
991 1
992 1
993 2
994 2
995 1
996 2
997 2
998 2
999 1
1000 1
1001 1
1002 2
1003 3
1004 1
1005 4
1006 1
1007 50
1008 1
1009 2
1010 2
1011 3
1012 2
1013 1
1014 3
1015 1
1016 1
1017 1
1018 1
1019 1
1020 1
1021 1
1022 2
1023 1
1024 1
1025 1
1026 1
1027 1
1028 1
1029 1
1030 3
1031 5
1032 1
1033 1
1034 2
1035 5
1036 1
1037 1
1038 1
1039 1
1040 1
1041 2
1042 1
1043 1
1044 1
1045 2
1046 1
1047 1
1048 1
1049 1
1050 1
1051 1
1052 1
1053 2
1054 1
1055 2
1056 1
1057 1
1058 1
1059 1
1060 2
1061 1
1062 1
1063 1
1064 2
1065 1
1066 4
1067 1
1068 9
1069 1
1070 1
1071 2
1072 2
1073 2
1074 6
1075 1
1076 1
1077 1
1078 1
1079 2
1080 1
1081 1
1082 1
1083 1
1084 1
1085 1
1086 1
1087 7
1088 1
1089 1
1090 1
1091 1
1092 2
1093 4
1094 1
1095 6
1096 1
1097 1
1098 8
1099 1
1100 1
1101 1
1102 1
1103 1
1104 2
1105 1
1106 2
1107 1
1108 3
1109 1
1110 1
1111 1
1112 1
1113 1
1114 1
1115 1
1116 1
1117 1
1118 3
1119 1
1120 2
1121 3
1122 3
1123 1
1124 1
1125 1
1126 46
1127 1
1128 1
1129 1
1130 1
1131 1
1132 1
1133 1
1134 1
1135 1
1136 1
1137 4
1138 1
1139 2
1140 1
1141 2
1142 1
1143 4
1144 6
1145 1
1146 1
1147 1
1148 1
1149 1
1150 1
1151 3
1152 1
1153 245
1154 4
1155 2
1156 1
1157 8
1158 1
1159 3
1160 1
1161 1
1162 1
1163 1
1164 2
1165 1
1166 1
1167 3
1168 1
1169 1
1170 1
1171 1
1172 1
1173 2
1174 1
1175 1
1176 1
1177 1
1178 1
1179 3
1180 1
1181 1
1182 1
1183 1
1184 1
1185 1
1186 1
1187 1
1188 1
1189 1
1190 1
1191 4
1192 2
1193 3
1194 32
1195 2
1196 1
1197 2
1198 1
1199 2
1200 2
1201 1
1202 1
1203 1
1204 1
1205 1
1206 1
1207 5
1208 1
1209 2
1210 1
1211 1
1212 1
1213 1
1214 1
1215 1
1216 1
1217 1
1218 3
1219 1
1220 1
1221 1
1222 11
1223 1
1224 3
1225 3
1226 4
1227 4
1228 2
1229 1
1230 1
1231 1
1232 1
1233 1
1234 1
1235 1
1236 1
1237 3
1238 5
1239 3
1240 1
1241 1
1242 3
1243 1
1244 1
1245 1
1246 1
1247 3
1248 2
1249 3
1250 1
1251 21
1252 2
1253 1
1254 1
1255 1
1256 1
1257 1
1258 1
1259 2
1260 1
1261 1
1262 1
1263 1
1264 2
1265 1
1266 1
1267 1
1268 1
1269 4
1270 2
1271 3
1272 1
1273 3
1274 3
1275 1
1276 1
1277 1
1278 2
1279 2
1280 1
1281 2
1282 2
1283 1
1284 1
1285 1
1286 4
1287 1
1288 5
1289 4
1290 3
1291 1
1292 1
1293 2
1294 1
1295 1
1296 1
1297 1
1298 1
1299 1
1300 1
1301 1
1302 2
1303 1
1304 1
1305 1
1306 1
1307 1
1308 2
1309 1
1310 1
1311 1
1312 1
1313 6
1314 1
1315 1
1316 4
1317 4
1318 1
1319 1
1320 3
1321 1
1322 7
1323 1
1324 1
1325 1
1326 1
1327 3
1328 1
1329 2
1330 3
1331 1
1332 1
1333 1
1334 1
1335 2
1336 1
1337 1
1338 1
1339 1
1340 1
1341 2
1342 4
1343 8
1344 2
1345 2
1346 1
1347 1
1348 1
1349 3
1350 1
1351 1
1352 1
1353 1
1354 1
1355 1
1356 1
1357 4
1358 1
1359 1
1360 11
1361 1
1362 1
1363 4
1364 1
1365 1
1366 2
1367 1
1368 1
1369 1
1370 1
1371 1
1372 1
1373 1
1374 1
1375 1
1376 1
1377 2
1378 2
1379 4
1380 3
1381 1
1382 3
1383 6
1384 1
1385 2
1386 5
1387 1
1388 1
1389 4
1390 1
1391 1
1392 1
1393 1
1394 1
1395 2
1396 2
1397 2
1398 1
1399 1
1400 1
1401 42
1402 2
1403 1
1404 1
1405 1
1406 3
1407 2
1408 3
1409 1
1410 2
1411 15
1412 1
1413 1
1414 1
1415 1
1416 1
1417 4
1418 1
1419 1
1420 1
1421 1
1422 7
1423 5
1424 1
1425 1
1426 1
1427 20
1428 1
1429 1
1430 1
1431 1
1432 1
1433 1
1434 2
1435 1
1436 2
1437 1
1438 5
1439 1
1440 1
1441 1
1442 1
1443 1
1444 1
1445 14
1446 1
1447 1
1448 2
1449 1
1450 1
1451 1
1452 1
1453 1
1454 1
1455 3
1456 1
1457 2
1458 1
1459 1
1460 1
1461 1
1462 1
1463 1
1464 1
1465 1
1466 1
1467 1
1468 2
1469 1
1470 2
1471 1
1472 1
1473 1
1474 1
1475 1
1476 2
1477 3
1478 1
1479 1
1480 1
1481 1
1482 1
1483 1
1484 3
1485 2
1486 2
1487 1
1488 2
1489 1
1490 1
1491 1
1492 1
1493 1
1494 3
1495 1
1496 2
1497 1
1498 1
1499 4
1500 1
1501 2
1502 1
1503 1
1504 2
1505 1
1506 1
1507 4
1508 1
1509 8
1510 1
1511 16
1512 1
1513 1
1514 2
1515 1
1516 1
1517 28
1518 6
1519 1
1520 1
1521 4
1522 7
1523 2
1524 1
1525 2
1526 1
1527 1
1528 4
1529 1
1530 1
1531 2
1532 3
1533 1
1534 1
1535 1
1536 1
1537 1
1538 1
1539 1
1540 1
1541 1
1542 1
1543 1
1544 1
1545 2
1546 7
1547 1
1548 1
1549 5
1550 1
1551 5
1552 6
1553 1
1554 1
1555 2
1556 1
1557 1
1558 1
1559 4
1560 2
1561 1
1562 1
1563 2
1564 2
1565 1
1566 1
1567 1
1568 1
1569 2
1570 1
1571 4
1572 1
1573 1
1574 1
1575 5
1576 1
1577 1
1578 1
1579 1
1580 1
1581 1
1582 1
1583 1
1584 2
1585 1
1586 4
1587 4
1588 1
1589 1
1590 1
1591 1
1592 1
1593 1
1594 1
1595 2
1596 1
1597 1
1598 6
1599 1
1600 1
1601 5
1602 1
1603 1
1604 1
1605 1
1606 1
1607 1
1608 1
1609 1
1610 2
1611 1
1612 2
1613 4
1614 1
1615 1
1616 1
1617 19
1618 2
1619 1
1620 1
1621 1
1622 1
1623 1
1624 1
1625 1
1626 3
1627 1
1628 1
1629 1
1630 4
1631 7
1632 1
1633 1
1634 1
1635 1
1636 1
1637 1
1638 2
1639 2
1640 1
1641 1
1642 3
1643 1
1644 8
1645 1
1646 1
1647 1
1648 1
1649 1
1650 1
1651 1
1652 1
1653 1
1654 1
1655 7
1656 1
1657 4
1658 7
1659 1
1660 1
1661 2
1662 1
1663 1
1664 1
1665 8
1666 1
1667 1
1668 1
1669 1
1670 1
1671 19
1672 1
1673 1
1674 1
1675 1
1676 1
1677 1
1678 1
1679 1
1680 5
1681 2
1682 1
1683 1
1684 1
1685 1
1686 1
1687 1
1688 1
1689 2
1690 1
1691 1
1692 1
1693 2
1694 1
1695 6
1696 1
1697 1
1698 1
1699 24
1700 1
1701 1
1702 1
1703 3
1704 1
1705 1
1706 1
1707 6
1708 2
1709 2
1710 1
1711 1
1712 1
1713 2
1714 1
1715 1
1716 1
1717 1
1718 1
1719 1
1720 1
1721 4
1722 1
1723 5
1724 1
1725 1
1726 1
1727 1
1728 1
1729 20
1730 2
1731 1
1732 2
1733 1
1734 1
1735 2
1736 1
1737 1
1738 3
1739 1
1740 1
1741 2
1742 1
1743 3
1744 35
1745 1
1746 1
1747 1
1748 1
1749 9
1750 1
1751 1
1752 1
1753 1
1754 1
1755 3
1756 1
1757 2
1758 2
1759 1
1760 3
1761 1
1762 1
1763 1
1764 1
1765 1
1766 2
1767 1
1768 1
1769 9
1770 1
1771 6
1772 2
1773 1
1774 7
1775 2
1776 1
1777 1
1778 1
1779 1
1780 1
1781 1
1782 3
1783 1
1784 1
1785 1
1786 1
1787 1
1788 1
1789 3
1790 1
1791 1
1792 1
1793 1
1794 1
1795 1
1796 2
1797 1
1798 2
1799 1
1800 6
1801 1
1802 1
1803 1
1804 1
1805 14
1806 1
1807 1
1808 1
1809 1
1810 1
1811 1
1812 2
1813 1
1814 1
1815 1
1816 3
1817 2
1818 4
1819 1
1820 1
1821 1
1822 1
1823 1
1824 19
1825 6
1826 2
1827 2
1828 2
1829 2
1830 1
1831 1
1832 1
1833 1
1834 10
1835 3
1836 2
1837 2
1838 6
1839 1
1840 1
1841 1
1842 1
1843 1
1844 1
1845 1
1846 1
1847 1
1848 1
1849 1
1850 1
1851 1
1852 1
1853 1
1854 2
1855 6
1856 33
1857 3
1858 1
1859 1
1860 1
1861 3
1862 1
1863 3
1864 1
1865 2
1866 1
1867 1
1868 1
1869 2
1870 2
1871 1
1872 3
1873 1
1874 3
1875 1
1876 2
1877 1
1878 2
1879 3
1880 1
1881 1
1882 1
1883 1
1884 3
1885 1
1886 4
1887 1
1888 1
1889 1
1890 3
1891 1
1892 3
1893 1
1894 1
1895 1
1896 2
1897 416
1898 1
1899 1
1900 1
1901 1
1902 4
1903 1
1904 1
1905 1
1906 1
1907 1
1908 2
1909 2
1910 2
1911 1
1912 1
1913 1
1914 1
1915 10
1916 1
1917 3
1918 5
1919 1
1920 1
1921 1
1922 1
1923 2
1924 1
1925 2
1926 1
1927 1
1928 1
1929 1
1930 1
1931 1
1932 1
1933 1
1934 3
1935 1
1936 1
1937 3
1938 1
1939 1
1940 6
1941 1
1942 2
1943 2
1944 1
1945 1
1946 1
1947 2
1948 1
1949 1
1950 1
1951 1
1952 3
1953 10
1954 2
1955 1
1956 1
1957 1
1958 1
1959 2
1960 6
1961 1
1962 2
1963 1
1964 2
1965 1
1966 1
1967 4
1968 1
1969 1
1970 2
1971 1
1972 1
1973 1
1974 1
1975 1
1976 1
1977 1
1978 1
1979 1
1980 1
1981 3
1982 2
1983 1
1984 4
1985 2
1986 1
1987 1
1988 1
1989 1
1990 1
1991 1
1992 11
1993 1
1994 1
1995 6
1996 1
1997 2
1998 2
1999 1
2000 1
2001 2
2002 1
2003 1
2004 1
2005 1
2006 1
2007 1
2008 1
2009 3
2010 1
2011 1
2012 1
2013 2
2014 2
2015 1
2016 1
2017 1
2018 1
2019 1
2020 1
2021 1
2022 1
2023 2
2024 1
2025 2
2026 7
2027 1
2028 3
2029 1
2030 1
2031 8
2032 1
2033 1
2034 1
2035 1
2036 1
2037 1
2038 4
2039 19
2040 2
2041 1
2042 2
2043 2
2044 1
2045 1
2046 1
2047 1
2048 1
2049 1
2050 1
2051 1
2052 11
2053 1
2054 1
2055 1
2056 6
2057 1
2058 1
2059 1
2060 1
2061 1
2062 1
2063 1
2064 1
2065 1
2066 3
2067 1
2068 1
2069 2
2070 1
2071 1
2072 2
2073 1
2074 2
2075 2
2076 1
2077 1
2078 1
2079 1
2080 1
2081 2
2082 1
2083 1
2084 1
2085 3
2086 1
2087 1
2088 1
2089 1
2090 1
2091 1
2092 1
2093 2
2094 2
2095 1
2096 1
2097 3
2098 1
2099 3
2100 1
2101 1
2102 1
2103 1
2104 5
2105 1
2106 3
2107 1
2108 7
2109 1
2110 1
2111 1
2112 5
2113 1
2114 1
2115 1
2116 1
2117 23
2118 1
2119 1
2120 4
2121 1
2122 1
2123 1
2124 1
2125 1
2126 2
2127 1
2128 1
2129 1
2130 2
2131 1
2132 1
2133 4
2134 1
2135 1
2136 1
2137 1
2138 1
2139 1
2140 1
2141 1
2142 1
2143 7
2144 2
2145 1
2146 1
2147 1
2148 1
2149 1
2150 1
2151 1
2152 1
2153 1
2154 1
2155 2
2156 1
2157 1
2158 2
2159 1
2160 206
2161 1
2162 1
2163 6
2164 1
2165 1
2166 1
2167 1
2168 26
2169 1
2170 1
2171 1
2172 1
2173 4
2174 1
2175 2
2176 2
2177 1
2178 1
2179 1
2180 1
2181 1
2182 2
2183 1
2184 1
2185 3
2186 1
2187 2
2188 1
2189 1
2190 1
2191 82
2192 1
2193 3
2194 1
2195 1
2196 1
2197 10
2198 2
2199 1
2200 1
2201 1
2202 2
2203 1
2204 1
2205 1
2206 1
2207 2
2208 1
2209 1
2210 1
2211 1
2212 1
2213 1
2214 1
2215 1
2216 1
2217 1
2218 2
2219 1
2220 1
2221 1
2222 2
2223 1
2224 1
2225 1
2226 1
2227 1
2228 1
2229 1
2230 5
2231 1
2232 1
2233 3
2234 1
2235 3
2236 1
2237 2
2238 2
2239 1
2240 1
2241 15
2242 1
2243 1
2244 1
2245 1
2246 1
2247 3
2248 2
2249 1
2250 1
2251 1
2252 4
2253 1
2254 17
2255 1
2256 2
2257 1
2258 1
2259 22
2260 1
2261 1
2262 2
2263 8
2264 1
2265 1
2266 1
2267 1
2268 1
2269 1
2270 1
2271 1
2272 1
2273 2
2274 8
2275 2
2276 1
2277 1
2278 1
2279 1
2280 1
2281 1
2282 3
2283 1
2284 1
2285 2
2286 1
2287 1
2288 1
2289 1
2290 1
2291 2
2292 2
2293 1
2294 1
2295 2
2296 2
2297 1
2298 1
2299 1
2300 2
2301 2
2302 1
2303 17
2304 1
2305 2
2306 3
2307 1
2308 1
2309 1
2310 1
2311 1
2312 8
2313 1
2314 1
2315 2
2316 1
2317 35
2318 4
2319 1
2320 1
2321 2
2322 2
2323 1
2324 5
2325 1
2326 46
2327 3
2328 1
2329 1
2330 1
2331 1
2332 1
2333 1
2334 1
2335 5
2336 1
2337 3
2338 1
2339 2
2340 1
2341 1
2342 1
2343 3
2344 1
2345 2
2346 1
2347 1
2348 2
2349 1
2350 1
2351 1
2352 1
2353 1
2354 1
2355 1
2356 1
2357 1
2358 1
2359 2
2360 1
2361 1
2362 1
2363 2
2364 1
2365 1
2366 1
2367 1
2368 1
2369 1
2370 1
2371 1
2372 1
2373 3
2374 3
2375 1
2376 1
2377 1
2378 1
2379 1
2380 1
2381 2
2382 2
2383 3
2384 1
2385 1
2386 1
2387 1
2388 1
2389 1
2390 1
2391 1
2392 2
2393 1
2394 1
2395 1
2396 1
2397 32
2398 6
2399 1
2400 1
2401 1
2402 2
2403 1
2404 1
2405 1
2406 1
2407 1
2408 1
2409 1
2410 1
2411 1
2412 1
2413 1
2414 1
2415 2
2416 3
2417 1
2418 1
2419 1
2420 1
2421 1
2422 1
2423 2
2424 1
2425 1
2426 2
2427 12
2428 2
2429 1
2430 1
2431 1
2432 1
2433 1
2434 1
2435 1
2436 1
2437 1
2438 1
2439 1
2440 1
2441 1
2442 1
2443 1
2444 1
2445 1
2446 17
2447 1
2448 1
2449 2
2450 1
2451 1
2452 2
2453 1
2454 1
2455 6
2456 1
2457 4
2458 1
2459 2
2460 1
2461 2
2462 1
2463 1
2464 6
2465 1
2466 1
2467 1
2468 1
2469 1
2470 1
2471 1
2472 2
2473 5
2474 1
2475 1
2476 3
2477 1
2478 9
2479 1
2480 1
2481 4
2482 1
2483 3
2484 1
2485 1
2486 1
2487 2
2488 1
2489 2
2490 1
2491 42
2492 1
2493 2
2494 2
2495 2
2496 1
2497 3
2498 2
2499 2
2500 1
2501 1
2502 2
2503 1
2504 6
2505 1
2506 1
2507 6
2508 1
2509 1
2510 2
2511 1
2512 1
2513 1
2514 2
2515 1
2516 2
2517 2
2518 1
2519 2
2520 1
2521 1
2522 19
2523 1
2524 1
2525 2
2526 1
2527 1
2528 1
2529 1
2530 1
2531 1
2532 1
2533 3
2534 2
2535 4
2536 1
2537 1
2538 1
2539 2
2540 10
2541 5
2542 6
2543 2
2544 1
2545 1
2546 2
2547 53
2548 1
2549 1
2550 1
2551 1
2552 2
2553 1
2554 1
2555 1
2556 36
2557 31
2558 14
2559 1
2560 1
2561 2
2562 1
2563 1
2564 2
2565 11
2566 1
2567 1
2568 1
2569 1
2570 2
2571 3
2572 1
2573 1
2574 16
2575 2
2576 1
2577 1
2578 1
2579 2
2580 2
2581 1
2582 1
2583 2
2584 1
2585 1
2586 1
2587 1
2588 1
2589 1
2590 1
2591 1
2592 6
2593 1
2594 1
2595 1
2596 1
2597 1
2598 1
2599 2
2600 1
2601 1
2602 2
2603 1
2604 1
2605 6
2606 1
2607 3
2608 1
2609 1
2610 4
2611 2
2612 1
2613 2
2614 2
2615 1
2616 5
2617 3
2618 1
2619 3
2620 4
2621 2
2622 1
2623 2
2624 2
2625 2
2626 9
2627 1
2628 238
2629 1
2630 1
2631 7
2632 2
2633 1
2634 1
2635 2
2636 1
2637 1
2638 1
2639 1
2640 2
2641 1
2642 1
2643 1
2644 1
2645 1
2646 1
2647 5
2648 1
2649 3
2650 2
2651 1
2652 1
2653 1
2654 1
2655 6
2656 1
2657 1
2658 1
2659 1
2660 1
2661 1
2662 2
2663 2
2664 2
2665 1
2666 1
2667 2
2668 2
2669 1
2670 1
2671 1
2672 2
2673 1
2674 1
2675 1
2676 1
2677 1
2678 1
2679 1
2680 1
2681 1
2682 2
2683 1
2684 4
2685 2
2686 3
2687 2
2688 1
2689 1
2690 1
2691 1
2692 1
2693 1
2694 1
2695 2
2696 1
2697 1
2698 2
2699 1
2700 1
2701 3
2702 2
2703 2
2704 1
2705 1
2706 1
2707 1
2708 1
2709 1
2710 3
2711 1
2712 1
2713 2
2714 4
2715 3
2716 2
2717 1
2718 38
2719 1
2720 1
2721 1
2722 1
2723 2
2724 1
2725 1
2726 3
2727 1
2728 1
2729 3
2730 1
2731 2
2732 3
2733 1
2734 1
2735 1
2736 1
2737 1
2738 1
2739 5
2740 1
2741 1
2742 2
2743 1
2744 2
2745 1
2746 1
2747 1
2748 2
2749 1
2750 1
2751 1
2752 1
2753 3
2754 1
2755 1
2756 14
2757 1
2758 1
2759 1
2760 3
2761 1
2762 5
2763 2
2764 2
2765 1
2766 1
2767 3
2768 1
2769 1
2770 1
2771 1
2772 1
2773 3
2774 1
2775 19
2776 2
2777 1
2778 2
2779 1
2780 1
2781 1
2782 1
2783 1
2784 5
2785 1
2786 1
2787 1
2788 1
2789 1
2790 1
2791 1
2792 2
2793 1
2794 11
2795 1
2796 1
2797 1
2798 1
2799 1
2800 1
2801 1
2802 1
2803 1
2804 1
2805 1
2806 1
2807 3
2808 7
2809 2
2810 2
2811 1
2812 1
2813 2
2814 1
2815 1
2816 1
2817 2
2818 1
2819 1
2820 1
2821 16
2822 1
2823 3
2824 2
2825 1
2826 2
2827 1
2828 3
2829 1
2830 1
2831 1
2832 1
2833 1
2834 1
2835 1
2836 5
2837 2
2838 3
2839 1
2840 16
2841 1
2842 1
2843 1
2844 12
2845 1
2846 1
2847 1
2848 1
2849 2
2850 1
2851 1
2852 2
2853 1
2854 1
2855 7
2856 1
2857 1
2858 1
2859 1
2860 1
2861 1
2862 1
2863 1
2864 5
2865 1
2866 1
2867 8
2868 1
2869 2
2870 1
2871 1
2872 1
2873 1
2874 28
2875 1
2876 1
2877 1
2878 1
2879 1
2880 1
2881 1
2882 1
2883 1
2884 1
2885 1
2886 1
2887 1
2888 1
2889 1
2890 1
2891 1
2892 2
2893 7
2894 1
2895 1
2896 1
2897 1
2898 1
2899 3
2900 1
2901 1
2902 1
2903 1
2904 1
2905 1
2906 1
2907 1
2908 2
2909 1
2910 1
2911 1
2912 1
2913 4
2914 7
2915 1
2916 2
2917 2
2918 1
2919 1
2920 1
2921 1
2922 3
2923 1
2924 2
2925 1
2926 1
2927 1
2928 2
2929 1
2930 1
