0 2
1 1
2 1
3 1
4 1
5 1
6 1
7 1
8 1
9 1
10 1
11 1
12 1
13 1
14 3
15 1
16 1
17 1
18 1
19 1
20 1
21 1
22 1
23 1
24 1
25 2
26 2
27 2
28 1
29 1
30 1
31 2
32 1
33 1
34 1
35 1
36 3
37 1
38 1
39 1
40 1
41 1
42 1
43 1
44 1
45 1
46 1
47 1
48 1
49 1
50 1
51 1
52 1
53 2
54 2
55 1
56 1
57 2
58 1
59 1
60 1
61 1
62 1
63 1
64 7
65 1
66 1
67 1
68 1
69 1
70 1
71 1
72 1
73 1
74 1
75 2
76 1
77 3
78 1
79 3
80 2
81 1
82 1
83 1
84 1
85 1
86 2
87 1
88 1
89 1
90 1
91 1
92 1
93 1
94 7
95 3
96 1
97 1
98 1
99 1
100 1
101 1
102 3
103 1
104 2
105 1
106 1
107 1
108 2
109 1
110 2
111 2
112 2
113 4
114 1
115 1
116 1
117 1
118 1
119 1
120 8
121 2
122 1
123 1
124 1
125 1
126 1
127 1
128 1
129 1
130 2
131 1
132 1
133 1
134 1
135 2
136 1
137 1
138 2
139 1
140 1
141 1
142 1
143 1
144 2
145 1
146 1
147 1
148 1
149 2
150 1
151 2
152 1
153 1
154 1
155 1
156 1
157 1
158 2
159 1
160 1
161 1
162 1
163 2
164 1
165 1
166 1
167 1
168 1
169 4
170 1
171 1
172 1
173 3
174 1
175 1
176 2
177 1
178 1
179 2
180 1
181 3
182 2
183 2
184 1
185 1
186 1
187 1
188 1
189 1
190 1
191 1
192 1
193 2
194 1
195 1
196 1
197 1
198 1
199 2
200 1
201 3
202 1
203 1
204 3
205 2
206 2
207 1
208 1
209 1
210 5
211 4
212 1
213 3
214 1
215 1
216 1
217 1
218 1
219 6
220 1
221 2
222 1
223 1
224 1
225 1
226 1
227 1
228 1
229 2
230 2
231 1
232 1
233 1
234 1
235 1
236 1
237 1
238 1
239 1
240 1
241 1
242 1
243 1
244 2
245 1
246 1
247 2
248 1
249 2
250 1
251 2
252 1
253 1
254 1
255 1
256 2
257 1
258 1
259 1
260 1
261 2
262 1
263 1
264 1
265 1
266 5
267 1
268 3
269 1
270 1
271 1
272 1
273 1
274 2
275 1
276 1
277 1
278 2
279 1
280 1
281 1
282 2
283 5
284 1
285 1
286 1
287 1
288 1
289 1
290 2
291 1
292 4
293 1
294 1
295 1
296 1
297 1
298 1
299 1
300 1
301 1
302 1
303 1
304 1
305 1
306 1
307 1
308 1
309 1
310 3
311 1
312 1
313 1
314 1
315 1
316 2
317 1
318 1
319 2
320 1
321 1
322 4
323 1
324 3
325 1
326 1
327 1
328 1
329 1
330 1
331 4
332 2
333 1
334 1
335 1
336 1
337 1
338 1
339 1
340 1
341 1
342 2
343 2
344 1
345 1
346 1
347 1
348 1
349 1
350 1
351 1
352 2
353 1
354 1
355 1
356 1
357 7
358 2
359 1
360 2
361 1
362 2
363 2
364 1
365 1
366 1
367 1
368 1
369 2
370 1
371 1
372 1
