0 1303
1 37
2 1
3 1
4 15
5 1
6 1
7 1
8 1
9 1
10 1
11 2
12 2
13 1
14 1
15 1
16 2
17 1
18 1
19 1
20 1
21 1
22 1
23 1
24 13
25 2
26 1
27 2
28 1
29 1
30 1
31 1
32 1
33 1
34 1
35 1
36 1
37 2
38 1
39 1
40 1
41 1
42 3
43 1
44 3
45 1
46 3
47 1
48 2
49 1
50 3
51 2
52 1
53 5
54 1
55 1
56 1
57 1
58 3
59 1
60 1
61 1
62 1
63 1
64 1
65 4
66 1
67 1
68 1
69 1
70 1
71 1
72 1
73 8
74 1
75 1
76 1
77 1
78 1
79 1
80 2
81 1
82 2
83 1
84 1
85 1
86 1
87 1
88 2
89 1
90 1
91 1
92 2
93 5
94 3
95 1
96 1
97 1
98 1
99 1
100 1
101 1
102 1
103 1
104 36
105 1
106 1
107 1
108 1
109 1
110 2
111 5
112 1
113 1
114 1
115 1
116 1
117 1
118 1
119 1
120 2
121 4
122 1
123 1
124 15
125 1
126 1
127 3
128 1
129 2
130 1
131 4
132 7
133 1
134 1
135 3
136 1
137 4
138 9
139 1
140 2
141 1
142 2
143 3
144 1
145 1
146 1
147 1
148 1
149 1
150 1
151 1
152 2
153 1
154 1
155 15
156 1
157 1
158 3
159 6
160 2
161 1
162 1
163 1
164 1
165 1
166 1
167 3
168 1
169 1
170 1
171 1
172 1
173 1
174 1
175 1
176 1
177 1
178 4
179 1
180 1
181 2
182 2
183 1
184 1
185 1
186 1
187 1
188 1
189 1
190 1
191 1
192 1
193 1
194 1
195 1
196 1
197 1
198 1
199 1
200 5
201 1
202 5
203 1
204 2
205 1
206 1
207 1
208 1
209 2
210 1
211 1
212 1
213 1
214 1
215 1
216 1
217 3
218 3
219 1
220 5
221 10
222 1
223 1
224 6
225 1
226 2
227 1
228 1
229 2
230 2
231 1
232 7
233 1
234 4
235 1
236 2
237 1
238 1
239 2
240 2
241 1
242 1
243 3
244 1
245 6
246 1
247 1
248 1
249 1
250 1
251 49
252 3
253 1
254 1
255 1
256 1
257 3
258 2
259 4
260 1
261 1
262 2
263 2
264 1
265 1
266 1
267 3
268 1
269 1
270 1
271 1
272 1
273 1
274 2
275 1
276 3
277 1
278 1
279 1
280 1
281 1
282 3
283 2
284 1
285 56
286 1
287 6
288 1
289 1
290 1
291 8
292 3
293 1
294 19
295 1
296 1
297 3
298 3
299 1
300 3
301 2
302 1
303 4
304 2
305 3
306 3
307 1
308 2
309 1
310 3
311 2
312 1
313 2
314 1
315 1
316 1
317 2
318 11
319 1
320 1
321 1
322 1
323 7
324 1
325 2
326 1
327 2
328 3
329 1
330 5
331 1
332 1
333 5
334 1
335 1
336 2
337 22
338 1
339 1
340 2
341 1
342 1
343 1
344 1
345 2
346 2
347 2
348 2
349 3
350 1
351 1
352 1
353 2
354 1
355 2
356 13
357 1
358 1
359 1
360 1
361 1
362 4
363 1
364 1
365 2
366 1
367 1
368 1
369 1
370 1
371 14
372 1
373 5
374 1
375 2
376 4
377 1
378 2
379 3
380 3
381 1
382 1
383 1
384 2
385 1
386 1
387 1
388 1
389 2
390 2
391 2
392 1
393 2
394 2
395 1
396 1
397 1
398 1
399 1
400 1
401 1
402 1
403 1
404 1
405 2
406 1
407 1
408 1
409 1
410 6
411 1
412 1
413 1
414 1
415 1
416 1
417 1
418 1
419 1
420 2
421 1
422 1
423 22
424 1
425 2
426 5
427 1
428 2
429 1
430 1
431 1
432 1
433 1
434 1
435 1
436 1
437 14
438 1
439 1
440 1
441 1
442 2
443 1
444 1
445 1
446 9
447 1
448 1
449 1
450 1
451 1
452 1
453 1
454 1
455 1
456 1
457 1
458 1
459 1
460 1
461 1
462 1
463 1
464 1
465 1
466 1
467 1
468 2
469 1
470 1
471 1
472 1
473 3
474 1
475 1
476 1
477 1
478 1
479 2
480 4
481 5
482 2
483 1
484 1
485 1
486 1
487 5
488 1
489 1
490 1
491 1
492 1
493 1
494 4
495 1
496 1
497 1
498 1
499 1
500 1
501 1
502 1
503 1
504 1
505 1
506 1
507 1
508 1
509 1
510 1
511 7
512 1
513 1
514 3
515 2
516 1
517 1
518 2
519 1
520 1
521 1
522 1
523 2
524 4
525 2
526 7
527 1
528 6
529 4
530 1
531 6
532 1
533 1
534 3
535 1
536 1
537 1
538 1
539 1
540 7
541 1
542 3
543 1
544 1
545 1
546 1
547 1
548 17
549 78
550 1
551 2
552 1
553 1
554 1
555 4
556 2
557 2
558 1
559 1
560 1
561 1
562 1
563 1
564 1
565 1
566 8
567 2
568 1
569 1
570 1
571 3
572 2
573 1
574 4
575 4
576 4
577 1
578 1
579 1
580 1
581 1
582 4
583 4
584 1
585 4
586 1
587 1
588 1
589 1
590 1
591 1
592 2
593 1
594 4
595 3
596 1
597 7
598 1
599 1
600 6
601 4
602 2
603 1
604 5
605 1
606 2
607 25
608 1
609 1
610 4
611 7
612 1
613 16
614 1
615 1
616 1
617 6
618 1
619 1
620 1
621 1
622 1
623 1
624 2
625 1
626 1
627 2
628 300
629 1
630 6
631 1
632 1
633 3
634 1
635 1
636 1
637 5
638 1
639 1
640 1
641 1
642 1
643 1
644 1
645 16
646 3
647 1
648 1
649 1
650 1
651 1
652 1
653 1
654 1
655 1
656 2
657 1
658 1
659 1
660 1
661 3
662 1
663 2
664 1
665 1
666 1
667 1
668 3
669 1
670 2
671 1
672 1
673 5
674 1
675 2
676 1
677 1
678 2
679 1
680 1
681 1
682 6
683 1
684 1
685 1
686 9
687 5
688 1
689 1
690 1
691 1
692 1
693 2
694 2
695 1
696 1
697 1
698 1
699 2
700 2
701 1
702 1
703 1
704 8
705 1
706 1
707 1
708 2
709 1
710 1
711 2
712 1
713 1
714 1
715 1
716 6
717 3
718 1
719 1
720 1
721 1
722 4
723 1
724 1
725 1
726 1
727 19
728 1
729 2
730 1
731 6
732 1
733 10
734 1
735 1
736 1
737 1
738 2
739 3
740 1
741 1
742 1
743 1
744 1
745 1
746 1
747 1
748 2
749 1
750 1
751 1
752 6
753 2
754 2
755 1
756 1
757 1
758 1
759 1
760 1
761 1
762 3
763 8
764 1
765 1
766 1
767 1
768 13
769 1
770 1
771 2
772 1
773 1
774 2
775 7
776 1
777 1
778 2
779 3
780 1
781 1
782 1
783 1
784 1
785 1
786 10
787 2
788 1
789 1
790 1
791 1
792 3
793 1
794 2
795 1
796 2
797 1
798 2
799 4
800 2
801 1
802 1
803 1
804 1
805 1
806 1
807 1
808 1
809 2
810 2
811 1
812 1
813 1
814 1
815 2
816 1
817 1
818 1
819 2
820 1
821 1
822 1
823 1
824 1
825 1
826 1
827 1
828 1
829 1
830 2
831 1
832 1
833 1
834 1
835 1
836 1
837 1
838 1
839 1
840 1
841 4
842 2
843 1
844 1
845 1
846 1
847 1
848 1
849 1
850 4
851 6
852 1
853 1
854 1
855 1
856 1
857 1
858 1
859 1
860 1
861 1
862 1
863 2
864 2
865 1
866 1
867 1
868 3
869 1
870 3
871 7
872 3
873 1
874 1
875 1
876 1
877 1
878 1
879 16
880 1
881 2
882 1
883 1
884 1
885 1
886 1
887 1
888 1
889 6
890 1
891 1
892 1
893 1
894 1
895 1
896 1
897 1
898 1
899 1
900 1
901 1
902 1
903 1
904 1
905 2
906 1
907 1
908 1
909 1
910 1
911 13
912 1
913 1
914 9
915 1
916 1
917 2
918 1
919 2
920 2
921 1
922 2
923 1
924 1
925 1
926 3
927 7
928 1
929 3
930 1
931 1
932 1
933 1
934 1
935 1
936 2
937 2
938 2
939 4
940 2
941 1
942 1
943 1
944 1
945 1
946 1
947 2
948 10
949 16
950 2
951 2
952 1
953 4
954 4
955 1
956 1
957 20
958 1
959 2
960 1
961 1
962 1
963 3
964 1
965 1
966 1
967 2
968 1
969 2
970 1
971 1
972 1
973 12
974 1
975 1
976 1
977 1
978 1
979 1
980 1
981 1
982 1
983 2
984 1
985 2
986 4
987 1
988 3
989 1
990 1
991 4
992 1
993 1
994 2
995 1
996 3
997 2
998 1
999 1
1000 1
1001 1
1002 1
1003 2
1004 1
1005 1
1006 7
1007 3
1008 2
1009 1
1010 1
1011 2
1012 1
1013 2
1014 1
1015 1
1016 1
1017 2
1018 1
1019 4
1020 1
1021 2
1022 1
1023 1
1024 1
1025 1
1026 1
1027 1
1028 1
1029 2
1030 8
1031 1
1032 2
1033 1
1034 58
1035 3
1036 1
1037 1
1038 2
1039 2
1040 8
1041 2
1042 6
1043 1
1044 2
1045 1
1046 1
1047 1
1048 1
1049 2
1050 1
1051 1
1052 1
1053 8
1054 1
1055 1
1056 2
1057 1
1058 5
1059 1
1060 1
1061 1
1062 1
1063 1
1064 1
1065 3
1066 1
1067 2
1068 1
1069 2
1070 2
1071 2
1072 1
1073 1
1074 5
1075 1
1076 1
1077 17
1078 1
1079 3
1080 1
1081 1
1082 1
1083 1
1084 1
1085 1
1086 2
1087 115
1088 9
1089 3
1090 4
1091 1
1092 2
1093 2
1094 1
1095 1
1096 1
1097 1
1098 1
1099 1
1100 1
1101 1
1102 1
1103 1
1104 14
1105 2
1106 2
1107 4
1108 1
1109 4
1110 3
1111 1
1112 1
1113 1
1114 1
1115 2
1116 5
1117 10
1118 3
1119 1
1120 1
1121 1
1122 1
1123 1
1124 3
1125 1
1126 1
1127 1
1128 1
1129 1
1130 2
1131 3
1132 1
1133 1
1134 1
1135 1
1136 1
1137 30
1138 1
1139 1
1140 3
1141 5
1142 1
1143 1
1144 1
1145 4
1146 1
1147 1
1148 1
1149 1
1150 2
1151 2
1152 2
1153 1
1154 1
1155 3
1156 1
1157 3
1158 1
1159 3
1160 6
1161 3
1162 1
1163 1
1164 2
1165 1
1166 1
1167 1
1168 7
1169 1
1170 1
1171 3
1172 1
1173 2
1174 1
1175 1
1176 1
1177 1
1178 2
1179 2
1180 1
1181 1
1182 1
1183 1
1184 2
1185 1
1186 53
1187 1
1188 1
1189 1
1190 4
1191 1
1192 2
1193 1
1194 1
1195 3
1196 1
1197 1
1198 2
1199 1
1200 1
1201 2
1202 1
1203 1
1204 1
1205 2
1206 3
1207 1
1208 1
1209 2
1210 3
1211 1
1212 1
1213 1
1214 1
1215 4
1216 1
1217 2
1218 1
1219 2
1220 1
1221 2
1222 1
1223 3
1224 1
1225 1
1226 1
1227 1
1228 2
1229 1
1230 1
1231 3
1232 1
1233 2
1234 1
1235 1
1236 1
1237 1
1238 1
1239 1
1240 1
1241 1
1242 5
1243 5
1244 1
1245 1
1246 3
1247 1
1248 6
1249 2
1250 1
1251 1
1252 1
1253 12
1254 1
1255 1
1256 1
1257 1
1258 2
1259 1
1260 1
1261 1
1262 1
1263 1
1264 1
1265 1
1266 1
1267 1
1268 2
1269 1
1270 1
1271 1
1272 1
1273 1
1274 1
1275 2
1276 2
1277 1
1278 1
1279 2
1280 2
1281 1
1282 1
1283 1
1284 3
1285 1
1286 1
1287 4
1288 1
1289 2
1290 1
1291 1
1292 1
1293 4
1294 1
1295 1
1296 2
1297 1
1298 1
1299 1
1300 1
1301 1
1302 1
1303 1
1304 1
1305 1
1306 30
1307 1
1308 1
1309 2
1310 1
1311 1
1312 1
1313 1
1314 1
1315 1
1316 1
1317 1
1318 1
1319 2
1320 1
1321 1
1322 3
1323 1
1324 1
1325 1
1326 4
1327 1
1328 1
1329 1
1330 1
1331 272
1332 1
1333 1
1334 1
1335 5
1336 1
1337 5
1338 1
1339 2
1340 1
1341 1
1342 2
1343 1
1344 1
1345 1
1346 1
1347 1
1348 1
1349 1
1350 4
1351 2
1352 1
1353 1
1354 2
1355 1
1356 3
1357 1
1358 1
1359 1
1360 3
1361 1
1362 1
1363 1
1364 1
1365 1
1366 1
1367 1
1368 3
1369 1
1370 1
1371 1
1372 1
1373 1
1374 1
1375 1
1376 1
1377 1
1378 1
1379 2
1380 1
1381 2
1382 1
1383 37
1384 1
1385 4
1386 2
1387 2
1388 1
1389 2
1390 1
1391 2
1392 2
1393 1
1394 1
1395 2
1396 1
1397 1
1398 2
1399 1
1400 2
1401 1
1402 1
1403 1
1404 1
1405 1
1406 1
1407 1
1408 1
1409 1
1410 5
1411 1
1412 1
1413 6
1414 2
1415 1
1416 2
1417 2
1418 10
1419 1
1420 1
1421 1
1422 1
1423 1
1424 1
1425 4
1426 1
1427 1
1428 1
1429 1
1430 1
1431 1
1432 1
1433 1
1434 1
1435 1
1436 4
1437 1
1438 1
1439 2
1440 1
1441 1
1442 1
1443 1
1444 5
1445 1
1446 1
1447 2
1448 1
1449 3
1450 49
1451 1
1452 1
1453 1
1454 1
1455 1
1456 1
1457 1
1458 1
1459 1
1460 4
1461 1
1462 1
1463 1
1464 2
1465 2
1466 1
1467 6
1468 1
1469 1
1470 1
1471 1
1472 1
1473 3
1474 1
1475 1
1476 1
1477 1
1478 1
1479 1
1480 4
1481 11
1482 1
1483 1
1484 1
1485 1
1486 1
1487 1
1488 1
1489 1
1490 7
1491 2
1492 1
1493 1
1494 1
1495 1
1496 1
1497 1
1498 1
1499 18
1500 3
1501 1
1502 1
1503 1
1504 1
1505 2
1506 1
1507 1
1508 1
1509 1
1510 1
1511 1
1512 1
1513 1
1514 1
1515 1
1516 1
1517 1
1518 1
1519 3
1520 1
1521 1
1522 1
1523 1
1524 1
1525 1
1526 2
1527 1
1528 1
1529 2
1530 2
1531 1
1532 1
1533 5
1534 3
1535 3
1536 3
1537 1
1538 6
1539 1
1540 1
1541 6
1542 1
1543 6
1544 3
1545 2
1546 1
1547 1
1548 1
1549 4
1550 2
1551 1
1552 1
1553 2
1554 1
1555 3
1556 1
1557 1
1558 1
1559 1
1560 1
1561 1
1562 2
1563 1
1564 2
1565 1
1566 1
1567 3
1568 1
1569 1
1570 1
1571 7
1572 1
1573 1
1574 1
1575 1
1576 1
1577 1
1578 4
1579 1
1580 2
1581 1
1582 1
1583 1
1584 1
1585 1
1586 1
1587 2
1588 1
1589 2
1590 2
1591 2
1592 1
1593 3
1594 1
1595 6
1596 1
1597 1
1598 1
1599 1
1600 1
1601 1
1602 2
1603 1
1604 1
1605 1
1606 1
1607 10
1608 1
1609 1
1610 1
1611 2
1612 3
1613 4
1614 1
1615 1
1616 1
1617 1
1618 1
1619 4
1620 2
1621 1
1622 1
1623 1
1624 1
1625 1
1626 1
1627 1
1628 1
1629 1
1630 1
1631 1
1632 16
1633 1
1634 1
1635 2
1636 3
1637 1
1638 1
1639 1
1640 1
1641 1
1642 6
1643 1
1644 1
1645 1
1646 1
1647 1
1648 4
1649 1
1650 1
1651 2
1652 1
1653 1
1654 1
1655 1
1656 1
1657 1
1658 1
1659 2
1660 2
1661 1
1662 1
1663 2
1664 1
1665 1
1666 4
1667 1
1668 1
1669 1
1670 7
1671 1
1672 1
1673 1
1674 1
1675 4
1676 3
1677 2
1678 1
1679 1
1680 1
1681 1
1682 1
1683 1
1684 2
1685 1
1686 1
1687 4
1688 1
1689 1
1690 2
1691 2
1692 4
1693 2
1694 1
1695 3
1696 1
1697 1
1698 2
1699 2
1700 2
1701 1
1702 1
1703 1
1704 2
1705 2
1706 2
1707 1
1708 1
1709 4
1710 1
1711 2
1712 1
1713 7
1714 4
1715 2
1716 2
1717 1
1718 1
1719 1
1720 1
1721 1
1722 1
1723 1
1724 1
1725 1
1726 4
1727 1
1728 2
1729 19
1730 1
1731 1
1732 1
1733 1
1734 34
1735 1
1736 1
1737 4
1738 17
1739 2
1740 1
1741 1
1742 2
1743 1
1744 2
1745 1
1746 1
1747 1
1748 3
1749 1
1750 1
1751 1
1752 1
1753 2
1754 1
1755 5
1756 2
1757 1
1758 3
1759 1
1760 2
1761 1
1762 2
1763 2
1764 6
1765 8
1766 4
1767 2
1768 1
1769 4
1770 1
1771 2
1772 2
1773 1
1774 1
1775 1
1776 1
1777 1
1778 3
1779 1
1780 2
1781 3
1782 1
1783 1
1784 1
1785 1
1786 1
1787 9
1788 1
1789 1
1790 2
1791 1
1792 1
1793 1
1794 6
1795 1
1796 1
1797 4
1798 1
1799 2
1800 1
1801 1
1802 1
1803 2
1804 1
1805 2
1806 1
1807 4
1808 2
1809 1
1810 3
1811 2
1812 1
1813 1
1814 1
1815 1
1816 2
1817 1
1818 9
1819 4
1820 5
1821 1
1822 6
1823 1
1824 1
1825 1
1826 1
1827 1
1828 4
1829 1
1830 1
1831 3
1832 1
1833 1
1834 3
1835 1
1836 1
1837 2
1838 3
1839 1
1840 1
1841 3
1842 1
1843 2
1844 5
1845 1
1846 1
1847 1
1848 1
1849 1
1850 9
1851 1
1852 1
1853 1
1854 1
1855 1
1856 1
1857 1
1858 1
1859 1
1860 4
1861 1
1862 2
1863 1
1864 1
1865 1
1866 5
1867 1
1868 1
1869 1
1870 1
1871 1
1872 8
1873 1
1874 1
1875 1
1876 4
1877 1
1878 1
1879 1
1880 8
1881 1
1882 1
1883 1
1884 1
1885 1
1886 1
1887 1
1888 2
1889 1
1890 1
1891 1
1892 1
1893 1
1894 1
1895 2
1896 1
1897 7
1898 2
1899 1
1900 1
1901 4
1902 1
1903 1
1904 4
1905 1
1906 1
1907 1
1908 1
1909 2
1910 1
1911 1
1912 2
1913 13
1914 1
1915 1
1916 1
1917 1
1918 1
1919 1
1920 1
1921 1
1922 11
1923 3
1924 3
1925 2
1926 3
1927 1
1928 1
1929 1
1930 5
1931 1
1932 1
1933 1
1934 1
1935 1
1936 1
1937 1
1938 1
1939 2
1940 1
1941 3
1942 1
1943 27
1944 1
1945 1
1946 1
1947 23
1948 1
1949 1
1950 2
1951 1
1952 1
1953 3
1954 31
1955 4
1956 1
1957 6
1958 2
1959 2
1960 1
1961 1
1962 3
1963 1
1964 2
1965 1
1966 5
1967 1
1968 3
1969 1
1970 3
1971 43
1972 2
1973 1
1974 1
1975 1
1976 1
1977 5
1978 1
1979 1
1980 4
1981 1
1982 2
1983 1
1984 1
1985 1
1986 1
1987 1
1988 2
1989 1
1990 4
1991 1
1992 1
1993 1
1994 1
1995 2
1996 1
1997 1
1998 1
1999 1
2000 1
2001 2
2002 1
2003 5
2004 1
2005 1
2006 1
2007 1
2008 9
2009 2
2010 1
2011 1
2012 1
2013 1
2014 1
2015 1
2016 1
2017 1
2018 6
2019 1
2020 2
2021 1
2022 1
2023 1
2024 1
2025 1
2026 1
2027 1
2028 1
2029 4
2030 2
2031 1
2032 2
2033 1
2034 1
2035 2
2036 1
2037 15
2038 1
2039 5
2040 1
2041 1
2042 1
2043 1
2044 2
2045 1
2046 1
2047 1
2048 2
2049 2
2050 5
2051 1
2052 3
2053 3
2054 1
2055 1
2056 20
2057 4
2058 2
2059 1
2060 1
2061 2
2062 6
2063 1
2064 1
2065 1
2066 2
2067 6
2068 1
2069 9
2070 2
2071 1
2072 1
2073 1
2074 1
2075 1
2076 1
2077 1
2078 1
2079 1
2080 1
2081 1
2082 1
2083 1
2084 1
2085 1
2086 1
2087 1
2088 1
2089 2
2090 1
2091 44
2092 1
2093 1
2094 1
2095 1
2096 1
2097 1
2098 2
2099 1
2100 1
2101 1
2102 2
2103 1
2104 1
2105 5
2106 1
2107 1
2108 1
2109 1
2110 1
2111 7
2112 11
2113 1
2114 1
2115 1
2116 2
2117 6
2118 1
2119 6
2120 1
2121 1
2122 1
2123 1
2124 1
2125 1
2126 3
2127 1
2128 1
2129 3
2130 2
2131 1
2132 3
2133 7
2134 2
2135 1
2136 2
2137 413
2138 2
2139 1
2140 1
2141 1
2142 1
2143 1
2144 1
2145 1
2146 1
2147 1
2148 1
2149 1
2150 1
2151 1
2152 2
2153 1
2154 1
2155 1
2156 1
2157 1
2158 1
2159 1
2160 2
2161 1
2162 1
2163 3
2164 5
2165 3
2166 2
2167 2
2168 1
2169 1
2170 1
2171 1
2172 1
2173 1
2174 1
2175 1
2176 2
2177 3
2178 2
2179 1
2180 5
2181 5
2182 2
2183 1
2184 1
2185 1
2186 4
2187 2
2188 1
2189 1
2190 2
2191 2
2192 9
2193 2
2194 1
2195 1
2196 1
2197 1
2198 8
2199 1
2200 2
2201 1
2202 1
2203 2
2204 6
2205 1
2206 1
2207 3
2208 1
2209 1
2210 1
2211 3
2212 1
2213 4
2214 1
2215 1
2216 1
2217 1
2218 1
2219 1
2220 1
2221 1
2222 1
2223 1
2224 1
2225 1
2226 1
2227 1
2228 2
2229 1
2230 1
2231 1
2232 1
2233 10
2234 4
2235 1
2236 1
2237 1
2238 4
2239 1
2240 10
2241 1
2242 1
2243 1
2244 2
2245 1
2246 1
2247 1
2248 1
2249 1
2250 1
2251 1
2252 1
2253 1
2254 1
2255 1
2256 1
2257 2
2258 2
2259 1
2260 1
2261 1
2262 2
2263 1
2264 5
2265 2
2266 1
2267 5
2268 2
2269 2
2270 1
2271 1
2272 1
2273 2
2274 2
2275 5
2276 1
2277 1
2278 1
2279 5
2280 2
2281 1
2282 1
2283 10
2284 1
2285 1
2286 1
2287 1
2288 4
2289 1
2290 1
2291 1
2292 1
2293 1
2294 1
2295 2
2296 1
2297 1
2298 1
2299 5
2300 3
2301 1
2302 1
2303 1
2304 1
2305 1
2306 4
2307 4
2308 7
2309 1
2310 1
2311 1
2312 2
2313 4
2314 1
2315 1
2316 1
2317 1
2318 1
2319 1
2320 1
2321 1
2322 1
2323 1
2324 2
2325 3
2326 2
2327 1
2328 1
2329 1
2330 1
2331 1
2332 8
2333 1
2334 1
2335 2
2336 2
2337 2
2338 1
2339 1
2340 1
2341 1
2342 1
2343 1
2344 1
2345 1
2346 1
2347 1
2348 1
2349 3
2350 1
2351 1
2352 1
2353 1
2354 9
2355 1
2356 5
2357 1
2358 1
2359 2
2360 1
2361 1
2362 1
2363 3
2364 1
2365 1
2366 1
2367 1
2368 1
2369 1
2370 1
2371 1
2372 1
2373 1
2374 1
2375 1
2376 2
2377 1
2378 2
2379 1
2380 1
2381 3
2382 3
2383 3
2384 5
2385 1
2386 1
2387 1
2388 1
2389 6
2390 1
2391 1
2392 1
2393 1
2394 1
2395 1
2396 1
2397 18
2398 1
2399 3
2400 1
2401 1
2402 2
2403 1
2404 1
2405 1
2406 1
2407 1
2408 1
2409 1
2410 1
2411 2
2412 2
2413 1
2414 1
2415 1
2416 1
2417 3
2418 1
2419 1
2420 1
2421 1
2422 2
2423 2
2424 1
2425 4
2426 2
2427 1
2428 1
2429 1
2430 1
2431 17
2432 1
2433 2
2434 1
2435 10
2436 1
2437 7
2438 1
2439 1
2440 1
2441 1
2442 4
2443 1
2444 2
2445 1
2446 1
2447 4
2448 2
2449 1
2450 203
2451 2
2452 1
2453 1
2454 6
2455 1
2456 2
2457 44
2458 8
2459 1
2460 2
2461 1
2462 1
2463 2
2464 1
2465 3
2466 2
2467 1
2468 2
2469 1
2470 1
2471 1
2472 5
2473 1
2474 1
2475 84
2476 1
2477 1
2478 5
2479 3
2480 2
2481 1
2482 3
2483 2
2484 1
2485 1
2486 2
2487 1
2488 1
2489 2
2490 8
2491 1
2492 1
2493 1
2494 1
2495 1
2496 1
2497 1
2498 9
2499 1
2500 2
2501 1
2502 1
2503 2
2504 1
2505 1
2506 1
2507 1
2508 1
2509 2
2510 1
2511 1
2512 16
2513 1
2514 1
2515 11
2516 1
2517 1
2518 1
2519 1
2520 1
2521 2
2522 3
2523 1
2524 1
2525 1
2526 1
2527 1
2528 1
2529 1
2530 1
2531 5
2532 2
2533 1
2534 1
2535 1
2536 1
2537 27
2538 1
2539 1
2540 6
2541 1
2542 1
2543 1
2544 1
2545 1
2546 1
2547 1
2548 1
2549 6
2550 4
2551 1
2552 1
2553 1
2554 1
2555 1
2556 3
2557 1
2558 1
2559 1
2560 1
2561 1
2562 4
2563 2
2564 1
2565 2
2566 2
2567 2
2568 5
2569 1
2570 1
2571 3
2572 1
2573 1
2574 1
2575 1
2576 1
2577 2
2578 1
2579 1
2580 8
2581 1
2582 1
2583 1
2584 1
2585 1
2586 1
2587 1
2588 1
2589 1
2590 1
2591 12
2592 1
2593 1
2594 1
2595 8
2596 2
2597 1
2598 18
2599 2
2600 1
2601 1
2602 1
2603 1
2604 1
2605 1
2606 1
2607 2
2608 3
2609 1
2610 1
2611 1
2612 1
2613 51
2614 1
2615 1
2616 1
2617 1
2618 1
2619 1
2620 6
2621 2
2622 1
2623 2
2624 2
2625 1
2626 2
2627 1
2628 1
2629 1
2630 4
2631 1
2632 8
2633 2
2634 1
2635 1
2636 1
2637 1
2638 1
2639 1
2640 1
2641 1
2642 1
2643 1
2644 1
2645 1
2646 1
2647 1
2648 2
2649 4
2650 1
2651 1
2652 1
2653 1
2654 1
2655 1
2656 1
2657 1
2658 4
2659 3
2660 1
2661 1
2662 1
2663 3
2664 1
2665 1
2666 4
2667 2
2668 1
2669 1
2670 2
2671 1
2672 2
2673 1
2674 1
2675 1
2676 1
2677 1
2678 2
2679 24
2680 4
2681 1
2682 1
2683 2
2684 1
2685 1
2686 1
2687 3
2688 1
2689 1
2690 1
2691 1
2692 1
2693 3
2694 1
2695 1
2696 1
2697 1
2698 2
2699 1
2700 1
2701 1
2702 1
2703 1
2704 1
2705 2
2706 1
2707 1
2708 1
2709 1
2710 1
2711 1
2712 2
2713 1
2714 3
2715 1
2716 1
2717 1
2718 1
2719 1
2720 1
2721 1
2722 1
2723 1
2724 1
2725 1
2726 1
2727 1
2728 1
2729 1
2730 1
2731 1
2732 1
2733 16
2734 1
2735 1
2736 1
2737 3
2738 2
2739 1
2740 2
2741 1
2742 1
2743 2
2744 1
2745 1
2746 1
2747 1
2748 1
2749 1
2750 1
2751 6
2752 1
2753 1
2754 1
2755 1
2756 9
2757 1
2758 1
2759 3
2760 9
2761 1
2762 6
2763 1
2764 1
2765 12
2766 2
2767 1
2768 1
2769 2
2770 1
2771 1
2772 1
2773 2
2774 1
2775 1
2776 1
2777 1
2778 1
2779 1
2780 2
2781 4
2782 24
2783 1
2784 1
2785 1
2786 1
2787 1
2788 1
2789 2
2790 1
2791 1
2792 1
2793 1
2794 1
2795 1
2796 1
2797 1
2798 5
2799 2
2800 1
2801 1
2802 1
2803 1
2804 1
2805 1
2806 1
2807 1
2808 1
2809 1
2810 7
2811 1
2812 1
2813 1
2814 1
2815 1
2816 3
2817 1
2818 1
2819 1
2820 10
2821 1
2822 1
2823 1
2824 8
2825 1
2826 1
2827 1
2828 1
2829 5
2830 1
2831 3
2832 1
2833 1
2834 1
2835 2
2836 1
2837 4
2838 3
2839 1
2840 3
2841 1
2842 1
2843 1
2844 8
2845 1
2846 1
2847 2
2848 2
2849 1
2850 1
2851 1
2852 2
2853 1
2854 1
2855 3
2856 56
2857 1
2858 1
2859 1
2860 1
2861 1
2862 1
2863 4
2864 1
2865 1
2866 1
2867 1
2868 1
2869 1
2870 1
2871 1
2872 4
2873 1
2874 27
2875 32
2876 13
2877 2
2878 2
2879 1
2880 15
2881 1
2882 2
2883 1
2884 1
2885 1
2886 1
2887 1
2888 5
2889 1
2890 1
2891 1
2892 1
2893 2
2894 1
2895 1
2896 2
2897 2
2898 1
2899 1
2900 1
2901 1
2902 1
2903 1
2904 1
2905 2
2906 3
2907 1
2908 2
2909 1
2910 1
2911 1
2912 1
2913 1
2914 1
2915 1
2916 1
2917 2
2918 1
2919 1
2920 1
2921 1
2922 1
2923 1
2924 2
2925 1
2926 5
2927 1
2928 1
2929 1
2930 2
2931 3
2932 2
2933 1
2934 1
2935 1
2936 2
2937 1
2938 1
2939 4
2940 9
2941 1
2942 1
2943 1
2944 2
2945 263
2946 1
2947 1
2948 1
2949 1
2950 1
2951 1
2952 1
2953 1
2954 1
2955 1
2956 1
2957 1
2958 1
2959 1
2960 1
2961 1
2962 8
2963 1
2964 1
2965 2
2966 1
2967 1
2968 5
2969 1
2970 2
2971 1
2972 2
2973 1
2974 2
2975 1
2976 1
2977 2
2978 1
2979 1
2980 1
2981 2
2982 1
2983 1
2984 1
2985 1
2986 5
2987 1
2988 1
2989 1
2990 1
2991 1
2992 1
2993 2
2994 1
2995 1
2996 1
2997 1
2998 1
2999 2
3000 1
3001 1
3002 3
3003 1
3004 1
3005 1
3006 1
3007 1
3008 1
3009 1
3010 1
3011 1
3012 1
3013 1
3014 1
3015 2
3016 1
3017 3
3018 2
3019 4
3020 1
3021 2
3022 4
3023 3
3024 1
3025 1
3026 3
3027 1
3028 1
3029 1
3030 1
3031 1
3032 3
3033 5
3034 1
3035 1
3036 1
3037 1
3038 1
3039 1
3040 5
3041 3
3042 1
3043 2
3044 2
3045 2
3046 1
3047 1
3048 31
3049 1
3050 3
3051 1
3052 1
3053 1
3054 4
3055 1
3056 1
3057 1
3058 9
3059 1
3060 1
3061 2
3062 3
3063 3
3064 1
3065 1
3066 1
3067 1
3068 1
3069 7
3070 1
3071 1
3072 2
3073 1
3074 1
3075 7
3076 8
3077 1
3078 4
3079 1
3080 1
3081 1
3082 2
3083 1
3084 1
3085 2
3086 1
3087 1
3088 1
3089 1
3090 6
3091 1
3092 1
3093 1
3094 1
3095 4
3096 4
3097 1
3098 6
3099 1
3100 1
3101 1
3102 1
3103 1
3104 1
3105 3
3106 1
3107 1
3108 3
3109 5
3110 3
3111 3
3112 1
3113 1
3114 1
3115 1
3116 1
3117 1
3118 3
3119 1
3120 1
3121 2
3122 1
3123 1
3124 1
3125 1
3126 1
3127 2
3128 1
3129 1
3130 25
3131 12
3132 2
3133 1
3134 1
3135 1
3136 1
3137 1
3138 1
3139 1
3140 1
3141 5
3142 4
3143 1
3144 1
3145 1
3146 2
3147 2
3148 1
3149 2
3150 1
3151 2
3152 1
3153 2
3154 1
3155 1
3156 1
3157 1
3158 1
3159 1
3160 1
3161 2
3162 4
3163 2
3164 2
3165 2
3166 10
3167 1
3168 3
3169 1
3170 2
3171 3
3172 1
3173 1
3174 1
3175 1
3176 2
3177 1
3178 1
3179 1
3180 1
3181 3
3182 3
3183 1
3184 1
3185 1
3186 1
3187 1
3188 1
3189 2
3190 5
3191 1
3192 1
3193 27
3194 1
3195 2
3196 1
3197 21
3198 1
3199 1
3200 1
3201 1
3202 1
3203 1
3204 1
3205 1
3206 1
3207 1
3208 1
3209 1
3210 1
3211 1
3212 14
3213 1
3214 2
3215 8
3216 1
3217 1
3218 1
3219 5
3220 1
3221 1
3222 6
3223 1
3224 2
3225 1
3226 1
3227 1
3228 1
3229 29
3230 1
3231 1
3232 1
3233 1
3234 3
3235 2
3236 1
3237 1
3238 2
3239 1
3240 2
3241 1
3242 3
3243 1
3244 1
3245 2
3246 1
3247 1
3248 1
3249 1
3250 1
3251 1
3252 1
3253 1
3254 1
3255 1
3256 1
3257 1
3258 1
3259 2
3260 1
3261 2
3262 1
3263 1
3264 1
3265 4
3266 2
3267 5
3268 1
3269 4
3270 1
3271 2
3272 1
3273 1
3274 5
3275 11
3276 1
3277 3
3278 1
3279 1
3280 1
3281 3
3282 1
3283 1
3284 2
3285 2
3286 1
3287 1
