0 1248
1 32
2 1
3 1
4 1
5 1
6 1
7 1
8 1
9 1
10 1
11 1
12 3
13 1
14 1
15 1
16 1
17 1
18 1
19 1
20 1
21 1
22 10
23 2
24 2
25 1
26 1
27 1
28 1
29 1
30 1
31 1
32 1
33 1
34 1
35 3
36 1
37 1
38 1
39 1
40 1
41 1
42 1
43 1
44 2
45 1
46 1
47 1
48 1
49 2
50 1
51 5
52 1
53 1
54 1
55 5
56 3
57 1
58 34
59 1
60 2
61 1
62 2
63 3
64 1
65 1
66 1
67 3
68 2
69 1
70 1
71 1
72 1
73 1
74 1
75 2
76 1
77 1
78 1
79 1
80 1
81 1
82 2
83 1
84 1
85 1
86 38
87 1
88 1
89 1
90 1
91 2
92 1
93 2
94 4
95 1
96 1
97 1
98 1
99 11
100 1
101 3
102 3
103 1
104 1
105 2
106 1
107 1
108 1
109 1
110 2
111 6
112 2
113 2
114 1
115 1
116 1
117 1
118 2
119 1
120 1
121 6
122 1
123 2
124 1
125 1
126 1
127 4
128 1
129 1
130 1
131 1
132 4
133 3
134 1
135 3
136 7
137 1
138 1
139 1
140 3
141 3
142 1
143 1
144 3
145 1
146 1
147 1
148 1
149 1
150 1
151 1
152 2
153 1
154 1
155 1
156 1
157 1
158 1
159 1
160 4
161 1
162 1
163 1
164 1
165 3
166 1
167 1
168 1
169 1
170 1
171 2
172 1
173 9
174 2
175 5
176 1
177 1
178 4
179 2
180 2
181 1
182 1
183 2
184 1
185 4
186 1
187 1
188 2
189 1
190 2
191 1
192 3
193 1
194 3
195 1
196 1
197 1
198 1
199 1
200 1
201 2
202 4
203 1
204 4
205 1
206 6
207 1
208 1
209 1
210 1
211 1
212 7
213 1
214 1
215 1
216 5
217 1
218 5
219 2
220 1
221 1
222 1
223 34
224 1
225 1
226 1
227 1
228 1
229 1
230 1
231 3
232 3
233 1
234 1
235 1
236 1
237 1
238 1
239 1
240 1
241 1
242 2
243 1
244 1
245 1
246 1
247 1
248 1
249 1
250 1
251 1
252 1
253 2
254 1
255 3
256 2
257 3
258 1
259 1
260 3
261 49
262 2
263 1
264 8
265 1
266 13
267 1
268 1
269 4
270 2
271 1
272 16
273 1
274 1
275 1
276 1
277 1
278 1
279 1
280 1
281 5
282 4
283 1
284 1
285 5
286 14
287 1
288 1
289 2
290 1
291 1
292 2
293 1
294 1
295 3
296 1
297 1
298 3
299 3
300 1
301 3
302 1
303 1
304 1
305 1
306 1
307 2
308 1
309 2
310 2
311 2
312 3
313 1
314 1
315 1
316 1
317 14
318 1
319 1
320 3
321 1
322 1
323 7
324 1
325 3
326 1
327 1
328 1
329 1
330 1
331 1
332 1
333 1
334 1
335 1
336 1
337 1
338 9
339 2
340 1
341 1
342 1
343 1
344 1
345 1
346 1
347 1
348 1
349 3
350 1
351 13
352 1
353 2
354 1
355 1
356 9
357 1
358 1
359 1
360 1
361 1
362 1
363 1
364 1
365 1
366 1
367 3
368 1
369 1
370 1
371 1
372 1
373 1
374 1
375 1
376 1
377 1
378 1
379 1
380 1
381 1
382 3
383 3
384 2
385 1
386 1
387 1
388 4
389 1
390 1
391 2
392 1
393 1
394 2
395 1
396 1
397 1
398 1
399 2
400 2
401 1
402 5
403 15
404 2
405 5
406 1
407 1
408 1
409 1
410 2
411 2
412 1
413 1
414 1
415 1
416 1
417 2
418 3
419 1
420 1
421 1
422 3
423 1
424 1
425 1
426 2
427 1
428 1
429 1
430 2
431 1
432 1
433 1
434 1
435 1
436 1
437 12
438 1
439 1
440 1
441 1
442 1
443 2
444 2
445 1
446 1
447 1
448 1
449 1
450 2
451 2
452 1
453 1
454 2
455 1
456 1
457 1
458 1
459 1
460 1
461 1
462 1
463 47
464 1
465 2
466 1
467 1
468 1
469 2
470 1
471 1
472 1
473 1
474 1
475 3
476 1
477 2
478 4
479 1
480 1
481 1
482 1
483 2
484 2
485 2
486 1
487 1
488 2
489 1
490 1
491 1
492 1
493 4
494 4
495 1
496 1
497 1
498 3
499 1
500 1
501 3
502 3
503 6
504 14
505 1
506 1
507 1
508 2
509 1
510 1
511 1
512 1
513 1
514 1
515 2
516 1
517 17
518 30
519 2
520 1
521 2
522 1
523 1
524 1
525 2
526 1
527 1
528 1
529 1
530 1
531 2
532 4
533 2
534 1
535 1
536 1
537 14
538 1
539 2
540 1
541 1
542 1
543 3
544 1
545 10
546 5
547 12
548 2
549 1
550 1
551 1
552 8
553 1
554 1
555 1
556 1
557 9
558 1
559 1
560 1
561 1
562 1
563 5
564 7
565 1
566 1
567 1
568 1
569 2
570 1
571 1
572 1
573 4
574 2
575 4
576 1
577 1
578 1
579 1
580 1
581 1
582 4
583 1
584 1
585 8
586 2
587 1
588 1
589 1
590 1
591 17
592 1
593 1
594 1
595 2
596 268
597 2
598 12
599 1
600 1
601 1
602 2
603 5
604 1
605 2
606 2
607 1
608 3
609 1
610 1
611 1
612 25
613 1
614 1
615 1
616 2
617 1
618 1
619 1
620 5
621 1
622 1
623 2
624 1
625 1
626 1
627 1
628 1
629 3
630 1
631 3
632 2
633 2
634 2
635 5
636 2
637 2
638 2
639 1
640 1
641 34
642 1
643 1
644 1
645 5
646 1
647 2
648 1
649 101
650 1
651 1
652 1
653 8
654 1
655 2
656 1
657 1
658 1
659 4
660 1
661 1
662 1
663 4
664 1
665 1
666 1
667 3
668 1
669 1
670 1
671 3
672 2
673 36
674 1
675 1
676 1
677 1
678 1
679 3
680 1
681 1
682 4
683 1
684 2
685 3
686 1
687 1
688 4
689 1
690 1
691 1
692 1
693 1
694 1
695 1
696 1
697 1
698 1
699 1
700 1
701 2
702 1
703 1
704 1
705 1
706 1
707 1
708 4
709 3
710 17
711 1
712 1
713 1
714 1
715 1
716 1
717 1
718 1
719 1
720 1
721 5
722 1
723 1
724 1
725 1
726 1
727 5
728 1
729 1
730 2
731 1
732 1
733 2
734 1
735 1
736 1
737 1
738 3
739 5
740 1
741 1
742 1
743 1
744 1
745 1
746 1
747 1
748 1
749 1
750 2
751 1
752 1
753 1
754 2
755 1
756 1
757 2
758 1
759 1
760 1
761 1
762 1
763 2
764 1
765 1
766 1
767 1
768 1
769 1
770 1
771 5
772 1
773 2
774 1
775 1
776 1
777 1
778 1
779 2
780 1
781 1
782 1
783 6
784 2
785 1
786 4
787 1
788 1
789 1
790 1
791 2
792 1
793 1
794 2
795 8
796 1
797 1
798 1
799 2
800 1
801 3
802 1
803 2
804 21
805 1
806 20
807 1
808 1
809 1
810 4
811 2
812 3
813 1
814 1
815 5
816 2
817 1
818 4
819 1
820 1
821 3
822 1
823 1
824 2
825 1
826 1
827 1
828 2
829 1
830 1
831 1
832 2
833 1
834 5
835 1
836 1
837 1
838 2
839 1
840 1
841 2
842 1
843 10
844 1
845 1
846 7
847 5
848 1
849 2
850 1
851 6
852 1
853 6
854 6
855 2
856 1
857 1
858 2
859 1
860 1
861 1
862 1
863 1
864 1
865 1
866 3
867 1
868 1
869 1
870 1
871 1
872 7
873 1
874 1
875 1
876 1
877 1
878 1
879 2
880 1
881 1
882 1
883 1
884 11
885 2
886 2
887 3
888 1
889 1
890 1
891 1
892 17
893 1
894 1
895 2
896 1
897 1
898 1
899 1
900 2
901 1
902 1
903 1
904 17
905 1
906 1
907 1
908 1
909 4
910 8
911 1
912 2
913 1
914 1
915 1
916 1
917 1
918 1
919 4
920 1
921 1
922 1
923 1
924 1
925 2
926 1
927 2
928 1
929 1
930 3
931 1
932 2
933 4
934 1
935 2
936 1
937 4
938 3
939 1
940 1
941 1
942 1
943 2
944 1
945 1
946 1
947 2
948 6
949 2
950 4
951 1
952 6
953 1
954 2
955 1
956 1
957 1
958 1
959 2
960 7
961 1
962 2
963 1
964 1
965 1
966 1
967 1
968 2
969 1
970 2
971 1
972 2
973 1
974 1
975 1
976 1
977 2
978 2
979 1
980 3
981 1
982 24
983 17
984 1
985 3
986 2
987 4
988 1
989 4
990 3
991 2
992 1
993 1
994 4
995 1
996 1
997 1
998 1
999 1
1000 1
1001 1
1002 1
1003 1
1004 4
1005 1
1006 1
1007 1
1008 1
1009 9
1010 1
1011 3
1012 4
1013 1
1014 1
1015 9
1016 3
1017 1
1018 1
1019 1
1020 1
1021 1
1022 1
1023 1
1024 1
1025 1
1026 2
1027 1
1028 1
1029 2
1030 1
1031 3
1032 1
1033 1
1034 1
1035 1
1036 1
1037 2
1038 5
1039 2
1040 1
1041 25
1042 1
1043 1
1044 1
1045 1
1046 1
1047 5
1048 8
1049 6
1050 1
1051 1
1052 1
1053 1
1054 1
1055 1
1056 4
1057 4
1058 1
1059 2
1060 2
1061 7
1062 2
1063 1
1064 1
1065 2
1066 3
1067 3
1068 1
1069 2
1070 3
1071 1
1072 6
1073 1
1074 2
1075 1
1076 1
1077 2
1078 1
1079 3
1080 1
1081 1
1082 2
1083 1
1084 1
1085 1
1086 1
1087 1
1088 1
1089 4
1090 1
1091 3
1092 1
1093 2
1094 1
1095 1
1096 1
1097 2
1098 1
1099 1
1100 2
1101 1
1102 1
1103 1
1104 3
1105 1
1106 1
1107 1
1108 2
1109 1
1110 1
1111 2
1112 1
1113 2
1114 3
1115 1
1116 1
1117 1
1118 1
1119 1
1120 1
1121 1
1122 1
1123 1
1124 6
1125 1
1126 1
1127 1
1128 2
1129 2
1130 1
1131 1
1132 6
1133 1
1134 1
1135 2
1136 5
1137 1
1138 1
1139 1
1140 1
1141 1
1142 1
1143 1
1144 1
1145 21
1146 1
1147 1
1148 2
1149 2
1150 1
1151 2
1152 1
1153 4
1154 1
1155 1
1156 1
1157 1
1158 2
1159 1
1160 1
1161 1
1162 7
1163 1
1164 3
1165 2
1166 1
1167 1
1168 1
1169 3
1170 1
1171 1
1172 2
1173 1
1174 1
1175 2
1176 3
1177 1
1178 1
1179 1
1180 2
1181 2
1182 1
1183 34
1184 5
1185 1
1186 3
1187 1
1188 1
1189 1
1190 1
1191 1
1192 3
1193 1
1194 1
1195 2
1196 1
1197 1
1198 1
1199 1
1200 2
1201 1
1202 1
1203 2
1204 1
1205 1
1206 1
1207 1
1208 1
1209 1
1210 1
1211 1
1212 3
1213 4
1214 1
1215 1
1216 3
1217 1
1218 1
1219 2
1220 1
1221 1
1222 1
1223 1
1224 244
1225 1
1226 2
1227 1
1228 1
1229 4
1230 1
1231 1
1232 1
1233 1
1234 1
1235 2
1236 1
1237 1
1238 2
1239 1
1240 1
1241 1
1242 1
1243 1
1244 2
1245 1
1246 1
1247 1
1248 6
1249 1
1250 1
1251 1
1252 3
1253 1
1254 6
1255 1
1256 1
1257 3
1258 3
1259 1
1260 1
1261 1
1262 1
1263 1
1264 2
1265 1
1266 1
1267 35
1268 1
1269 2
1270 1
1271 1
1272 1
1273 1
1274 1
1275 1
1276 2
1277 1
1278 2
1279 1
1280 1
1281 1
1282 1
1283 1
1284 1
1285 4
1286 2
1287 1
1288 2
1289 1
1290 2
1291 1
1292 5
1293 1
1294 1
1295 1
1296 1
1297 1
1298 1
1299 1
1300 1
1301 1
1302 4
1303 1
1304 9
1305 6
1306 1
1307 1
1308 3
1309 1
1310 1
1311 1
1312 1
1313 1
1314 1
1315 1
1316 9
1317 2
1318 1
1319 1
1320 3
1321 1
1322 1
1323 1
1324 1
1325 2
1326 1
1327 1
1328 1
1329 1
1330 5
1331 1
1332 1
1333 1
1334 1
1335 4
1336 1
1337 42
1338 1
1339 1
1340 1
1341 2
1342 1
1343 1
1344 1
1345 1
1346 1
1347 1
1348 1
1349 1
1350 1
1351 1
1352 1
1353 1
1354 1
1355 1
1356 1
1357 1
1358 1
1359 3
1360 1
1361 1
1362 2
1363 1
1364 3
1365 15
1366 1
1367 2
1368 1
1369 2
1370 6
1371 1
1372 1
1373 8
1374 1
1375 2
1376 14
1377 1
1378 1
1379 2
1380 1
1381 1
1382 2
1383 2
1384 1
1385 1
1386 2
1387 1
1388 1
1389 1
1390 1
1391 4
1392 1
1393 3
1394 1
1395 1
1396 1
1397 1
1398 1
1399 1
1400 1
1401 1
1402 1
1403 1
1404 3
1405 1
1406 1
1407 2
1408 8
1409 2
1410 2
1411 2
1412 1
1413 6
1414 1
1415 1
1416 1
1417 2
1418 2
1419 2
1420 5
1421 2
1422 2
1423 2
1424 1
1425 1
1426 1
1427 1
1428 2
1429 2
1430 1
1431 3
1432 1
1433 2
1434 1
1435 1
1436 3
1437 1
1438 1
1439 1
1440 1
1441 1
1442 1
1443 1
1444 5
1445 3
1446 1
1447 4
1448 1
1449 1
1450 1
1451 5
1452 1
1453 1
1454 2
1455 1
1456 1
1457 1
1458 2
1459 1
1460 1
1461 1
1462 7
1463 4
1464 1
1465 1
1466 1
1467 7
1468 1
1469 1
1470 1
1471 2
1472 3
1473 1
1474 1
1475 1
1476 1
1477 3
1478 1
1479 1
1480 1
1481 1
1482 1
1483 1
1484 1
1485 3
1486 1
1487 2
1488 2
1489 1
1490 1
1491 6
1492 1
1493 2
1494 1
1495 1
1496 9
1497 1
1498 1
1499 1
1500 18
1501 1
1502 1
1503 2
1504 1
1505 3
1506 1
1507 1
1508 1
1509 1
1510 1
1511 1
1512 2
1513 1
1514 3
1515 1
1516 1
1517 2
1518 2
1519 1
1520 1
1521 2
1522 3
1523 1
1524 2
1525 2
1526 4
1527 1
1528 1
1529 1
1530 1
1531 1
1532 2
1533 1
1534 1
1535 2
1536 1
1537 1
1538 1
1539 1
1540 9
1541 1
1542 1
1543 1
1544 1
1545 1
1546 1
1547 1
1548 1
1549 2
1550 1
1551 2
1552 1
1553 1
1554 1
1555 2
1556 2
1557 1
1558 1
1559 1
1560 1
1561 2
1562 1
1563 1
1564 1
1565 2
1566 1
1567 2
1568 2
1569 1
1570 4
1571 1
1572 1
1573 2
1574 1
1575 1
1576 4
1577 2
1578 1
1579 1
1580 1
1581 1
1582 1
1583 1
1584 1
1585 1
1586 1
1587 1
1588 6
1589 5
1590 1
1591 1
1592 2
1593 1
1594 19
1595 3
1596 1
1597 35
1598 1
1599 1
1600 1
1601 8
1602 2
1603 1
1604 2
1605 1
1606 1
1607 2
1608 2
1609 1
1610 1
1611 1
1612 2
1613 1
1614 1
1615 1
1616 2
1617 2
1618 1
1619 4
1620 1
1621 1
1622 1
1623 1
1624 1
1625 1
1626 6
1627 1
1628 4
1629 1
1630 1
1631 1
1632 2
1633 2
1634 1
1635 1
1636 1
1637 1
1638 3
1639 2
1640 1
1641 1
1642 1
1643 1
1644 2
1645 3
1646 2
1647 1
1648 1
1649 5
1650 1
1651 1
1652 4
1653 1
1654 4
1655 1
1656 1
1657 1
1658 1
1659 7
1660 1
1661 1
1662 1
1663 1
1664 2
1665 1
1666 2
1667 1
1668 1
1669 1
1670 1
1671 1
1672 1
1673 1
1674 1
1675 1
1676 1
1677 1
1678 5
1679 1
1680 2
1681 1
1682 1
1683 1
1684 2
1685 1
1686 1
1687 1
1688 1
1689 4
1690 1
1691 1
1692 1
1693 13
1694 1
1695 1
1696 2
1697 1
1698 4
1699 1
1700 29
1701 3
1702 1
1703 3
1704 1
1705 1
1706 1
1707 1
1708 1
1709 1
1710 1
1711 2
1712 2
1713 1
1714 2
1715 1
1716 1
1717 1
1718 1
1719 1
1720 13
1721 1
1722 1
1723 1
1724 2
1725 18
1726 1
1727 1
1728 1
1729 1
1730 1
1731 1
1732 1
1733 7
1734 2
1735 1
1736 3
1737 5
1738 1
1739 1
1740 1
1741 6
1742 3
1743 1
1744 1
1745 1
1746 2
1747 1
1748 1
1749 1
1750 1
1751 1
1752 1
1753 1
1754 1
1755 1
1756 1
1757 1
1758 3
1759 4
1760 1
1761 1
1762 1
1763 1
1764 5
1765 2
1766 1
1767 1
1768 1
1769 1
1770 2
1771 1
1772 1
1773 1
1774 1
1775 1
1776 3
1777 1
1778 2
1779 27
1780 2
1781 1
1782 2
1783 1
1784 1
1785 5
1786 1
1787 1
1788 3
1789 1
1790 1
1791 1
1792 2
1793 1
1794 1
1795 1
1796 1
1797 1
1798 1
1799 1
1800 1
1801 1
1802 1
1803 2
1804 4
1805 1
1806 1
1807 4
1808 2
1809 2
1810 1
1811 1
1812 1
1813 1
1814 1
1815 24
1816 1
1817 4
1818 1
1819 1
1820 1
1821 1
1822 1
1823 1
1824 5
1825 1
1826 1
1827 3
1828 1
1829 1
1830 2
1831 7
1832 48
1833 2
1834 1
1835 1
1836 1
1837 1
1838 1
1839 5
1840 1
1841 1
1842 1
1843 4
1844 1
1845 1
1846 1
1847 5
1848 1
1849 2
1850 1
1851 1
1852 1
1853 1
1854 1
1855 1
1856 1
1857 2
1858 1
1859 2
1860 4
1861 2
1862 8
1863 1
1864 1
1865 1
1866 3
1867 1
1868 1
1869 1
1870 1
1871 1
1872 1
1873 1
1874 1
1875 1
1876 1
1877 1
1878 4
1879 1
1880 2
1881 1
1882 1
1883 1
1884 1
1885 1
1886 1
1887 1
1888 1
1889 15
1890 1
1891 1
1892 1
1893 1
1894 1
1895 1
1896 1
1897 1
1898 1
1899 1
1900 2
1901 1
1902 1
1903 1
1904 1
1905 19
1906 1
1907 5
1908 1
1909 1
1910 1
1911 1
1912 1
1913 1
1914 6
1915 5
1916 1
1917 1
1918 2
1919 1
1920 3
1921 1
1922 10
1923 1
1924 5
1925 1
1926 1
1927 1
1928 1
1929 1
1930 1
1931 1
1932 2
1933 1
1934 1
1935 1
1936 1
1937 2
1938 1
1939 1
1940 13
1941 1
1942 1
1943 1
1944 1
1945 1
1946 1
1947 1
1948 2
1949 1
1950 1
1951 1
1952 2
1953 1
1954 6
1955 1
1956 1
1957 1
1958 1
1959 1
1960 1
1961 1
1962 1
1963 2
1964 1
1965 2
1966 1
1967 1
1968 1
1969 1
1970 6
1971 4
1972 1
1973 1
1974 1
1975 4
1976 1
1977 1
1978 2
1979 1
1980 2
1981 2
1982 2
1983 1
1984 1
1985 1
1986 433
1987 2
1988 3
1989 6
1990 2
1991 1
1992 1
1993 1
1994 1
1995 2
1996 1
1997 1
1998 3
1999 2
2000 1
2001 2
2002 1
2003 1
2004 1
2005 3
2006 4
2007 2
2008 1
2009 1
2010 1
2011 4
2012 1
2013 1
2014 1
2015 1
2016 1
2017 1
2018 1
2019 1
2020 3
2021 1
2022 1
2023 2
2024 4
2025 2
2026 2
2027 1
2028 1
2029 2
2030 3
2031 2
2032 1
2033 2
2034 2
2035 1
2036 1
2037 4
2038 1
2039 1
2040 1
2041 3
2042 5
2043 1
2044 1
2045 2
2046 3
2047 1
2048 1
2049 1
2050 6
2051 1
2052 1
2053 6
2054 1
2055 5
2056 1
2057 3
2058 2
2059 1
2060 1
2061 1
2062 1
2063 1
2064 1
2065 1
2066 1
2067 2
2068 7
2069 1
2070 1
2071 1
2072 1
2073 1
2074 2
2075 1
2076 1
2077 1
2078 1
2079 1
2080 1
2081 1
2082 1
2083 2
2084 2
2085 2
2086 3
2087 1
2088 1
2089 1
2090 3
2091 1
2092 12
2093 1
2094 13
2095 2
2096 1
2097 1
2098 1
2099 1
2100 3
2101 1
2102 2
2103 1
2104 1
2105 1
2106 1
2107 1
2108 1
2109 1
2110 1
2111 1
2112 8
2113 1
2114 1
2115 2
2116 1
2117 1
2118 1
2119 1
2120 2
2121 1
2122 2
2123 4
2124 1
2125 7
2126 1
2127 7
2128 1
2129 1
2130 4
2131 1
2132 1
2133 43
2134 4
2135 1
2136 1
2137 1
2138 1
2139 1
2140 1
2141 1
2142 1
2143 1
2144 1
2145 10
2146 11
2147 1
2148 2
2149 1
2150 1
2151 1
2152 1
2153 1
2154 1
2155 1
2156 1
2157 1
2158 1
2159 3
2160 2
2161 1
2162 1
2163 8
2164 2
2165 1
2166 1
2167 1
2168 1
2169 1
2170 4
2171 1
2172 1
2173 2
2174 1
2175 1
2176 1
2177 1
2178 1
2179 1
2180 1
2181 2
2182 1
2183 1
2184 1
2185 1
2186 1
2187 1
2188 1
2189 1
2190 1
2191 1
2192 1
2193 2
2194 3
2195 1
2196 2
2197 1
2198 4
2199 1
2200 1
2201 1
2202 2
2203 1
2204 2
2205 1
2206 1
2207 1
2208 1
2209 1
2210 1
2211 1
2212 3
2213 2
2214 3
2215 1
2216 1
2217 5
2218 2
2219 2
2220 4
2221 1
2222 23
2223 1
2224 1
2225 1
2226 3
2227 1
2228 1
2229 1
2230 1
2231 1
2232 6
2233 1
2234 1
2235 1
2236 1
2237 1
2238 1
2239 2
2240 1
2241 10
2242 1
2243 2
2244 3
2245 1
2246 2
2247 2
2248 1
2249 1
2250 14
2251 1
2252 1
2253 1
2254 1
2255 14
2256 4
2257 1
2258 1
2259 3
2260 1
2261 2
2262 2
2263 214
2264 1
2265 1
2266 8
2267 1
2268 3
2269 1
2270 1
2271 1
2272 1
2273 2
2274 2
2275 23
2276 1
2277 2
2278 2
2279 1
2280 1
2281 1
2282 1
2283 2
2284 1
2285 1
2286 2
2287 1
2288 3
2289 27
2290 1
2291 8
2292 1
2293 1
2294 2
2295 4
2296 68
2297 3
2298 1
2299 3
2300 2
2301 1
2302 1
2303 1
2304 4
2305 1
2306 1
2307 1
2308 2
2309 1
2310 1
2311 1
2312 1
2313 1
2314 1
2315 4
2316 2
2317 1
2318 2
2319 4
2320 1
2321 1
2322 1
2323 1
2324 1
2325 1
2326 1
2327 2
2328 1
2329 1
2330 1
2331 1
2332 1
2333 1
2334 2
2335 9
2336 1
2337 20
2338 1
2339 1
2340 1
2341 1
2342 2
2343 1
2344 1
2345 2
2346 2
2347 1
2348 2
2349 2
2350 14
2351 3
2352 1
2353 1
2354 1
2355 1
2356 1
2357 31
2358 4
2359 1
2360 17
2361 1
2362 1
2363 10
2364 1
2365 1
2366 1
2367 1
2368 1
2369 1
2370 1
2371 2
2372 1
2373 4
2374 1
2375 1
2376 2
2377 2
2378 1
2379 1
2380 1
2381 1
2382 1
2383 1
2384 1
2385 1
2386 1
2387 1
2388 1
2389 1
2390 6
2391 1
2392 1
2393 2
2394 1
2395 1
2396 1
2397 21
2398 1
2399 7
2400 1
2401 5
2402 1
2403 9
2404 1
2405 1
2406 1
2407 23
2408 1
2409 1
2410 1
2411 1
2412 1
2413 1
2414 2
2415 50
2416 2
2417 1
2418 1
2419 3
2420 1
2421 2
2422 2
2423 1
2424 3
2425 1
2426 1
2427 1
2428 1
2429 1
2430 3
2431 10
2432 1
2433 2
2434 3
2435 2
2436 1
2437 2
2438 3
2439 1
2440 1
2441 1
2442 2
2443 1
2444 1
2445 1
2446 2
2447 1
2448 1
2449 4
2450 1
2451 2
2452 2
2453 3
2454 1
2455 1
2456 1
2457 1
2458 5
2459 1
2460 1
2461 2
2462 1
2463 1
2464 3
2465 1
2466 4
2467 1
2468 1
2469 1
2470 1
2471 1
2472 2
2473 31
2474 2
2475 2
2476 1
2477 1
2478 1
2479 1
2480 1
2481 1
2482 1
2483 1
2484 1
2485 1
2486 1
2487 1
2488 1
2489 2
2490 1
2491 1
2492 2
2493 1
2494 1
2495 1
2496 2
2497 5
2498 1
2499 2
2500 1
2501 15
2502 1
2503 4
2504 1
2505 1
2506 1
2507 1
2508 1
2509 1
2510 1
2511 2
2512 1
2513 1
2514 1
2515 1
2516 17
2517 1
2518 2
2519 1
2520 2
2521 2
2522 1
2523 2
2524 1
2525 1
2526 1
2527 2
2528 1
2529 11
2530 1
2531 1
2532 2
2533 4
2534 1
2535 1
2536 2
2537 1
2538 1
2539 2
2540 4
2541 2
2542 1
2543 1
2544 10
2545 1
2546 1
2547 1
2548 2
2549 2
2550 1
2551 1
2552 1
2553 1
2554 3
2555 1
2556 1
2557 1
2558 3
2559 1
2560 1
2561 2
2562 1
2563 33
2564 2
2565 5
2566 1
2567 1
2568 1
2569 1
2570 1
2571 1
2572 1
2573 3
2574 1
2575 1
2576 1
2577 1
2578 2
2579 4
2580 1
2581 1
2582 6
2583 1
2584 1
2585 1
2586 2
2587 2
2588 1
2589 1
2590 8
2591 1
2592 1
2593 1
2594 1
2595 1
2596 1
2597 16
2598 1
2599 1
2600 8
2601 1
2602 1
2603 1
2604 1
2605 1
2606 5
2607 1
2608 1
2609 1
2610 1
2611 1
2612 2
2613 1
2614 1
2615 4
2616 12
2617 4
2618 1
2619 2
2620 1
2621 1
2622 2
2623 1
2624 1
2625 1
2626 57
2627 3
2628 1
2629 3
2630 1
2631 1
2632 1
2633 1
2634 4
2635 1
2636 35
2637 34
2638 9
2639 1
2640 1
2641 1
2642 1
2643 2
2644 7
2645 1
2646 1
2647 1
2648 1
2649 1
2650 4
2651 1
2652 1
2653 1
2654 2
2655 1
2656 5
2657 1
2658 1
2659 13
2660 1
2661 1
2662 2
2663 4
2664 1
2665 1
2666 1
2667 1
2668 4
2669 1
2670 3
2671 1
2672 1
2673 2
2674 1
2675 1
2676 4
2677 1
2678 1
2679 1
2680 2
2681 1
2682 7
2683 1
2684 3
2685 1
2686 1
2687 4
2688 2
2689 2
2690 1
2691 1
2692 1
2693 9
2694 1
2695 1
2696 1
2697 1
2698 252
2699 1
2700 1
2701 1
2702 1
2703 5
2704 3
2705 1
2706 2
2707 1
2708 1
2709 1
2710 1
2711 1
2712 1
2713 1
2714 1
2715 1
2716 1
2717 1
2718 1
2719 1
2720 3
2721 1
2722 2
2723 1
2724 2
2725 3
2726 2
2727 1
2728 1
2729 3
2730 1
2731 1
2732 1
2733 2
2734 1
2735 1
2736 1
2737 1
2738 1
2739 1
2740 1
2741 1
2742 1
2743 1
2744 3
2745 1
2746 2
2747 2
2748 6
2749 1
2750 1
2751 1
2752 2
2753 2
2754 2
2755 1
2756 1
2757 1
2758 1
2759 1
2760 1
2761 1
2762 1
2763 6
2764 4
2765 1
2766 1
2767 7
2768 1
2769 6
2770 4
2771 3
2772 2
2773 3
2774 1
2775 3
2776 2
2777 1
2778 4
2779 2
2780 1
2781 1
2782 6
2783 1
2784 1
2785 1
2786 1
2787 1
2788 8
2789 1
2790 1
2791 1
2792 2
2793 2
2794 1
2795 2
2796 1
2797 1
2798 2
2799 2
2800 9
2801 1
2802 1
2803 1
2804 1
2805 1
2806 1
2807 1
2808 1
2809 1
2810 1
2811 1
2812 2
2813 2
2814 1
2815 1
2816 2
2817 1
2818 1
2819 1
2820 3
2821 1
2822 5
2823 1
2824 1
2825 3
2826 2
2827 4
2828 2
2829 3
2830 1
2831 2
2832 1
2833 1
2834 1
2835 1
2836 2
2837 2
2838 6
2839 3
2840 4
2841 1
2842 1
2843 2
2844 1
2845 1
2846 1
2847 1
2848 1
2849 1
2850 1
2851 1
2852 1
2853 4
2854 1
2855 1
2856 1
2857 1
2858 1
2859 1
2860 4
2861 1
2862 1
2863 1
2864 1
2865 3
2866 1
2867 1
2868 2
2869 4
2870 2
2871 6
2872 1
2873 1
2874 1
2875 16
2876 3
2877 1
2878 2
2879 2
2880 1
2881 1
2882 2
2883 1
2884 2
2885 1
2886 2
2887 1
2888 1
2889 1
2890 1
2891 2
2892 1
2893 1
2894 6
2895 1
2896 1
2897 21
2898 1
2899 18
2900 1
2901 2
2902 1
2903 3
2904 1
2905 6
2906 2
2907 1
2908 1
2909 1
2910 2
2911 1
2912 1
2913 1
2914 1
2915 1
2916 13
2917 1
2918 1
2919 5
2920 4
2921 1
2922 5
2923 1
2924 1
2925 1
2926 1
2927 4
2928 3
2929 1
2930 1
2931 1
2932 2
2933 1
2934 2
2935 20
2936 1
2937 1
2938 1
2939 1
2940 1
2941 1
2942 1
2943 1
2944 1
2945 1
2946 1
2947 2
2948 1
2949 1
2950 1
2951 1
2952 1
2953 1
2954 1
2955 1
2956 2
2957 2
2958 2
2959 1
2960 7
2961 2
2962 2
2963 1
2964 1
2965 3
2966 1
2967 2
2968 1
2969 1
2970 1
2971 1
2972 1
2973 1
2974 2
2975 11
2976 1
2977 1
2978 2
2979 1
2980 1
2981 1
2982 1
2983 2
2984 2
2985 1
2986 2
2987 3
2988 1
