0 1159
1 1
2 35
3 1
4 2
5 1
6 1
7 1
8 1
9 2
10 1
11 1
12 37
13 1
14 1
15 1
16 1
17 1
18 1
19 1
20 2
21 1
22 1
23 1
24 1
25 2
26 1
27 1
28 1
29 1
30 1
31 3
32 1
33 1
34 5
35 1
36 1
37 3
38 2
39 10
40 4
41 1
42 2
43 1
44 1
45 2
46 1
47 2
48 1
49 1
50 3
51 10
52 1
53 1
54 6
55 1
56 1
57 2
58 2
59 1
60 1
61 1
62 1
63 1
64 2
65 1
66 1
67 2
68 1
69 1
70 1
71 1
72 2
73 1
74 4
75 2
76 1
77 1
78 1
79 2
80 1
81 1
82 1
83 1
84 1
85 1
86 1
87 1
88 36
89 1
90 1
91 1
92 4
93 3
94 1
95 1
96 1
97 1
98 1
99 1
100 1
101 2
102 1
103 1
104 1
105 8
106 1
107 1
108 1
109 2
110 1
111 1
112 5
113 1
114 2
115 6
116 6
117 1
118 2
119 1
120 1
121 4
122 1
123 1
124 1
125 1
126 1
127 1
128 6
129 1
130 1
131 1
132 19
133 1
134 1
135 5
136 9
137 1
138 3
139 1
140 1
141 1
142 1
143 1
144 1
145 2
146 1
147 2
148 1
149 1
150 1
151 2
152 1
153 2
154 1
155 1
156 2
157 1
158 2
159 1
160 1
161 1
162 1
163 1
164 3
165 1
166 1
167 1
168 1
169 1
170 1
171 7
172 1
173 7
174 2
175 1
176 4
177 1
178 4
179 2
180 1
181 1
182 1
183 2
184 1
185 1
186 1
187 1
188 1
189 1
190 2
191 1
192 1
193 7
194 1
195 1
196 1
197 1
198 12
199 5
200 1
201 1
202 1
203 1
204 1
205 1
206 1
207 1
208 1
209 2
210 3
211 4
212 1
213 4
214 1
215 1
216 1
217 5
218 1
219 4
220 36
221 2
222 1
223 1
224 1
225 2
226 1
227 1
228 1
229 3
230 1
231 1
232 1
233 2
234 1
235 1
236 1
237 1
238 1
239 1
240 1
241 2
242 2
243 1
244 3
245 1
246 3
247 9
248 1
249 2
250 1
251 1
252 1
253 1
254 2
255 1
256 1
257 1
258 1
259 1
260 43
261 1
262 6
263 1
264 1
265 1
266 4
267 1
268 1
269 5
270 2
271 1
272 13
273 1
274 1
275 3
276 1
277 4
278 2
279 1
280 1
281 1
282 2
283 15
284 10
285 1
286 1
287 1
288 1
289 1
290 4
291 1
292 1
293 1
294 1
295 1
296 1
297 1
298 1
299 1
300 2
301 2
302 6
303 1
304 2
305 1
306 1
307 1
308 1
309 6
310 1
311 1
312 1
313 1
314 1
315 1
316 1
317 3
318 1
319 1
320 3
321 2
322 2
323 1
324 1
325 19
326 2
327 2
328 1
329 1
330 1
331 2
332 1
333 1
334 1
335 1
336 1
337 2
338 1
339 1
340 1
341 11
342 1
343 1
344 1
345 1
346 1
347 1
348 1
349 1
350 1
351 1
352 1
353 12
354 14
355 5
356 1
357 1
358 1
359 1
360 2
361 1
362 1
363 2
364 1
365 3
366 1
367 1
368 1
369 1
370 1
371 1
372 1
373 1
374 1
375 1
376 1
377 1
378 1
379 1
380 1
381 1
382 1
383 3
384 3
385 1
386 1
387 1
388 1
389 1
390 1
391 1
392 1
393 1
394 1
395 1
396 1
397 3
398 1
399 21
400 3
401 2
402 1
403 3
404 1
405 1
406 1
407 1
408 1
409 1
410 1
411 18
412 2
413 1
414 1
415 1
416 1
417 1
418 1
419 3
420 1
421 1
422 1
423 1
424 1
425 1
426 1
427 1
428 1
429 2
430 1
431 1
432 1
433 1
434 1
435 1
436 1
437 1
438 1
439 1
440 3
441 2
442 1
443 2
444 1
445 1
446 1
447 1
448 1
449 1
450 1
451 1
452 2
453 1
454 1
455 3
456 1
457 1
458 1
459 1
460 1
461 1
462 1
463 4
464 2
465 1
466 1
467 1
468 1
469 1
470 1
471 1
472 1
473 1
474 1
475 3
476 1
477 1
478 1
479 1
480 2
481 4
482 1
483 1
484 1
485 1
486 1
487 1
488 1
489 3
490 4
491 1
492 1
493 1
494 2
495 5
496 1
497 3
498 6
499 1
500 17
501 4
502 1
503 1
504 1
505 1
506 1
507 1
508 16
509 1
510 1
511 1
512 1
513 1
514 1
515 1
516 20
517 49
518 1
519 1
520 1
521 1
522 1
523 1
524 1
525 3
526 1
527 1
528 1
529 1
530 1
531 1
532 1
533 1
534 2
535 2
536 1
537 1
538 5
539 2
540 8
541 1
542 1
543 1
544 4
545 2
546 1
547 24
548 1
549 1
550 1
551 1
552 10
553 5
554 1
555 1
556 2
557 1
558 1
559 7
560 1
561 5
562 2
563 1
564 1
565 1
566 1
567 3
568 1
569 7
570 1
571 1
572 1
573 1
574 1
575 1
576 1
577 1
578 1
579 1
580 1
581 1
582 1
583 1
584 1
585 1
586 1
587 2
588 1
589 1
590 1
591 1
592 1
593 1
594 1
595 1
596 1
597 1
598 2
599 1
600 1
601 1
602 2
603 1
604 1
605 1
606 2
607 1
608 359
609 1
610 7
611 2
612 1
613 1
614 2
615 2
616 1
617 1
618 1
619 1
620 3
621 1
622 1
623 1
624 1
625 13
626 1
627 2
628 1
629 1
630 2
631 1
632 1
633 1
634 1
635 3
636 1
637 1
638 1
639 1
640 1
641 1
642 1
643 1
644 1
645 1
646 2
647 1
648 1
649 2
650 2
651 1
652 1
653 1
654 1
655 3
656 1
657 1
658 8
659 1
660 1
661 1
662 94
663 1
664 1
665 2
666 1
667 1
668 3
669 1
670 1
671 1
672 1
673 1
674 3
675 1
676 1
677 2
678 3
679 1
680 2
681 8
682 1
683 1
684 1
685 1
686 1
687 1
688 3
689 3
690 1
691 1
692 1
693 3
694 1
695 1
696 2
697 34
698 1
699 1
700 1
701 1
702 2
703 1
704 1
705 1
706 1
707 4
708 6
709 1
710 4
711 1
712 11
713 1
714 1
715 1
716 1
717 1
718 1
719 1
720 1
721 2
722 3
723 1
724 3
725 2
726 1
727 1
728 1
729 2
730 2
731 1
732 1
733 1
734 4
735 1
736 1
737 2
738 1
739 3
740 1
741 1
742 1
743 1
744 2
745 1
746 3
747 1
748 10
749 1
750 1
751 10
752 1
753 1
754 1
755 2
756 1
757 3
758 1
759 2
760 2
761 1
762 1
763 1
764 1
765 4
766 1
767 1
768 1
769 1
770 2
771 2
772 2
773 1
774 1
775 1
776 1
777 4
778 1
779 2
780 1
781 1
782 2
783 1
784 1
785 1
786 1
787 1
788 3
789 1
790 4
791 1
792 1
793 1
794 1
795 1
796 1
797 1
798 1
799 2
800 1
801 1
802 1
803 1
804 1
805 2
806 1
807 1
808 3
809 1
810 2
811 1
812 2
813 1
814 1
815 1
816 1
817 3
818 1
819 2
820 1
821 1
822 1
823 1
824 2
825 2
826 2
827 1
828 1
829 1
830 1
831 1
832 1
833 2
834 1
835 1
836 2
837 1
838 1
839 1
840 1
841 2
842 1
843 1
844 2
845 1
846 1
847 1
848 2
849 2
850 1
851 7
852 1
853 1
854 4
855 1
856 1
857 1
858 24
859 13
860 2
861 1
862 1
863 1
864 1
865 1
866 1
867 2
868 2
869 11
870 1
871 1
872 1
873 1
874 1
875 1
876 2
877 2
878 1
879 2
880 2
881 1
882 1
883 2
884 1
885 1
886 1
887 1
888 1
889 4
890 1
891 1
892 1
893 2
894 16
895 12
896 1
897 2
898 1
899 1
900 2
901 1
902 1
903 1
904 1
905 1
906 1
907 1
908 4
909 7
910 4
911 1
912 1
913 1
914 1
915 1
916 2
917 1
918 2
919 1
920 2
921 1
922 2
923 1
924 1
925 2
926 1
927 1
928 1
929 4
930 7
931 6
932 1
933 1
934 1
935 3
936 1
937 1
938 2
939 2
940 1
941 2
942 1
943 1
944 1
945 16
946 1
947 1
948 1
949 1
950 1
951 2
952 1
953 1
954 1
955 1
956 1
957 1
958 1
959 1
960 3
961 12
962 1
963 1
964 1
965 1
966 4
967 2
968 1
969 5
970 1
971 1
972 1
973 2
974 4
975 1
976 1
977 4
978 2
979 1
980 1
981 2
982 1
983 2
984 2
985 1
986 8
987 3
988 1
989 2
990 1
991 1
992 1
993 1
994 1
995 1
996 1
997 1
998 1
999 3
1000 1
1001 1
1002 2
1003 1
1004 2
1005 1
1006 1
1007 1
1008 1
1009 1
1010 2
1011 2
1012 1
1013 1
1014 2
1015 1
1016 2
1017 1
1018 4
1019 1
1020 2
1021 1
1022 1
1023 2
1024 1
1025 1
1026 3
1027 1
1028 4
1029 1
1030 1
1031 1
1032 1
1033 1
1034 1
1035 1
1036 1
1037 1
1038 1
1039 3
1040 1
1041 1
1042 1
1043 1
1044 1
1045 1
1046 1
1047 2
1048 1
1049 1
1050 2
1051 1
1052 32
1053 13
1054 2
1055 3
1056 1
1057 2
1058 1
1059 1
1060 1
1061 1
1062 1
1063 2
1064 4
1065 1
1066 8
1067 1
1068 1
1069 1
1070 1
1071 2
1072 2
1073 1
1074 1
1075 1
1076 1
1077 1
1078 1
1079 1
1080 1
1081 8
1082 1
1083 3
1084 1
1085 1
1086 1
1087 6
1088 3
1089 1
1090 5
1091 1
1092 2
1093 5
1094 1
1095 2
1096 1
1097 1
1098 1
1099 2
1100 1
1101 1
1102 1
1103 1
1104 1
1105 2
1106 4
1107 5
1108 1
1109 1
1110 1
1111 1
1112 1
1113 1
1114 1
1115 2
1116 1
1117 2
1118 1
1119 4
1120 1
1121 1
1122 1
1123 32
1124 1
1125 1
1126 1
1127 1
1128 5
1129 4
1130 1
1131 5
1132 1
1133 1
1134 2
1135 1
1136 2
1137 3
1138 6
1139 1
1140 5
1141 1
1142 1
1143 1
1144 3
1145 1
1146 1
1147 1
1148 5
1149 1
1150 6
1151 1
1152 1
1153 1
1154 1
1155 1
1156 7
1157 2
1158 2
1159 1
1160 1
1161 1
1162 3
1163 1
1164 58
1165 1
1166 2
1167 1
1168 4
1169 1
1170 1
1171 5
1172 1
1173 1
1174 1
1175 1
1176 1
1177 3
1178 1
1179 1
1180 3
1181 1
1182 1
1183 1
1184 1
1185 1
1186 2
1187 2
1188 2
1189 4
1190 1
1191 7
1192 1
1193 1
1194 2
1195 1
1196 1
1197 4
1198 1
1199 1
1200 1
1201 4
1202 1
1203 6
1204 1
1205 1
1206 1
1207 2
1208 1
1209 1
1210 1
1211 1
1212 1
1213 1
1214 1
1215 1
1216 1
1217 1
1218 1
1219 1
1220 2
1221 5
1222 1
1223 1
1224 2
1225 1
1226 7
1227 1
1228 1
1229 1
1230 1
1231 1
1232 2
1233 1
1234 2
1235 1
1236 1
1237 1
1238 13
1239 1
1240 2
1241 1
1242 1
1243 3
1244 1
1245 1
1246 1
1247 1
1248 1
1249 1
1250 1
1251 1
1252 1
1253 1
1254 1
1255 1
1256 1
1257 1
1258 3
1259 2
1260 1
1261 1
1262 1
1263 1
1264 1
1265 8
1266 1
1267 1
1268 5
1269 1
1270 1
1271 1
1272 2
1273 1
1274 3
1275 1
1276 1
1277 1
1278 1
1279 1
1280 1
1281 1
1282 1
1283 1
1284 2
1285 1
1286 1
1287 1
1288 1
1289 1
1290 1
1291 1
1292 1
1293 36
1294 1
1295 1
1296 1
1297 1
1298 2
1299 1
1300 1
1301 1
1302 3
1303 2
1304 1
1305 1
1306 1
1307 1
1308 2
1309 2
1310 1
1311 1
1312 249
1313 1
1314 1
1315 1
1316 1
1317 2
1318 11
1319 1
1320 2
1321 2
1322 1
1323 1
1324 1
1325 2
1326 2
1327 1
1328 1
1329 1
1330 1
1331 1
1332 1
1333 3
1334 1
1335 1
1336 1
1337 3
1338 1
1339 1
1340 1
1341 2
1342 1
1343 3
1344 1
1345 1
1346 2
1347 1
1348 1
1349 1
1350 1
1351 1
1352 1
1353 1
1354 3
1355 2
1356 1
1357 41
1358 1
1359 35
1360 3
1361 1
1362 1
1363 1
1364 3
1365 1
1366 1
1367 1
1368 1
1369 2
1370 3
1371 3
1372 1
1373 1
1374 2
1375 1
1376 1
1377 1
1378 6
1379 2
1380 1
1381 1
1382 2
1383 1
1384 1
1385 1
1386 1
1387 7
1388 2
1389 3
1390 3
1391 2
1392 2
1393 1
1394 1
1395 2
1396 1
1397 1
1398 1
1399 1
1400 2
1401 5
1402 7
1403 1
1404 1
1405 2
1406 3
1407 3
1408 1
1409 1
1410 2
1411 1
1412 1
1413 1
1414 5
1415 1
1416 1
1417 3
1418 2
1419 26
1420 1
1421 1
1422 1
1423 1
1424 1
1425 1
1426 2
1427 18
1428 1
1429 1
1430 1
1431 1
1432 1
1433 1
1434 1
1435 1
1436 1
1437 5
1438 1
1439 1
1440 7
1441 2
1442 3
1443 1
1444 1
1445 1
1446 1
1447 1
1448 1
1449 4
1450 1
1451 2
1452 2
1453 1
1454 4
1455 1
1456 1
1457 2
1458 12
1459 2
1460 2
1461 1
1462 1
1463 1
1464 1
1465 1
1466 1
1467 1
1468 1
1469 1
1470 1
1471 1
1472 1
1473 1
1474 1
1475 1
1476 1
1477 1
1478 1
1479 2
1480 2
1481 1
1482 1
1483 2
1484 2
1485 1
1486 1
1487 1
1488 1
1489 1
1490 1
1491 1
1492 1
1493 2
1494 1
1495 1
1496 1
1497 1
1498 3
1499 1
1500 5
1501 1
1502 1
1503 1
1504 7
1505 1
1506 3
1507 1
1508 1
1509 3
1510 1
1511 3
1512 6
1513 3
1514 1
1515 1
1516 1
1517 1
1518 2
1519 1
1520 1
1521 1
1522 1
1523 1
1524 3
1525 2
1526 1
1527 2
1528 4
1529 1
1530 1
1531 1
1532 1
1533 1
1534 1
1535 1
1536 1
1537 1
1538 1
1539 1
1540 2
1541 1
1542 1
1543 1
1544 2
1545 1
1546 1
1547 2
1548 1
1549 1
1550 3
1551 1
1552 2
1553 1
1554 1
1555 1
1556 1
1557 1
1558 2
1559 2
1560 1
1561 1
1562 1
1563 9
1564 2
1565 1
1566 1
1567 1
1568 1
1569 2
1570 2
1571 2
1572 1
1573 1
1574 1
1575 2
1576 1
1577 1
1578 2
1579 1
1580 3
1581 1
1582 1
1583 1
1584 2
1585 1
1586 1
1587 1
1588 1
1589 2
1590 1
1591 1
1592 1
1593 6
1594 2
1595 2
1596 1
1597 15
1598 2
1599 2
1600 2
1601 2
1602 1
1603 1
1604 1
1605 2
1606 1
1607 1
1608 1
1609 1
1610 3
1611 5
1612 1
1613 1
1614 1
1615 1
1616 1
1617 1
1618 1
1619 1
1620 1
1621 1
1622 1
1623 1
1624 2
1625 2
1626 1
1627 1
1628 1
1629 1
1630 1
1631 1
1632 1
1633 1
1634 3
1635 1
1636 2
1637 1
1638 13
1639 1
1640 1
1641 1
1642 1
1643 8
1644 3
1645 1
1646 1
1647 4
1648 3
1649 1
1650 1
1651 1
1652 2
1653 2
1654 1
1655 1
1656 1
1657 1
1658 1
1659 1
1660 1
1661 1
1662 2
1663 1
1664 1
1665 1
1666 1
1667 1
1668 1
1669 2
1670 1
1671 1
1672 1
1673 1
1674 1
1675 2
1676 4
1677 1
1678 1
1679 1
1680 2
1681 1
1682 2
1683 1
1684 4
1685 5
1686 1
1687 1
1688 3
1689 1
1690 1
1691 4
1692 2
1693 1
1694 1
1695 1
1696 12
1697 2
1698 2
1699 3
1700 1
1701 43
1702 1
1703 1
1704 3
1705 1
1706 8
1707 11
1708 1
1709 3
1710 1
1711 1
1712 1
1713 3
1714 1
1715 1
1716 1
1717 2
1718 2
1719 1
1720 1
1721 1
1722 2
1723 1
1724 1
1725 1
1726 1
1727 5
1728 1
1729 1
1730 4
1731 1
1732 1
1733 1
1734 2
1735 2
1736 2
1737 3
1738 1
1739 1
1740 2
1741 1
1742 1
1743 1
1744 2
1745 6
1746 2
1747 1
1748 1
1749 4
1750 1
1751 1
1752 2
1753 2
1754 2
1755 4
1756 1
1757 2
1758 2
1759 1
1760 3
1761 1
1762 1
1763 1
1764 1
1765 1
1766 1
1767 1
1768 1
1769 1
1770 1
1771 5
1772 1
1773 1
1774 1
1775 5
1776 1
1777 3
1778 1
1779 1
1780 1
1781 1
1782 1
1783 1
1784 2
1785 1
1786 1
1787 8
1788 1
1789 1
1790 1
1791 1
1792 1
1793 1
1794 1
1795 1
1796 1
1797 1
1798 1
1799 1
1800 6
1801 2
1802 1
1803 1
1804 10
1805 4
1806 1
1807 1
1808 4
1809 1
1810 1
1811 1
1812 1
1813 4
1814 1
1815 1
1816 1
1817 1
1818 2
1819 1
1820 1
1821 1
1822 4
1823 1
1824 2
1825 2
1826 1
1827 2
1828 1
1829 3
1830 10
1831 4
1832 1
1833 1
1834 1
1835 1
1836 22
1837 10
1838 1
1839 1
1840 1
1841 2
1842 1
1843 1
1844 4
1845 1
1846 1
1847 1
1848 2
1849 8
1850 1
1851 1
1852 1
1853 1
1854 1
1855 2
1856 1
1857 1
1858 2
1859 1
1860 1
1861 1
1862 1
1863 1
1864 2
1865 1
1866 1
1867 1
1868 1
1869 2
1870 1
1871 1
1872 1
1873 3
1874 1
1875 1
1876 1
1877 1
1878 1
1879 2
1880 5
1881 1
1882 1
1883 1
1884 1
1885 24
1886 1
1887 1
1888 1
1889 2
1890 1
1891 1
1892 1
1893 6
1894 3
1895 6
1896 2
1897 1
1898 1
1899 1
1900 1
1901 1
1902 1
1903 1
1904 3
1905 1
1906 2
1907 1
1908 2
1909 1
1910 1
1911 1
1912 1
1913 1
1914 2
1915 1
1916 2
1917 1
1918 1
1919 1
1920 1
1921 1
1922 18
1923 5
1924 1
1925 2
1926 1
1927 1
1928 1
1929 2
1930 6
1931 1
1932 1
1933 1
1934 1
1935 7
1936 36
1937 1
1938 5
1939 5
1940 1
1941 1
1942 1
1943 1
1944 4
1945 2
1946 1
1947 5
1948 1
1949 1
1950 1
1951 1
1952 1
1953 5
1954 2
1955 1
1956 1
1957 1
1958 2
1959 1
1960 3
1961 7
1962 2
1963 1
1964 1
1965 7
1966 1
1967 1
1968 1
1969 1
1970 1
1971 1
1972 1
1973 1
1974 1
1975 1
1976 1
1977 1
1978 1
1979 1
1980 1
1981 1
1982 1
1983 1
1984 1
1985 2
1986 3
1987 1
1988 1
1989 1
1990 3
1991 1
1992 1
1993 2
1994 13
1995 3
1996 1
1997 1
1998 1
1999 5
2000 1
2001 1
2002 1
2003 1
2004 2
2005 1
2006 1
2007 1
2008 2
2009 1
2010 3
2011 3
2012 1
2013 1
2014 1
2015 1
2016 2
2017 1
2018 1
2019 1
2020 35
2021 4
2022 2
2023 1
2024 6
2025 1
2026 1
2027 1
2028 6
2029 1
2030 4
2031 1
2032 2
2033 1
2034 3
2035 1
2036 1
2037 1
2038 1
2039 1
2040 2
2041 1
2042 1
2043 1
2044 1
2045 1
2046 1
2047 1
2048 1
2049 1
2050 1
2051 1
2052 1
2053 1
2054 1
2055 1
2056 1
2057 5
2058 1
2059 1
2060 1
2061 1
2062 1
2063 1
2064 1
2065 1
2066 4
2067 2
2068 1
2069 1
2070 1
2071 1
2072 2
2073 1
2074 1
2075 1
2076 1
2077 1
2078 1
2079 1
2080 1
2081 1
2082 2
2083 1
2084 1
2085 2
2086 4
2087 1
2088 1
2089 1
2090 2
2091 1
2092 1
2093 1
2094 1
2095 403
2096 1
2097 1
2098 1
2099 1
2100 3
2101 1
2102 1
2103 1
2104 3
2105 2
2106 2
2107 1
2108 1
2109 1
2110 1
2111 4
2112 1
2113 1
2114 1
2115 2
2116 1
2117 2
2118 1
2119 2
2120 5
2121 1
2122 1
2123 1
2124 2
2125 1
2126 1
2127 1
2128 1
2129 1
2130 1
2131 7
2132 1
2133 1
2134 1
2135 1
2136 2
2137 1
2138 1
2139 2
2140 1
2141 1
2142 1
2143 2
2144 1
2145 2
2146 4
2147 1
2148 6
2149 1
2150 3
2151 1
2152 1
2153 2
2154 1
2155 2
2156 9
2157 1
2158 1
2159 1
2160 1
2161 1
2162 2
2163 1
2164 11
2165 2
2166 1
2167 1
2168 1
2169 1
2170 1
2171 1
2172 1
2173 1
2174 1
2175 1
2176 1
2177 1
2178 1
2179 2
2180 1
2181 1
2182 1
2183 1
2184 1
2185 1
2186 1
2187 1
2188 1
2189 1
2190 2
2191 1
2192 1
2193 1
2194 1
2195 1
2196 1
2197 12
2198 1
2199 1
2200 3
2201 11
2202 1
2203 1
2204 1
2205 2
2206 1
2207 2
2208 1
2209 1
2210 1
2211 1
2212 2
2213 1
2214 1
2215 1
2216 7
2217 1
2218 1
2219 1
2220 2
2221 2
2222 2
2223 1
2224 2
2225 1
2226 4
2227 1
2228 2
2229 1
2230 1
2231 2
2232 1
2233 2
2234 1
2235 1
2236 1
2237 1
2238 1
2239 4
2240 1
2241 6
2242 1
2243 1
2244 1
2245 2
2246 5
2247 2
2248 3
2249 1
2250 1
2251 1
2252 1
2253 1
2254 2
2255 1
2256 1
2257 2
2258 1
2259 4
2260 14
2261 1
2262 1
2263 1
2264 1
2265 1
2266 1
2267 1
2268 1
2269 1
2270 1
2271 1
2272 1
2273 1
2274 1
2275 1
2276 1
2277 1
2278 2
2279 1
2280 1
2281 8
2282 1
2283 4
2284 1
2285 6
2286 1
2287 1
2288 2
2289 1
2290 1
2291 1
2292 4
2293 3
2294 5
2295 1
2296 1
2297 1
2298 4
2299 1
2300 1
2301 1
2302 19
2303 2
2304 1
2305 1
2306 1
2307 1
2308 1
2309 1
2310 2
2311 1
2312 1
2313 5
2314 1
2315 1
2316 1
2317 2
2318 1
2319 2
2320 3
2321 2
2322 1
2323 1
2324 1
2325 1
2326 1
2327 6
2328 1
2329 1
2330 1
2331 1
2332 1
2333 1
2334 16
2335 1
2336 1
2337 1
2338 6
2339 1
2340 1
2341 6
2342 1
2343 1
2344 2
2345 1
2346 1
2347 1
2348 22
2349 1
2350 1
2351 2
2352 1
2353 1
2354 1
2355 1
2356 1
2357 1
2358 1
2359 1
2360 1
2361 1
2362 1
2363 2
2364 1
2365 1
2366 1
2367 1
2368 1
2369 1
2370 1
2371 1
2372 1
2373 6
2374 2
2375 1
2376 1
2377 1
2378 7
2379 1
2380 1
2381 1
2382 2
2383 1
2384 6
2385 1
2386 1
2387 1
2388 1
2389 1
2390 1
2391 1
2392 1
2393 182
2394 2
2395 1
2396 5
2397 6
2398 1
2399 2
2400 1
2401 1
2402 1
2403 1
2404 2
2405 29
2406 1
2407 1
2408 4
2409 1
2410 1
2411 1
2412 1
2413 1
2414 2
2415 1
2416 1
2417 3
2418 5
2419 1
2420 1
2421 1
2422 1
2423 2
2424 3
2425 1
2426 1
2427 1
2428 69
2429 4
2430 1
2431 9
2432 1
2433 1
2434 1
2435 3
2436 1
2437 1
2438 4
2439 1
2440 1
2441 1
2442 1
2443 2
2444 3
2445 1
2446 2
2447 5
2448 1
2449 1
2450 1
2451 1
2452 1
2453 4
2454 1
2455 1
2456 1
2457 7
2458 1
2459 1
2460 1
2461 2
2462 1
2463 1
2464 17
2465 1
2466 1
2467 2
2468 2
2469 1
2470 3
2471 2
2472 1
2473 1
2474 2
2475 1
2476 7
2477 23
2478 1
2479 1
2480 1
2481 1
2482 1
2483 1
2484 37
2485 1
2486 9
2487 1
2488 1
2489 1
2490 1
2491 2
2492 4
2493 2
2494 1
2495 2
2496 12
2497 1
2498 1
2499 2
2500 1
2501 2
2502 1
2503 1
2504 1
2505 1
2506 1
2507 1
2508 1
2509 1
2510 2
2511 1
2512 1
2513 7
2514 1
2515 1
2516 1
2517 2
2518 1
2519 1
2520 1
2521 1
2522 10
2523 2
2524 1
2525 1
2526 1
2527 26
2528 1
2529 1
2530 3
2531 5
2532 5
2533 9
2534 1
2535 1
2536 1
2537 30
2538 1
2539 1
2540 1
2541 1
2542 2
2543 1
2544 3
2545 2
2546 1
2547 5
2548 2
2549 1
2550 65
2551 1
2552 2
2553 2
2554 1
2555 1
2556 1
2557 1
2558 1
2559 1
2560 1
2561 1
2562 4
2563 1
2564 1
2565 7
2566 1
2567 1
2568 1
2569 1
2570 1
2571 1
2572 4
2573 1
2574 1
2575 1
2576 2
2577 8
2578 1
2579 3
2580 1
2581 1
2582 1
2583 1
2584 2
2585 2
2586 3
2587 1
2588 1
2589 1
2590 4
2591 1
2592 1
2593 2
2594 3
2595 1
2596 1
2597 1
2598 1
2599 4
2600 3
2601 1
2602 1
2603 1
2604 1
2605 1
2606 18
2607 2
2608 3
2609 3
2610 1
2611 2
2612 2
2613 1
2614 3
2615 1
2616 1
2617 4
2618 1
2619 1
2620 1
2621 1
2622 3
2623 1
2624 1
2625 1
2626 1
2627 2
2628 4
2629 1
2630 2
2631 1
2632 5
2633 1
2634 1
2635 1
2636 1
2637 1
2638 1
2639 1
2640 1
2641 6
2642 3
2643 1
2644 1
2645 1
2646 1
2647 1
2648 2
2649 1
2650 1
2651 3
2652 1
2653 1
2654 2
2655 1
2656 3
2657 1
2658 1
2659 4
2660 1
2661 1
2662 1
2663 3
2664 2
2665 1
2666 1
2667 1
2668 7
2669 1
2670 1
2671 4
2672 2
2673 3
2674 2
2675 7
2676 2
2677 1
2678 1
2679 1
2680 6
2681 1
2682 7
2683 1
2684 1
2685 1
2686 3
2687 1
2688 1
2689 1
2690 1
2691 1
2692 1
2693 1
2694 26
2695 1
2696 1
2697 1
2698 1
2699 1
2700 3
2701 1
2702 1
2703 1
2704 1
2705 1
2706 1
2707 2
2708 1
2709 2
2710 1
2711 2
2712 1
2713 1
2714 1
2715 1
2716 1
2717 2
2718 9
2719 1
2720 1
2721 1
2722 1
2723 2
2724 1
2725 1
2726 2
2727 17
2728 1
2729 1
2730 1
2731 1
2732 1
2733 6
2734 1
2735 1
2736 1
2737 1
2738 1
2739 2
2740 1
2741 4
2742 1
2743 1
2744 2
2745 1
2746 1
2747 1
2748 10
2749 6
2750 2
2751 4
2752 2
2753 1
2754 1
2755 3
2756 5
2757 2
2758 65
2759 1
2760 1
2761 1
2762 1
2763 1
2764 1
2765 1
2766 1
2767 1
2768 1
2769 1
2770 1
2771 1
2772 1
2773 1
2774 45
2775 42
2776 8
2777 1
2778 1
2779 1
2780 1
2781 1
2782 1
2783 1
2784 2
2785 1
2786 1
2787 1
2788 6
2789 1
2790 1
2791 1
2792 1
2793 1
2794 1
2795 1
2796 2
2797 1
2798 1
2799 1
2800 1
2801 1
2802 1
2803 1
2804 1
2805 1
2806 1
2807 14
2808 1
2809 3
2810 1
2811 1
2812 1
2813 6
2814 1
2815 2
2816 1
2817 1
2818 2
2819 1
2820 5
2821 1
2822 1
2823 1
2824 1
2825 1
2826 1
2827 2
2828 1
2829 1
2830 1
2831 1
2832 1
2833 1
2834 2
2835 4
2836 2
2837 1
2838 1
2839 1
2840 2
2841 1
2842 1
2843 1
2844 1
2845 2
2846 1
2847 1
2848 2
2849 3
2850 1
2851 1
2852 1
2853 1
2854 1
2855 11
2856 1
2857 3
2858 275
2859 4
2860 1
2861 5
2862 8
2863 1
2864 1
2865 2
2866 3
2867 2
2868 1
2869 1
2870 1
2871 1
2872 3
2873 2
2874 1
2875 3
2876 1
2877 1
2878 1
2879 2
2880 2
2881 1
2882 1
2883 1
2884 1
2885 1
2886 1
2887 2
2888 1
2889 2
2890 4
2891 1
2892 1
2893 5
2894 1
2895 1
2896 9
2897 2
2898 1
2899 1
2900 1
2901 3
2902 2
2903 1
2904 7
2905 1
2906 4
2907 1
2908 1
2909 4
2910 3
2911 1
2912 4
2913 1
2914 1
2915 1
2916 1
2917 3
2918 1
2919 1
2920 1
2921 1
2922 1
2923 1
2924 1
2925 2
2926 1
2927 1
2928 3
2929 2
2930 3
2931 1
2932 1
2933 2
2934 1
2935 2
2936 28
2937 1
2938 8
2939 1
2940 2
2941 1
2942 2
2943 2
2944 9
2945 1
2946 1
2947 3
2948 1
2949 1
2950 9
2951 2
2952 1
2953 2
2954 1
2955 4
2956 1
2957 1
2958 1
2959 1
2960 2
2961 6
2962 1
2963 1
2964 1
2965 1
2966 2
2967 1
2968 3
2969 1
2970 1
2971 1
2972 3
2973 1
2974 7
2975 1
2976 1
2977 1
2978 1
2979 1
2980 1
2981 5
2982 1
2983 1
2984 2
2985 1
2986 5
2987 1
2988 1
2989 5
2990 1
2991 2
2992 1
2993 1
2994 3
2995 1
2996 1
2997 1
2998 1
2999 1
3000 1
3001 1
3002 1
3003 2
3004 2
3005 1
3006 2
3007 1
3008 1
3009 1
3010 1
3011 1
3012 7
3013 1
3014 1
3015 4
3016 1
3017 1
3018 1
3019 1
3020 1
3021 1
3022 2
3023 5
3024 1
3025 2
3026 2
3027 1
3028 1
3029 1
3030 1
3031 3
3032 1
3033 1
3034 11
3035 3
3036 1
3037 5
3038 1
3039 7
3040 1
3041 1
3042 2
3043 1
3044 1
3045 2
3046 7
3047 1
3048 2
3049 3
3050 3
3051 1
3052 4
3053 1
3054 5
3055 1
3056 20
3057 1
3058 1
3059 10
3060 1
3061 1
3062 1
3063 1
3064 3
3065 1
3066 1
3067 1
3068 1
3069 1
3070 13
3071 1
3072 1
3073 3
3074 1
3075 1
3076 1
3077 1
3078 3
3079 3
3080 1
3081 3
3082 1
3083 2
3084 26
3085 1
3086 1
3087 2
3088 1
3089 1
3090 1
3091 1
3092 2
3093 1
3094 1
3095 3
3096 1
3097 1
3098 3
3099 1
3100 1
3101 2
3102 1
3103 1
3104 1
3105 2
3106 1
3107 1
3108 1
3109 4
3110 8
3111 2
3112 3
3113 1
3114 1
3115 1
3116 1
3117 1
3118 1
3119 1
3120 1
3121 1
3122 1
3123 1
3124 2
3125 4
3126 1
3127 5
3128 1
3129 1
3130 1
3131 1
3132 1
3133 1
3134 1
3135 1
3136 9
3137 18
3138 2
3139 1
3140 1
3141 1
3142 2
3143 1
3144 1
3145 2
3146 2
3147 1
3148 1
3149 1
3150 1
3151 1
