0 1169
1 1
2 1
3 22
4 1
5 1
6 1
7 1
8 1
9 2
10 1
11 1
12 1
13 1
14 3
15 1
16 1
17 1
18 1
19 1
20 1
21 14
22 2
23 1
24 1
25 1
26 1
27 1
28 1
29 1
30 1
31 3
32 1
33 1
34 1
35 2
36 1
37 1
38 2
39 3
40 1
41 1
42 1
43 1
44 1
45 1
46 1
47 1
48 8
49 1
50 1
51 1
52 11
53 1
54 1
55 1
56 1
57 1
58 1
59 1
60 2
61 1
62 1
63 1
64 2
65 2
66 1
67 2
68 1
69 1
70 1
71 1
72 1
73 1
74 1
75 1
76 1
77 1
78 2
79 1
80 1
81 1
82 1
83 1
84 1
85 1
86 1
87 1
88 1
89 35
90 1
91 2
92 1
93 1
94 1
95 1
96 1
97 1
98 1
99 2
100 1
101 3
102 1
103 1
104 1
105 4
106 1
107 2
108 1
109 3
110 1
111 1
112 2
113 1
114 2
115 4
116 3
117 1
118 1
119 1
120 2
121 2
122 1
123 1
124 1
125 1
126 1
127 11
128 1
129 2
130 1
131 1
132 5
133 1
134 1
135 4
136 2
137 1
138 1
139 14
140 1
141 2
142 1
143 6
144 1
145 1
146 1
147 2
148 2
149 1
150 1
151 1
152 3
153 1
154 2
155 1
156 1
157 2
158 1
159 1
160 1
161 3
162 1
163 1
164 1
165 10
166 2
167 1
168 1
169 4
170 1
171 2
172 3
173 1
174 6
175 1
176 4
177 2
178 2
179 1
180 9
181 7
182 1
183 1
184 3
185 1
186 1
187 1
188 1
189 3
190 1
191 6
192 1
193 1
194 2
195 2
196 1
197 2
198 1
199 3
200 1
201 4
202 3
203 1
204 1
205 1
206 1
207 1
208 3
209 1
210 1
211 9
212 1
213 1
214 2
215 9
216 1
217 2
218 1
219 2
220 1
221 3
222 43
223 1
224 1
225 1
226 2
227 1
228 1
229 1
230 1
231 1
232 2
233 2
234 1
235 3
236 2
237 1
238 1
239 1
240 1
241 1
242 1
243 1
244 1
245 1
246 1
247 1
248 1
249 1
250 1
251 5
252 1
253 1
254 1
255 1
256 1
257 1
258 1
259 2
260 1
261 47
262 6
263 1
264 1
265 3
266 1
267 1
268 10
269 1
270 3
271 16
272 1
273 1
274 1
275 1
276 1
277 2
278 1
279 2
280 1
281 1
282 1
283 1
284 4
285 1
286 1
287 1
288 1
289 2
290 2
291 1
292 1
293 7
294 1
295 1
296 1
297 1
298 1
299 3
300 4
301 3
302 1
303 3
304 1
305 1
306 2
307 4
308 4
309 1
310 1
311 1
312 1
313 1
314 1
315 1
316 12
317 1
318 1
319 3
320 1
321 1
322 1
323 2
324 1
325 2
326 31
327 3
328 1
329 1
330 1
331 1
332 10
333 1
334 1
335 1
336 2
337 2
338 1
339 1
340 1
341 15
342 1
343 2
344 2
345 2
346 1
347 1
348 1
349 2
350 1
351 1
352 1
353 1
354 1
355 1
356 1
357 1
358 1
359 1
360 1
361 2
362 1
363 3
364 2
365 1
366 1
367 1
368 3
369 1
370 2
371 1
372 2
373 1
374 2
375 1
376 1
377 1
378 2
379 1
380 2
381 1
382 1
383 1
384 15
385 1
386 3
387 1
388 1
389 1
390 1
391 1
392 1
393 2
394 23
395 1
396 1
397 4
398 1
399 1
400 1
401 2
402 3
403 1
404 1
405 2
406 2
407 1
408 1
409 4
410 2
411 2
412 1
413 1
414 1
415 1
416 1
417 1
418 1
419 1
420 1
421 1
422 1
423 1
424 4
425 2
426 1
427 1
428 2
429 1
430 3
431 3
432 1
433 2
434 1
435 1
436 1
437 2
438 2
439 1
440 1
441 1
442 1
443 1
444 1
445 1
446 1
447 1
448 1
449 1
450 1
451 4
452 1
453 1
454 2
455 1
456 1
457 3
458 2
459 1
460 1
461 1
462 2
463 1
464 1
465 4
466 2
467 1
468 1
469 1
470 2
471 3
472 2
473 6
474 2
475 1
476 11
477 1
478 1
479 1
480 2
481 1
482 1
483 1
484 1
485 1
486 1
487 1
488 1
489 1
490 18
491 36
492 1
493 1
494 1
495 2
496 2
497 1
498 1
499 2
500 3
501 1
502 1
503 2
504 1
505 2
506 2
507 1
508 4
509 5
510 2
511 1
512 1
513 3
514 1
515 1
516 1
517 1
518 1
519 2
520 8
521 1
522 1
523 4
524 1
525 6
526 13
527 4
528 6
529 1
530 1
531 2
532 1
533 5
534 1
535 1
536 4
537 1
538 1
539 2
540 5
541 10
542 5
543 2
544 1
545 3
546 1
547 1
548 1
549 2
550 1
551 1
552 4
553 1
554 1
555 5
556 1
557 1
558 1
559 1
560 26
561 1
562 1
563 6
564 4
565 1
566 1
567 15
568 1
569 1
570 1
571 1
572 4
573 1
574 1
575 1
576 1
577 1
578 1
579 1
580 1
581 1
582 6
583 1
584 321
585 1
586 1
587 1
588 11
589 1
590 1
591 1
592 1
593 2
594 1
595 1
596 1
597 1
598 1
599 1
600 1
601 22
602 2
603 3
604 1
605 2
606 1
607 2
608 2
609 1
610 1
611 1
612 1
613 3
614 1
615 2
616 2
617 3
618 1
619 1
620 1
621 1
622 2
623 1
624 2
625 1
626 1
627 2
628 1
629 5
630 6
631 3
632 1
633 1
634 4
635 1
636 1
637 1
638 1
639 2
640 1
641 1
642 100
643 1
644 1
645 2
646 10
647 1
648 1
649 1
650 2
651 1
652 2
653 2
654 1
655 6
656 1
657 3
658 2
659 2
660 1
661 1
662 1
663 1
664 2
665 1
666 1
667 1
668 1
669 1
670 1
671 3
672 4
673 1
674 1
675 3
676 4
677 2
678 2
679 3
680 5
681 1
682 1
683 1
684 1
685 2
686 1
687 1
688 1
689 1
690 1
691 1
692 1
693 2
694 1
695 2
696 1
697 1
698 3
699 3
700 1
701 2
702 1
703 1
704 1
705 4
706 3
707 1
708 1
709 1
710 1
711 7
712 5
713 1
714 1
715 1
716 1
717 1
718 1
719 1
720 1
721 2
722 1
723 1
724 9
725 1
726 1
727 3
728 2
729 1
730 2
731 4
732 1
733 2
734 14
735 1
736 1
737 6
738 1
739 1
740 1
741 5
742 4
743 6
744 2
745 1
746 1
747 2
748 1
749 1
750 1
751 1
752 1
753 1
754 2
755 1
756 1
757 2
758 1
759 1
760 1
761 1
762 1
763 1
764 3
765 1
766 1
767 1
768 1
769 1
770 1
771 1
772 1
773 1
774 1
775 1
776 4
777 1
778 3
779 2
780 1
781 1
782 1
783 1
784 1
785 1
786 5
787 1
788 1
789 1
790 4
791 1
792 3
793 1
794 1
795 1
796 1
797 1
798 1
799 1
800 1
801 1
802 1
803 1
804 1
805 7
806 2
807 30
808 5
809 14
810 1
811 1
812 3
813 1
814 1
815 1
816 3
817 1
818 1
819 1
820 1
821 2
822 1
823 1
824 1
825 1
826 1
827 3
828 1
829 1
830 1
831 2
832 3
833 1
834 1
835 2
836 1
837 1
838 1
839 1
840 1
841 2
842 1
843 1
844 2
845 1
846 1
847 1
848 1
849 1
850 1
851 8
852 1
853 1
854 9
855 3
856 1
857 1
858 3
859 1
860 2
861 2
862 5
863 3
864 1
865 1
866 1
867 1
868 1
869 1
870 1
871 1
872 1
873 1
874 1
875 2
876 1
877 2
878 1
879 1
880 4
881 1
882 1
883 5
884 2
885 4
886 1
887 1
888 1
889 1
890 1
891 1
892 2
893 1
894 2
895 2
896 1
897 1
898 1
899 3
900 19
901 2
902 1
903 1
904 1
905 1
906 1
907 1
908 1
909 2
910 1
911 2
912 3
913 1
914 1
915 1
916 1
917 5
918 2
919 1
920 1
921 1
922 1
923 1
924 1
925 1
926 1
927 2
928 1
929 4
930 1
931 1
932 2
933 2
934 1
935 1
936 1
937 2
938 3
939 1
940 1
941 2
942 1
943 4
944 1
945 1
946 1
947 5
948 1
949 1
950 1
951 2
952 1
953 31
954 3
955 2
956 1
957 1
958 2
959 1
960 1
961 1
962 1
963 1
964 1
965 1
966 1
967 1
968 1
969 1
970 2
971 1
972 7
973 2
974 1
975 1
976 1
977 1
978 1
979 1
980 1
981 1
982 6
983 2
984 1
985 2
986 1
987 1
988 2
989 1
990 2
991 6
992 1
993 2
994 1
995 2
996 4
997 1
998 1
999 1
1000 2
1001 1
1002 1
1003 1
1004 1
1005 4
1006 1
1007 2
1008 1
1009 15
1010 14
1011 1
1012 3
1013 1
1014 1
1015 1
1016 1
1017 1
1018 3
1019 1
1020 9
1021 3
1022 1
1023 3
1024 1
1025 1
1026 1
1027 2
1028 1
1029 1
1030 1
1031 2
1032 2
1033 3
1034 1
1035 3
1036 3
1037 1
1038 1
1039 11
1040 1
1041 2
1042 1
1043 1
1044 2
1045 1
1046 2
1047 7
1048 1
1049 1
1050 1
1051 1
1052 1
1053 1
1054 1
1055 1
1056 3
1057 1
1058 1
1059 2
1060 1
1061 2
1062 3
1063 1
1064 1
1065 1
1066 1
1067 1
1068 1
1069 2
1070 2
1071 1
1072 1
1073 27
1074 1
1075 1
1076 1
1077 3
1078 10
1079 4
1080 1
1081 1
1082 2
1083 1
1084 1
1085 1
1086 1
1087 4
1088 1
1089 1
1090 1
1091 2
1092 2
1093 1
1094 1
1095 1
1096 1
1097 1
1098 1
1099 1
1100 1
1101 2
1102 2
1103 1
1104 3
1105 3
1106 1
1107 2
1108 1
1109 1
1110 2
1111 1
1112 2
1113 5
1114 2
1115 2
1116 1
1117 1
1118 1
1119 1
1120 3
1121 1
1122 2
1123 1
1124 43
1125 1
1126 1
1127 1
1128 3
1129 1
1130 3
1131 1
1132 1
1133 2
1134 2
1135 1
1136 1
1137 3
1138 1
1139 1
1140 1
1141 1
1142 2
1143 1
1144 1
1145 1
1146 1
1147 2
1148 9
1149 1
1150 6
1151 1
1152 1
1153 1
1154 1
1155 2
1156 1
1157 2
1158 3
1159 1
1160 1
1161 1
1162 1
1163 1
1164 1
1165 1
1166 1
1167 1
1168 1
1169 3
1170 1
1171 1
1172 1
1173 1
1174 1
1175 1
1176 2
1177 3
1178 1
1179 1
1180 7
1181 1
1182 1
1183 1
1184 3
1185 2
1186 2
1187 1
1188 1
1189 2
1190 1
1191 1
1192 15
1193 1
1194 2
1195 1
1196 1
1197 1
1198 4
1199 1
1200 2
1201 1
1202 1
1203 1
1204 1
1205 2
1206 3
1207 1
1208 1
1209 1
1210 1
1211 1
1212 2
1213 2
1214 1
1215 1
1216 1
1217 5
1218 3
1219 1
1220 1
1221 1
1222 2
1223 1
1224 1
1225 1
1226 1
1227 1
1228 2
1229 1
1230 16
1231 1
1232 1
1233 1
1234 4
1235 1
1236 1
1237 1
1238 2
1239 2
1240 1
1241 3
1242 1
1243 4
1244 1
1245 1
1246 1
1247 1
1248 3
1249 1
1250 3
1251 1
1252 1
1253 1
1254 1
1255 1
1256 37
1257 1
1258 1
1259 1
1260 1
1261 2
1262 1
1263 4
1264 1
1265 1
1266 1
1267 1
1268 1
1269 1
1270 1
1271 1
1272 1
1273 2
1274 1
1275 1
1276 2
1277 1
1278 1
1279 5
1280 1
1281 1
1282 1
1283 1
1284 1
1285 242
1286 1
1287 3
1288 1
1289 6
1290 1
1291 1
1292 1
1293 1
1294 2
1295 1
1296 1
1297 1
1298 2
1299 2
1300 1
1301 4
1302 1
1303 1
1304 2
1305 1
1306 2
1307 1
1308 2
1309 1
1310 1
1311 1
1312 1
1313 2
1314 1
1315 6
1316 1
1317 1
1318 1
1319 1
1320 1
1321 1
1322 1
1323 1
1324 1
1325 2
1326 1
1327 1
1328 1
1329 1
1330 1
1331 1
1332 1
1333 2
1334 30
1335 1
1336 1
1337 1
1338 1
1339 2
1340 1
1341 1
1342 2
1343 2
1344 2
1345 1
1346 1
1347 1
1348 1
1349 1
1350 1
1351 1
1352 1
1353 1
1354 1
1355 1
1356 2
1357 5
1358 2
1359 2
1360 2
1361 10
1362 1
1363 1
1364 1
1365 1
1366 3
1367 9
1368 1
1369 2
1370 1
1371 12
1372 2
1373 1
1374 2
1375 1
1376 1
1377 4
1378 1
1379 1
1380 2
1381 1
1382 5
1383 9
1384 1
1385 2
1386 1
1387 1
1388 5
1389 2
1390 1
1391 2
1392 1
1393 3
1394 1
1395 1
1396 33
1397 1
1398 1
1399 1
1400 1
1401 1
1402 1
1403 1
1404 1
1405 1
1406 1
1407 1
1408 1
1409 1
1410 1
1411 1
1412 1
1413 1
1414 1
1415 3
1416 1
1417 1
1418 1
1419 1
1420 5
1421 1
1422 1
1423 1
1424 1
1425 5
1426 2
1427 7
1428 2
1429 3
1430 2
1431 1
1432 1
1433 1
1434 2
1435 2
1436 5
1437 1
1438 3
1439 1
1440 1
1441 4
1442 1
1443 5
1444 5
1445 1
1446 1
1447 1
1448 10
1449 1
1450 1
1451 1
1452 2
1453 1
1454 1
1455 2
1456 1
1457 1
1458 1
1459 1
1460 1
1461 2
1462 1
1463 1
1464 1
1465 1
1466 1
1467 1
1468 1
1469 3
1470 8
1471 8
1472 1
1473 1
1474 2
1475 9
1476 1
1477 1
1478 1
1479 5
1480 1
1481 1
1482 1
1483 2
1484 2
1485 1
1486 1
1487 2
1488 1
1489 1
1490 1
1491 1
1492 1
1493 1
1494 1
1495 1
1496 1
1497 2
1498 1
1499 1
1500 3
1501 1
1502 1
1503 1
1504 2
1505 1
1506 1
1507 2
1508 1
1509 1
1510 1
1511 1
1512 1
1513 5
1514 3
1515 1
1516 1
1517 8
1518 1
1519 1
1520 4
1521 1
1522 1
1523 1
1524 2
1525 1
1526 1
1527 1
1528 1
1529 1
1530 1
1531 1
1532 1
1533 1
1534 1
1535 1
1536 1
1537 1
1538 1
1539 2
1540 7
1541 1
1542 1
1543 2
1544 11
1545 1
1546 1
1547 1
1548 2
1549 1
1550 1
1551 1
1552 1
1553 1
1554 1
1555 1
1556 2
1557 1
1558 2
1559 1
1560 7
1561 1
1562 1
1563 1
1564 4
1565 1
1566 1
1567 1
1568 3
1569 3
1570 1
1571 1
1572 1
1573 16
1574 3
1575 2
1576 1
1577 1
1578 1
1579 3
1580 1
1581 1
1582 3
1583 2
1584 1
1585 1
1586 1
1587 1
1588 1
1589 3
1590 1
1591 1
1592 1
1593 1
1594 1
1595 1
1596 1
1597 1
1598 1
1599 2
1600 2
1601 2
1602 1
1603 1
1604 1
1605 1
1606 2
1607 1
1608 1
1609 1
1610 1
1611 1
1612 21
1613 1
1614 1
1615 1
1616 1
1617 2
1618 1
1619 1
1620 1
1621 17
1622 3
1623 2
1624 1
1625 1
1626 3
1627 2
1628 1
1629 1
1630 1
1631 1
1632 1
1633 2
1634 1
1635 1
1636 3
1637 1
1638 1
1639 1
1640 1
1641 1
1642 1
1643 2
1644 2
1645 1
1646 1
1647 1
1648 1
1649 1
1650 1
1651 1
1652 1
1653 1
1654 2
1655 3
1656 1
1657 1
1658 1
1659 1
1660 1
1661 2
1662 1
1663 1
1664 1
1665 2
1666 1
1667 1
1668 1
1669 22
1670 1
1671 2
1672 2
1673 1
1674 1
1675 29
1676 1
1677 1
1678 1
1679 1
1680 1
1681 3
1682 9
1683 2
1684 1
1685 2
1686 6
1687 1
1688 1
1689 1
1690 1
1691 1
1692 3
1693 1
1694 2
1695 4
1696 1
1697 1
1698 1
1699 1
1700 2
1701 3
1702 3
1703 3
1704 1
1705 1
1706 3
1707 3
1708 1
1709 2
1710 2
1711 1
1712 3
1713 4
1714 1
1715 1
1716 1
1717 1
1718 1
1719 1
1720 1
1721 1
1722 1
1723 1
1724 1
1725 1
1726 3
1727 1
1728 1
1729 2
1730 1
1731 1
1732 1
1733 2
1734 1
1735 2
1736 1
1737 1
1738 3
1739 6
1740 1
1741 1
1742 1
1743 1
1744 3
1745 1
1746 1
1747 1
1748 6
1749 1
1750 2
1751 1
1752 1
1753 4
1754 1
1755 1
1756 1
1757 1
1758 1
1759 1
1760 1
1761 1
1762 1
1763 1
1764 1
1765 1
1766 1
1767 1
1768 3
1769 1
1770 1
1771 1
1772 1
1773 1
1774 5
1775 1
1776 1
1777 1
1778 3
1779 1
1780 1
1781 17
1782 1
1783 1
1784 2
1785 1
1786 1
1787 1
1788 1
1789 1
1790 1
1791 2
1792 1
1793 1
1794 2
1795 1
1796 1
1797 1
1798 4
1799 1
1800 3
1801 1
1802 2
1803 2
1804 3
1805 4
1806 1
1807 7
1808 1
1809 2
1810 1
1811 1
1812 1
1813 6
1814 3
1815 1
1816 1
1817 1
1818 6
1819 1
1820 1
1821 1
1822 1
1823 1
1824 3
1825 4
1826 1
1827 2
1828 1
1829 1
1830 1
1831 1
1832 1
1833 1
1834 2
1835 1
1836 1
1837 1
1838 1
1839 2
1840 1
1841 1
1842 1
1843 1
1844 2
1845 1
1846 1
1847 1
1848 1
1849 1
1850 3
1851 1
1852 1
1853 1
1854 1
1855 1
1856 3
1857 15
1858 3
1859 1
1860 1
1861 3
1862 2
1863 9
1864 2
1865 1
1866 7
1867 1
1868 1
1869 1
1870 3
1871 1
1872 1
1873 4
1874 1
1875 1
1876 1
1877 1
1878 1
1879 2
1880 1
1881 1
1882 22
1883 1
1884 1
1885 4
1886 1
1887 1
1888 1
1889 1
1890 2
1891 1
1892 2
1893 1
1894 1
1895 1
1896 2
1897 1
1898 47
1899 1
1900 1
1901 1
1902 1
1903 1
1904 4
1905 8
1906 2
1907 1
1908 1
1909 1
1910 1
1911 1
1912 1
1913 1
1914 1
1915 1
1916 1
1917 1
1918 1
1919 1
1920 1
1921 1
1922 1
1923 1
1924 1
1925 2
1926 2
1927 1
1928 2
1929 2
1930 1
1931 1
1932 1
1933 1
1934 7
1935 1
1936 7
1937 1
1938 4
1939 1
1940 1
1941 1
1942 1
1943 1
1944 7
1945 1
1946 2
1947 1
1948 1
1949 1
1950 1
1951 1
1952 2
1953 2
1954 1
1955 2
1956 2
1957 2
1958 1
1959 1
1960 1
1961 1
1962 1
1963 1
1964 1
1965 1
1966 1
1967 1
1968 13
1969 1
1970 1
1971 1
1972 1
1973 2
1974 1
1975 2
1976 1
1977 1
1978 3
1979 1
1980 1
1981 1
1982 9
1983 2
1984 1
1985 2
1986 15
1987 1
1988 22
1989 4
1990 1
1991 1
1992 1
1993 5
1994 1
1995 1
1996 1
1997 1
1998 1
1999 1
2000 2
2001 2
2002 1
2003 1
2004 9
2005 2
2006 14
2007 1
2008 1
2009 1
2010 1
2011 1
2012 2
2013 1
2014 1
2015 1
2016 2
2017 1
2018 2
2019 1
2020 1
2021 1
2022 1
2023 1
2024 22
2025 2
2026 1
2027 1
2028 1
2029 1
2030 1
2031 1
2032 3
2033 2
2034 1
2035 1
2036 1
2037 1
2038 2
2039 1
2040 1
2041 2
2042 1
2043 1
2044 1
2045 1
2046 2
2047 1
2048 1
2049 3
2050 1
2051 3
2052 1
2053 3
2054 1
2055 2
2056 1
2057 1
2058 413
2059 1
2060 1
2061 1
2062 1
2063 5
2064 1
2065 1
2066 2
2067 1
2068 2
2069 3
2070 1
2071 2
2072 10
2073 1
2074 3
2075 1
2076 2
2077 6
2078 1
2079 1
2080 1
2081 1
2082 1
2083 1
2084 1
2085 1
2086 1
2087 1
2088 1
2089 1
2090 1
2091 1
2092 1
2093 1
2094 1
2095 1
2096 1
2097 5
2098 1
2099 2
2100 1
2101 2
2102 1
2103 2
2104 3
2105 1
2106 1
2107 1
2108 1
2109 1
2110 1
2111 1
2112 1
2113 4
2114 1
2115 1
2116 1
2117 3
2118 1
2119 1
2120 4
2121 2
2122 4
2123 1
2124 8
2125 2
2126 1
2127 1
2128 1
2129 1
2130 3
2131 1
2132 16
2133 1
2134 1
2135 1
2136 2
2137 1
2138 1
2139 2
2140 2
2141 1
2142 1
2143 2
2144 1
2145 1
2146 2
2147 1
2148 1
2149 1
2150 1
2151 1
2152 1
2153 5
2154 2
2155 2
2156 2
2157 1
2158 1
2159 2
2160 18
2161 3
2162 2
2163 1
2164 14
2165 1
2166 1
2167 1
2168 1
2169 1
2170 1
2171 1
2172 1
2173 1
2174 1
2175 1
2176 1
2177 1
2178 1
2179 3
2180 1
2181 1
2182 2
2183 1
2184 1
2185 1
2186 8
2187 4
2188 1
2189 1
2190 1
2191 1
2192 1
2193 2
2194 1
2195 1
2196 2
2197 5
2198 1
2199 1
2200 1
2201 6
2202 1
2203 2
2204 3
2205 1
2206 2
2207 1
2208 6
2209 1
2210 1
2211 1
2212 1
2213 1
2214 1
2215 1
2216 2
2217 1
2218 1
2219 13
2220 5
2221 1
2222 1
2223 3
2224 1
2225 1
2226 1
2227 1
2228 1
2229 2
2230 1
2231 1
2232 3
2233 10
2234 1
2235 1
2236 5
2237 1
2238 7
2239 3
2240 1
2241 4
2242 1
2243 2
2244 1
2245 1
2246 1
2247 1
2248 3
2249 1
2250 2
2251 1
2252 1
2253 1
2254 2
2255 1
2256 1
2257 1
2258 1
2259 1
2260 1
2261 1
2262 1
2263 2
2264 1
2265 1
2266 1
2267 1
2268 1
2269 1
2270 1
2271 1
2272 2
2273 1
2274 2
2275 1
2276 3
2277 2
2278 1
2279 2
2280 1
2281 1
2282 3
2283 6
2284 1
2285 1
2286 1
2287 7
2288 2
2289 1
2290 1
2291 1
2292 2
2293 5
2294 1
2295 1
2296 6
2297 1
2298 1
2299 2
2300 1
2301 1
2302 25
2303 1
2304 4
2305 1
2306 1
2307 1
2308 1
2309 1
2310 1
2311 10
2312 1
2313 1
2314 2
2315 1
2316 1
2317 1
2318 1
2319 1
2320 1
2321 1
2322 3
2323 1
2324 1
2325 1
2326 6
2327 1
2328 1
2329 1
2330 1
2331 8
2332 1
2333 1
2334 1
2335 1
2336 1
2337 6
2338 1
2339 1
2340 1
2341 1
2342 1
2343 1
2344 1
2345 1
2346 1
2347 1
2348 1
2349 221
2350 2
2351 1
2352 1
2353 2
2354 6
2355 1
2356 1
2357 4
2358 1
2359 27
2360 1
2361 1
2362 1
2363 1
2364 1
2365 2
2366 1
2367 2
2368 1
2369 2
2370 1
2371 1
2372 2
2373 1
2374 1
2375 1
2376 1
2377 2
2378 2
2379 10
2380 1
2381 86
2382 6
2383 5
2384 3
2385 1
2386 1
2387 1
2388 1
2389 1
2390 1
2391 4
2392 1
2393 1
2394 1
2395 1
2396 2
2397 1
2398 1
2399 1
2400 6
2401 1
2402 1
2403 1
2404 1
2405 9
2406 1
2407 1
2408 1
2409 1
2410 1
2411 1
2412 1
2413 1
2414 4
2415 1
2416 1
2417 16
2418 2
2419 2
2420 1
2421 1
2422 15
2423 1
2424 1
2425 1
2426 1
2427 1
2428 1
2429 2
2430 1
2431 1
2432 2
2433 1
2434 2
2435 5
2436 1
2437 22
2438 1
2439 1
2440 3
2441 1
2442 1
2443 1
2444 7
2445 2
2446 2
2447 1
2448 6
2449 3
2450 1
2451 1
2452 1
2453 2
2454 10
2455 1
2456 1
2457 1
2458 1
2459 1
2460 1
2461 1
2462 1
2463 2
2464 1
2465 1
2466 1
2467 1
2468 1
2469 1
2470 1
2471 1
2472 3
2473 2
2474 1
2475 1
2476 1
2477 1
2478 1
2479 2
2480 1
2481 1
2482 1
2483 2
2484 1
2485 9
2486 1
2487 3
2488 1
2489 1
2490 1
2491 1
2492 1
2493 1
2494 1
2495 1
2496 5
2497 1
2498 1
2499 1
2500 1
2501 8
2502 1
2503 1
2504 2
2505 23
2506 2
2507 1
2508 1
2509 1
2510 3
2511 1
2512 1
2513 1
2514 1
2515 1
2516 8
2517 1
2518 1
2519 4
2520 65
2521 1
2522 1
2523 2
2524 1
2525 2
2526 1
2527 2
2528 1
2529 2
2530 1
2531 2
2532 1
2533 2
2534 2
2535 1
2536 1
2537 1
2538 1
2539 1
2540 1
2541 1
2542 2
2543 1
2544 1
2545 4
2546 2
2547 1
2548 1
2549 1
2550 1
2551 1
2552 1
2553 3
2554 1
2555 1
2556 1
2557 1
2558 1
2559 1
2560 3
2561 1
2562 1
2563 3
2564 1
2565 8
2566 2
2567 2
2568 1
2569 3
2570 1
2571 1
2572 2
2573 1
2574 1
2575 1
2576 1
2577 1
2578 2
2579 4
2580 4
2581 1
2582 2
2583 1
2584 1
2585 1
2586 37
2587 1
2588 3
2589 1
2590 1
2591 1
2592 2
2593 5
2594 1
2595 1
2596 2
2597 1
2598 1
2599 1
2600 1
2601 1
2602 1
2603 1
2604 2
2605 1
2606 1
2607 2
2608 1
2609 1
2610 2
2611 1
2612 1
2613 1
2614 1
2615 1
2616 2
2617 1
2618 1
2619 9
2620 1
2621 1
2622 1
2623 1
2624 2
2625 1
2626 1
2627 1
2628 1
2629 1
2630 9
2631 2
2632 1
2633 1
2634 4
2635 2
2636 1
2637 5
2638 1
2639 3
2640 1
2641 1
2642 1
2643 2
2644 8
2645 1
2646 3
2647 1
2648 1
2649 1
2650 1
2651 1
2652 7
2653 1
2654 2
2655 9
2656 1
2657 1
2658 2
2659 1
2660 1
2661 1
2662 1
2663 1
2664 1
2665 2
2666 2
2667 2
2668 1
2669 1
2670 4
2671 24
2672 1
2673 1
2674 1
2675 1
2676 1
2677 2
2678 2
2679 1
2680 2
2681 1
2682 2
2683 2
2684 12
2685 1
2686 1
2687 1
2688 1
2689 4
2690 1
2691 1
2692 1
2693 2
2694 1
2695 1
2696 1
2697 1
2698 3
2699 3
2700 1
2701 2
2702 3
2703 7
2704 12
2705 1
2706 1
2707 3
2708 2
2709 1
2710 4
2711 1
2712 1
2713 1
2714 1
2715 2
2716 1
2717 1
2718 6
2719 3
2720 1
2721 1
2722 1
2723 11
2724 1
2725 3
2726 2
2727 2
2728 1
2729 2
2730 1
2731 2
2732 64
2733 1
2734 1
2735 1
2736 1
2737 1
2738 1
2739 1
2740 1
2741 1
2742 1
2743 1
2744 2
2745 1
2746 1
2747 44
2748 39
2749 9
2750 2
2751 2
2752 1
2753 1
2754 1
2755 1
2756 1
2757 1
2758 8
2759 1
2760 1
2761 1
2762 3
2763 2
2764 2
2765 1
2766 1
2767 1
2768 1
2769 17
2770 3
2771 1
2772 5
2773 1
2774 1
2775 2
2776 1
2777 3
2778 1
2779 1
2780 1
2781 4
2782 2
2783 1
2784 4
2785 1
2786 1
2787 1
2788 1
2789 1
2790 1
2791 1
2792 1
2793 2
2794 1
2795 1
2796 1
2797 4
2798 1
2799 1
2800 8
2801 1
2802 1
2803 1
2804 2
2805 1
2806 1
2807 1
2808 6
2809 5
2810 3
2811 1
2812 3
2813 1
2814 7
2815 1
2816 1
2817 1
2818 1
2819 282
2820 1
2821 1
2822 1
2823 1
2824 1
2825 1
2826 1
2827 6
2828 1
2829 1
2830 1
2831 1
2832 1
2833 1
2834 1
2835 1
2836 1
2837 2
2838 1
2839 1
2840 1
2841 2
2842 1
2843 1
2844 1
2845 2
2846 1
2847 1
2848 1
2849 1
2850 3
2851 1
2852 1
2853 1
2854 1
2855 1
2856 1
2857 3
2858 1
2859 2
2860 1
2861 1
2862 1
2863 1
2864 19
2865 1
2866 1
2867 1
2868 1
2869 3
2870 4
2871 1
2872 1
2873 1
2874 1
2875 1
2876 1
2877 1
2878 2
2879 1
2880 2
2881 2
2882 1
2883 1
2884 1
2885 1
2886 1
2887 2
2888 1
2889 1
2890 1
2891 1
2892 1
2893 3
2894 2
2895 5
2896 2
2897 2
2898 1
2899 4
2900 2
2901 1
2902 24
2903 1
2904 5
2905 1
2906 1
2907 1
2908 1
2909 1
2910 3
2911 1
2912 1
2913 2
2914 1
2915 2
2916 3
2917 1
2918 1
2919 4
2920 1
2921 2
2922 1
2923 1
2924 1
2925 1
2926 2
2927 1
2928 2
2929 1
2930 6
2931 1
2932 2
2933 1
2934 1
2935 1
2936 2
2937 6
2938 1
2939 9
2940 2
2941 1
2942 1
2943 1
2944 1
2945 1
2946 1
2947 7
2948 1
2949 2
2950 5
2951 2
2952 1
2953 1
2954 1
2955 1
2956 1
2957 1
2958 3
2959 5
2960 1
2961 1
2962 1
2963 6
2964 1
2965 7
2966 1
2967 1
2968 2
2969 4
2970 1
2971 2
2972 1
2973 1
2974 1
2975 11
2976 2
2977 1
2978 2
2979 1
2980 1
2981 1
2982 1
2983 4
2984 1
2985 1
2986 1
2987 1
2988 1
2989 1
2990 1
2991 7
2992 1
2993 1
2994 1
2995 1
2996 1
2997 2
2998 2
2999 3
3000 1
3001 3
3002 3
3003 3
3004 1
3005 13
3006 2
3007 1
3008 4
3009 1
3010 1
3011 2
3012 1
3013 5
3014 1
3015 6
3016 5
3017 3
3018 2
3019 1
3020 1
3021 6
3022 1
3023 2
3024 17
3025 19
3026 1
3027 3
3028 1
3029 4
3030 1
3031 2
3032 1
3033 1
3034 1
3035 9
3036 1
3037 3
3038 2
3039 2
3040 1
3041 2
3042 1
3043 1
3044 1
3045 1
3046 1
3047 1
3048 1
3049 2
3050 5
3051 1
3052 1
3053 1
3054 3
3055 2
3056 2
3057 26
3058 1
3059 1
3060 2
3061 1
3062 1
3063 1
3064 1
3065 4
3066 4
3067 1
3068 1
3069 1
3070 1
3071 1
3072 1
3073 1
3074 1
3075 2
3076 1
3077 3
3078 1
3079 1
3080 1
3081 1
3082 1
3083 1
3084 7
3085 2
3086 1
3087 2
3088 1
3089 1
3090 1
3091 1
3092 3
3093 1
3094 1
3095 4
3096 1
3097 1
3098 1
3099 1
3100 1
3101 1
3102 2
3103 1
3104 1
3105 1
3106 4
3107 13
3108 1
3109 1
3110 1
3111 1
3112 1
3113 1
3114 1
3115 1
3116 3
3117 2
