0 1145
1 1
2 29
3 3
4 1
5 2
6 1
7 2
8 6
9 1
10 1
11 20
12 1
13 3
14 1
15 1
16 4
17 1
18 1
19 1
20 2
21 1
22 1
23 1
24 1
25 1
26 1
27 1
28 1
29 1
30 1
31 12
32 1
33 1
34 1
35 2
36 1
37 1
38 1
39 1
40 1
41 7
42 1
43 6
44 1
45 1
46 1
47 1
48 1
49 1
50 1
51 1
52 1
53 1
54 1
55 1
56 1
57 1
58 3
59 1
60 1
61 2
62 1
63 1
64 2
65 2
66 2
67 1
68 1
69 2
70 1
71 1
72 1
73 1
74 1
75 1
76 2
77 1
78 1
79 1
80 41
81 1
82 1
83 1
84 1
85 1
86 1
87 1
88 1
89 1
90 1
91 1
92 2
93 3
94 1
95 1
96 14
97 1
98 1
99 1
100 5
101 1
102 1
103 3
104 1
105 1
106 8
107 1
108 1
109 3
110 1
111 12
112 1
113 1
114 1
115 3
116 5
117 18
118 1
119 2
120 1
121 5
122 10
123 1
124 1
125 1
126 1
127 1
128 2
129 1
130 1
131 2
132 1
133 1
134 7
135 1
136 1
137 1
138 1
139 2
140 1
141 1
142 1
143 1
144 1
145 1
146 1
147 1
148 2
149 1
150 2
151 1
152 1
153 16
154 1
155 4
156 1
157 4
158 1
159 1
160 1
161 40
162 2
163 2
164 7
165 2
166 1
167 1
168 1
169 2
170 1
171 4
172 9
173 1
174 1
175 2
176 1
177 1
178 1
179 2
180 2
181 1
182 1
183 3
184 1
185 1
186 1
187 2
188 1
189 1
190 3
191 3
192 3
193 9
194 1
195 1
196 3
197 2
198 1
199 1
200 1
201 59
202 1
203 3
204 1
205 1
206 2
207 2
208 4
209 2
210 2
211 1
212 1
213 1
214 1
215 1
216 1
217 1
218 1
219 2
220 1
221 3
222 1
223 1
224 1
225 1
226 1
227 1
228 1
229 1
230 1
231 1
232 3
233 1
234 1
235 1
236 39
237 1
238 1
239 6
240 1
241 1
242 7
243 1
244 1
245 1
246 2
247 1
248 1
249 15
250 1
251 1
252 3
253 1
254 1
255 1
256 1
257 1
258 1
259 4
260 1
261 9
262 1
263 1
264 1
265 1
266 3
267 3
268 2
269 2
270 1
271 1
272 1
273 1
274 2
275 1
276 1
277 1
278 3
279 1
280 1
281 8
282 1
283 1
284 1
285 5
286 1
287 1
288 1
289 1
290 1
291 2
292 2
293 1
294 20
295 1
296 1
297 1
298 1
299 1
300 1
301 1
302 1
303 4
304 1
305 1
306 1
307 1
308 1
309 2
310 1
311 1
312 1
313 6
314 1
315 1
316 13
317 1
318 1
319 1
320 2
321 2
322 6
323 1
324 9
325 1
326 1
327 1
328 7
329 1
330 1
331 1
332 2
333 1
334 1
335 1
336 3
337 1
338 1
339 1
340 1
341 1
342 1
343 1
344 1
345 1
346 1
347 1
348 2
349 1
350 2
351 1
352 6
353 1
354 1
355 1
356 1
357 3
358 1
359 2
360 1
361 2
362 4
363 1
364 1
365 1
366 1
367 1
368 5
369 19
370 5
371 1
372 2
373 1
374 1
375 1
376 1
377 1
378 2
379 1
380 2
381 9
382 1
383 1
384 2
385 1
386 3
387 1
388 1
389 1
390 1
391 1
392 1
393 1
394 1
395 1
396 1
397 2
398 2
399 1
400 1
401 1
402 1
403 1
404 2
405 1
406 1
407 1
408 1
409 1
410 1
411 1
412 1
413 1
414 2
415 4
416 2
417 1
418 1
419 1
420 1
421 5
422 2
423 2
424 1
425 1
426 1
427 1
428 1
429 1
430 1
431 1
432 1
433 1
434 1
435 1
436 1
437 8
438 2
439 1
440 2
441 2
442 1
443 1
444 2
445 1
446 1
447 2
448 2
449 2
450 2
451 1
452 1
453 3
454 4
455 3
456 9
457 1
458 1
459 1
460 1
461 1
462 1
463 1
464 2
465 1
466 1
467 1
468 1
469 1
470 1
471 1
472 1
473 1
474 1
475 22
476 38
477 4
478 2
479 1
480 1
481 2
482 1
483 1
484 2
485 1
486 1
487 1
488 1
489 1
490 1
491 1
492 1
493 1
494 1
495 2
496 1
497 11
498 4
499 1
500 2
501 2
502 7
503 7
504 8
505 1
506 1
507 1
508 5
509 2
510 1
511 1
512 4
513 1
514 2
515 2
516 3
517 1
518 1
519 1
520 7
521 5
522 1
523 1
524 1
525 3
526 1
527 2
528 4
529 1
530 1
531 4
532 3
533 1
534 1
535 1
536 1
537 1
538 1
539 1
540 29
541 1
542 1
543 2
544 1
545 1
546 1
547 2
548 1
549 1
550 1
551 1
552 1
553 1
554 1
555 1
556 1
557 1
558 1
559 313
560 1
561 1
562 1
563 12
564 1
565 1
566 2
567 5
568 2
569 1
570 1
571 2
572 1
573 11
574 1
575 4
576 1
577 2
578 1
579 2
580 3
581 1
582 7
583 1
584 1
585 1
586 2
587 5
588 1
589 1
590 3
591 1
592 1
593 1
594 1
595 1
596 2
597 1
598 1
599 1
600 1
601 6
602 3
603 2
604 1
605 1
606 106
607 1
608 1
609 1
610 1
611 1
612 2
613 1
614 1
615 1
616 1
617 1
618 1
619 1
620 5
621 1
622 1
623 3
624 1
625 1
626 1
627 1
628 1
629 3
630 1
631 1
632 3
633 1
634 3
635 1
636 2
637 1
638 3
639 1
640 3
641 1
642 3
643 1
644 4
645 1
646 1
647 1
648 1
649 1
650 1
651 1
652 3
653 2
654 2
655 1
656 1
657 2
658 2
659 1
660 1
661 1
662 6
663 1
664 2
665 1
666 2
667 1
668 1
669 1
670 1
671 6
672 1
673 1
674 6
675 1
676 1
677 1
678 3
679 1
680 1
681 1
682 1
683 1
684 1
685 1
686 2
687 7
688 1
689 1
690 1
691 1
692 1
693 1
694 1
695 1
696 1
697 1
698 3
699 1
700 1
701 1
702 2
703 1
704 1
705 1
706 2
707 1
708 4
709 1
710 1
711 1
712 1
713 1
714 1
715 1
716 1
717 1
718 1
719 2
720 1
721 1
722 1
723 1
724 1
725 1
726 1
727 1
728 1
729 1
730 1
731 1
732 2
733 1
734 2
735 1
736 2
737 1
738 2
739 1
740 1
741 2
742 1
743 1
744 1
745 1
746 1
747 1
748 1
749 4
750 1
751 2
752 1
753 1
754 1
755 1
756 1
757 4
758 1
759 2
760 1
761 2
762 1
763 7
764 4
765 1
766 1
767 3
768 1
769 1
770 1
771 30
772 14
773 1
774 1
775 1
776 1
777 2
778 2
779 1
780 1
781 3
782 4
783 1
784 4
785 1
786 1
787 3
788 4
789 1
790 1
791 1
792 1
793 1
794 1
795 1
796 1
797 1
798 4
799 1
800 1
801 1
802 1
803 1
804 1
805 1
806 14
807 1
808 1
809 5
810 1
811 2
812 4
813 2
814 1
815 1
816 7
817 4
818 3
819 1
820 1
821 1
822 1
823 1
824 1
825 1
826 1
827 1
828 1
829 1
830 3
831 1
832 1
833 2
834 1
835 1
836 1
837 2
838 2
839 8
840 2
841 1
842 1
843 1
844 2
845 1
846 1
847 1
848 1
849 19
850 1
851 1
852 1
853 1
854 1
855 2
856 1
857 1
858 17
859 2
860 9
861 1
862 1
863 1
864 1
865 1
866 1
867 1
868 1
869 2
870 3
871 3
872 1
873 5
874 1
875 4
876 2
877 1
878 1
879 1
880 1
881 1
882 1
883 1
884 1
885 2
886 1
887 30
888 1
889 4
890 1
891 1
892 3
893 1
894 1
895 2
896 1
897 1
898 1
899 2
900 1
901 2
902 2
903 1
904 1
905 1
906 3
907 1
908 1
909 6
910 1
911 1
912 2
913 1
914 2
915 1
916 3
917 1
918 1
919 2
920 1
921 1
922 1
923 7
924 1
925 1
926 6
927 4
928 1
929 2
930 1
931 1
932 1
933 3
934 11
935 1
936 1
937 1
938 1
939 1
940 16
941 16
942 3
943 1
944 1
945 1
946 3
947 1
948 1
949 5
950 2
951 1
952 1
953 2
954 1
955 1
956 1
957 1
958 1
959 1
960 1
961 1
962 1
963 1
964 6
965 5
966 5
967 1
968 1
969 4
970 11
971 1
972 2
973 2
974 1
975 1
976 1
977 2
978 1
979 3
980 4
981 1
982 1
983 1
984 1
985 1
986 1
987 1
988 1
989 1
990 1
991 1
992 1
993 1
994 1
995 4
996 3
997 1
998 1
999 1
1000 30
1001 1
1002 1
1003 1
1004 2
1005 1
1006 11
1007 5
1008 1
1009 2
1010 1
1011 2
1012 1
1013 1
1014 2
1015 1
1016 1
1017 2
1018 2
1019 3
1020 2
1021 1
1022 1
1023 1
1024 1
1025 1
1026 1
1027 1
1028 1
1029 4
1030 2
1031 1
1032 4
1033 1
1034 1
1035 2
1036 1
1037 1
1038 5
1039 1
1040 2
1041 1
1042 1
1043 1
1044 4
1045 1
1046 1
1047 5
1048 1
1049 71
1050 1
1051 2
1052 1
1053 1
1054 4
1055 1
1056 1
1057 1
1058 1
1059 1
1060 1
1061 1
1062 5
1063 1
1064 1
1065 1
1066 1
1067 2
1068 1
1069 1
1070 2
1071 3
1072 1
1073 1
1074 1
1075 2
1076 2
1077 1
1078 4
1079 1
1080 1
1081 1
1082 12
1083 1
1084 1
1085 1
1086 1
1087 1
1088 1
1089 1
1090 1
1091 1
1092 1
1093 1
1094 2
1095 1
1096 1
1097 2
1098 1
1099 1
1100 1
1101 3
1102 2
1103 1
1104 1
1105 7
1106 1
1107 4
1108 1
1109 1
1110 1
1111 1
1112 1
1113 1
1114 1
1115 3
1116 1
1117 1
1118 1
1119 1
1120 12
1121 1
1122 1
1123 1
1124 1
1125 1
1126 2
1127 1
1128 2
1129 1
1130 2
1131 1
1132 1
1133 1
1134 1
1135 1
1136 1
1137 1
1138 1
1139 1
1140 1
1141 1
1142 1
1143 1
1144 1
1145 1
1146 1
1147 4
1148 1
1149 5
1150 1
1151 1
1152 2
1153 1
1154 5
1155 1
1156 1
1157 1
1158 1
1159 1
1160 1
1161 2
1162 1
1163 1
1164 1
1165 2
1166 3
1167 1
1168 1
1169 4
1170 1
1171 1
1172 1
1173 1
1174 2
1175 1
1176 1
1177 1
1178 35
1179 1
1180 1
1181 1
1182 1
1183 1
1184 1
1185 1
1186 1
1187 1
1188 2
1189 1
1190 1
1191 1
1192 1
1193 8
1194 1
1195 2
1196 1
1197 2
1198 1
1199 1
1200 1
1201 1
1202 1
1203 2
1204 1
1205 1
1206 3
1207 1
1208 1
1209 261
1210 1
1211 6
1212 1
1213 2
1214 1
1215 1
1216 1
1217 2
1218 1
1219 1
1220 1
1221 18
1222 1
1223 1
1224 1
1225 1
1226 1
1227 1
1228 1
1229 5
1230 1
1231 2
1232 4
1233 1
1234 1
1235 1
1236 1
1237 1
1238 3
1239 1
1240 1
1241 1
1242 1
1243 1
1244 1
1245 1
1246 1
1247 1
1248 1
1249 1
1250 1
1251 1
1252 1
1253 1
1254 31
1255 3
1256 1
1257 2
1258 1
1259 1
1260 2
1261 2
1262 1
1263 1
1264 1
1265 1
1266 5
1267 1
1268 1
1269 4
1270 1
1271 1
1272 2
1273 1
1274 1
1275 1
1276 2
1277 1
1278 1
1279 1
1280 1
1281 1
1282 5
1283 2
1284 1
1285 1
1286 1
1287 1
1288 6
1289 4
1290 1
1291 1
1292 1
1293 6
1294 1
1295 1
1296 1
1297 1
1298 1
1299 2
1300 3
1301 1
1302 2
1303 5
1304 1
1305 1
1306 1
1307 1
1308 1
1309 1
1310 2
1311 3
1312 1
1313 3
1314 21
1315 1
1316 1
1317 1
1318 1
1319 1
1320 1
1321 1
1322 1
1323 1
1324 1
1325 1
1326 1
1327 1
1328 1
1329 2
1330 1
1331 1
1332 7
1333 8
1334 1
1335 1
1336 1
1337 1
1338 3
1339 1
1340 1
1341 3
1342 3
1343 1
1344 1
1345 1
1346 3
1347 1
1348 1
1349 24
1350 1
1351 1
1352 7
1353 1
1354 1
1355 1
1356 2
1357 1
1358 1
1359 1
1360 1
1361 2
1362 1
1363 1
1364 1
1365 3
1366 1
1367 1
1368 1
1369 1
1370 7
1371 2
1372 1
1373 1
1374 2
1375 2
1376 2
1377 1
1378 1
1379 1
1380 2
1381 5
1382 2
1383 1
1384 1
1385 1
1386 5
1387 1
1388 1
1389 6
1390 1
1391 3
1392 5
1393 1
1394 4
1395 1
1396 1
1397 3
1398 1
1399 1
1400 2
1401 4
1402 1
1403 1
1404 1
1405 1
1406 1
1407 1
1408 1
1409 1
1410 1
1411 3
1412 1
1413 1
1414 2
1415 1
1416 1
1417 1
1418 1
1419 2
1420 3
1421 1
1422 4
1423 1
1424 1
1425 4
1426 1
1427 2
1428 1
1429 1
1430 1
1431 7
1432 1
1433 1
1434 1
1435 1
1436 1
1437 1
1438 1
1439 1
1440 1
1441 1
1442 1
1443 4
1444 5
1445 1
1446 8
1447 2
1448 1
1449 2
1450 1
1451 1
1452 1
1453 1
1454 1
1455 1
1456 1
1457 1
1458 1
1459 1
1460 1
1461 1
1462 8
1463 1
1464 1
1465 1
1466 1
1467 2
1468 1
1469 1
1470 1
1471 1
1472 1
1473 1
1474 1
1475 1
1476 1
1477 1
1478 15
1479 1
1480 1
1481 1
1482 1
1483 5
1484 3
1485 1
1486 1
1487 2
1488 1
1489 1
1490 1
1491 1
1492 1
1493 1
1494 2
1495 4
1496 1
1497 1
1498 1
1499 2
1500 1
1501 1
1502 1
1503 1
1504 2
1505 2
1506 1
1507 1
1508 2
1509 1
1510 1
1511 1
1512 1
1513 1
1514 1
1515 11
1516 1
1517 1
1518 5
1519 3
1520 3
1521 1
1522 1
1523 1
1524 1
1525 2
1526 1
1527 1
1528 1
1529 1
1530 1
1531 2
1532 1
1533 1
1534 1
1535 1
1536 1
1537 1
1538 1
1539 1
1540 1
1541 1
1542 1
1543 2
1544 1
1545 1
1546 3
1547 1
1548 3
1549 2
1550 1
1551 1
1552 2
1553 1
1554 2
1555 3
1556 1
1557 2
1558 3
1559 1
1560 5
1561 1
1562 1
1563 1
1564 1
1565 3
1566 1
1567 18
1568 2
1569 15
1570 1
1571 1
1572 28
1573 1
1574 4
1575 1
1576 2
1577 8
1578 2
1579 3
1580 3
1581 4
1582 1
1583 1
1584 1
1585 1
1586 1
1587 1
1588 1
1589 2
1590 1
1591 1
1592 1
1593 2
1594 1
1595 3
1596 1
1597 2
1598 1
1599 1
1600 2
1601 1
1602 2
1603 1
1604 9
1605 1
1606 1
1607 1
1608 1
1609 4
1610 1
1611 1
1612 1
1613 1
1614 1
1615 1
1616 1
1617 4
1618 1
1619 3
1620 1
1621 1
1622 1
1623 1
1624 1
1625 1
1626 1
1627 2
1628 2
1629 3
1630 2
1631 2
1632 1
1633 2
1634 1
1635 1
1636 1
1637 1
1638 2
1639 1
1640 1
1641 5
1642 1
1643 2
1644 1
1645 1
1646 1
1647 3
1648 1
1649 3
1650 1
1651 2
1652 1
1653 4
1654 1
1655 1
1656 1
1657 1
1658 13
1659 1
1660 4
1661 1
1662 1
1663 2
1664 1
1665 1
1666 1
1667 1
1668 2
1669 1
1670 1
1671 1
1672 1
1673 2
1674 1
1675 1
1676 1
1677 1
1678 4
1679 2
1680 1
1681 1
1682 3
1683 3
1684 3
1685 1
1686 10
1687 1
1688 1
1689 3
1690 1
1691 1
1692 1
1693 1
1694 1
1695 1
1696 6
1697 1
1698 1
1699 3
1700 1
1701 1
1702 1
1703 1
1704 1
1705 1
1706 8
1707 3
1708 1
1709 1
1710 1
1711 1
1712 1
1713 1
1714 1
1715 2
1716 3
1717 1
1718 1
1719 1
1720 1
1721 1
1722 1
1723 1
1724 2
1725 1
1726 1
1727 1
1728 1
1729 2
1730 1
1731 1
1732 1
1733 1
1734 1
1735 2
1736 1
1737 1
1738 1
1739 2
1740 1
1741 1
1742 1
1743 1
1744 1
1745 1
1746 1
1747 12
1748 1
1749 5
1750 2
1751 4
1752 2
1753 1
1754 1
1755 5
1756 5
1757 1
1758 2
1759 1
1760 1
1761 1
1762 1
1763 1
1764 1
1765 1
1766 1
1767 1
1768 2
1769 1
1770 1
1771 1
1772 3
1773 1
1774 5
1775 1
1776 1
1777 1
1778 1
1779 1
1780 1
1781 1
1782 1
1783 27
1784 1
1785 3
1786 2
1787 1
1788 1
1789 1
1790 2
1791 1
1792 1
1793 3
1794 1
1795 1
1796 1
1797 1
1798 3
1799 6
1800 32
1801 2
1802 1
1803 2
1804 1
1805 1
1806 1
1807 1
1808 1
1809 1
1810 2
1811 1
1812 1
1813 3
1814 3
1815 1
1816 1
1817 1
1818 1
1819 1
1820 1
1821 1
1822 8
1823 1
1824 1
1825 1
1826 2
1827 3
1828 1
1829 1
1830 1
1831 1
1832 1
1833 1
1834 1
1835 2
1836 1
1837 1
1838 1
1839 3
1840 3
1841 1
1842 1
1843 2
1844 1
1845 1
1846 1
1847 1
1848 1
1849 1
1850 2
1851 1
1852 1
1853 1
1854 17
1855 1
1856 1
1857 1
1858 1
1859 1
1860 1
1861 1
1862 1
1863 2
1864 3
1865 2
1866 1
1867 1
1868 2
1869 4
1870 1
1871 2
1872 1
1873 2
1874 31
1875 3
1876 6
1877 1
1878 1
1879 3
1880 2
1881 3
1882 4
1883 1
1884 1
1885 3
1886 1
1887 3
1888 10
1889 1
1890 1
1891 1
1892 5
1893 1
1894 1
1895 1
1896 1
1897 1
1898 1
1899 1
1900 4
1901 2
1902 2
1903 1
1904 1
1905 1
1906 3
1907 1
1908 1
1909 1
1910 32
1911 2
1912 1
1913 3
1914 1
1915 1
1916 2
1917 1
1918 1
1919 1
1920 1
1921 1
1922 2
1923 11
1924 2
1925 1
1926 4
1927 1
1928 2
1929 3
1930 1
1931 1
1932 1
1933 1
1934 1
1935 1
1936 1
1937 1
1938 2
1939 1
1940 1
1941 4
1942 2
1943 1
1944 1
1945 1
1946 1
1947 1
1948 1
1949 1
1950 1
1951 1
1952 1
1953 2
1954 411
1955 1
1956 1
1957 1
1958 1
1959 1
1960 6
1961 3
1962 2
1963 1
1964 1
1965 1
1966 1
1967 1
1968 2
1969 2
1970 1
1971 1
1972 1
1973 1
1974 3
1975 1
1976 1
1977 2
1978 1
1979 1
1980 1
1981 2
1982 1
1983 3
1984 3
1985 5
1986 1
1987 2
1988 1
1989 1
1990 4
1991 1
1992 3
1993 1
1994 1
1995 1
1996 1
1997 1
1998 1
1999 2
2000 1
2001 2
2002 1
2003 4
2004 1
2005 1
2006 1
2007 4
2008 5
2009 1
2010 1
2011 1
2012 1
2013 9
2014 1
2015 2
2016 2
2017 2
2018 1
2019 1
2020 1
2021 2
2022 2
2023 10
2024 1
2025 1
2026 1
2027 1
2028 1
2029 1
2030 1
2031 1
2032 1
2033 1
2034 1
2035 3
2036 1
2037 1
2038 1
2039 2
2040 1
2041 2
2042 2
2043 1
2044 1
2045 1
2046 1
2047 1
2048 1
2049 1
2050 1
2051 2
2052 2
2053 1
2054 13
2055 1
2056 1
2057 1
2058 2
2059 14
2060 4
2061 2
2062 1
2063 1
2064 2
2065 2
2066 2
2067 1
2068 1
2069 1
2070 1
2071 1
2072 1
2073 1
2074 1
2075 1
2076 1
2077 1
2078 1
2079 1
2080 9
2081 1
2082 2
2083 1
2084 1
2085 1
2086 1
2087 6
2088 1
2089 2
2090 1
2091 1
2092 1
2093 5
2094 1
2095 1
2096 5
2097 1
2098 4
2099 1
2100 2
2101 4
2102 1
2103 1
2104 1
2105 1
2106 1
2107 1
2108 2
2109 1
2110 1
2111 1
2112 1
2113 5
2114 1
2115 2
2116 1
2117 1
2118 6
2119 11
2120 1
2121 2
2122 1
2123 1
2124 1
2125 2
2126 1
2127 1
2128 1
2129 2
2130 2
2131 1
2132 1
2133 1
2134 1
2135 1
2136 1
2137 1
2138 1
2139 1
2140 1
2141 5
2142 1
2143 1
2144 1
2145 4
2146 1
2147 1
2148 1
2149 1
2150 3
2151 1
2152 5
2153 2
2154 1
2155 1
2156 9
2157 1
2158 1
2159 2
2160 1
2161 1
2162 2
2163 1
2164 1
2165 1
2166 1
2167 1
2168 1
2169 1
2170 1
2171 2
2172 1
2173 1
2174 1
2175 1
2176 1
2177 1
2178 1
2179 1
2180 2
2181 1
2182 1
2183 1
2184 2
2185 2
2186 1
2187 1
2188 5
2189 1
2190 1
2191 1
2192 1
2193 1
2194 5
2195 2
2196 1
2197 1
2198 6
2199 1
2200 1
2201 1
2202 1
2203 13
2204 2
2205 1
2206 1
2207 1
2208 1
2209 1
2210 1
2211 2
2212 1
2213 1
2214 5
2215 1
2216 1
2217 1
2218 1
2219 3
2220 2
2221 1
2222 1
2223 1
2224 2
2225 3
2226 1
2227 1
2228 1
2229 1
2230 1
2231 1
2232 1
2233 12
2234 1
2235 1
2236 4
2237 1
2238 1
2239 1
2240 1
2241 1
2242 1
2243 2
2244 1
2245 1
2246 1
2247 1
2248 214
2249 3
2250 1
2251 1
2252 10
2253 1
2254 2
2255 31
2256 2
2257 2
2258 1
2259 1
2260 1
2261 1
2262 3
2263 1
2264 1
2265 3
2266 1
2267 3
2268 1
2269 1
2270 1
2271 1
2272 1
2273 4
2274 1
2275 1
2276 1
2277 3
2278 82
2279 8
2280 1
2281 5
2282 3
2283 1
2284 1
2285 1
2286 1
2287 2
2288 2
2289 3
2290 1
2291 1
2292 1
2293 1
2294 1
2295 1
2296 1
2297 1
2298 1
2299 1
2300 1
2301 5
2302 1
2303 1
2304 1
2305 1
2306 9
2307 1
2308 1
2309 1
2310 1
2311 1
2312 2
2313 2
2314 1
2315 1
2316 1
2317 1
2318 1
2319 1
2320 1
2321 1
2322 4
2323 2
2324 1
2325 16
2326 1
2327 1
2328 1
2329 1
2330 1
2331 1
2332 1
2333 2
2334 1
2335 3
2336 2
2337 1
2338 1
2339 17
2340 1
2341 1
2342 2
2343 2
2344 1
2345 26
2346 1
2347 2
2348 4
2349 1
2350 1
2351 1
2352 4
2353 8
2354 1
2355 1
2356 2
2357 1
2358 1
2359 2
2360 1
2361 2
2362 1
2363 1
2364 1
2365 1
2366 1
2367 1
2368 1
2369 2
2370 1
2371 16
2372 1
2373 1
2374 2
2375 1
2376 1
2377 4
2378 1
2379 15
2380 2
2381 1
2382 4
2383 1
2384 12
2385 1
2386 1
2387 2
2388 1
2389 1
2390 1
2391 1
2392 1
2393 1
2394 1
2395 1
2396 58
2397 2
2398 1
2399 2
2400 1
2401 1
2402 2
2403 4
2404 2
2405 1
2406 1
2407 4
2408 1
2409 1
2410 1
2411 1
2412 1
2413 1
2414 1
2415 15
2416 1
2417 1
2418 1
2419 1
2420 2
2421 1
2422 1
2423 1
2424 2
2425 1
2426 1
2427 2
2428 1
2429 1
2430 1
2431 1
2432 1
2433 1
2434 1
2435 1
2436 1
2437 2
2438 1
2439 1
2440 1
2441 1
2442 1
2443 1
2444 1
2445 1
2446 2
2447 1
2448 1
2449 1
2450 1
2451 2
2452 1
2453 2
2454 1
2455 1
2456 2
2457 1
2458 1
2459 2
2460 1
2461 1
2462 1
2463 1
2464 1
2465 1
2466 1
2467 1
2468 1
2469 28
2470 1
2471 2
2472 1
2473 1
2474 1
2475 4
2476 1
2477 1
2478 1
2479 2
2480 1
2481 1
2482 1
2483 1
2484 1
2485 1
2486 1
2487 1
2488 2
2489 2
2490 3
2491 1
2492 4
2493 1
2494 1
2495 5
2496 1
2497 1
2498 1
2499 1
2500 10
2501 3
2502 1
2503 2
2504 1
2505 2
2506 1
2507 2
2508 1
2509 1
2510 1
2511 1
2512 1
2513 1
2514 1
2515 1
2516 1
2517 1
2518 2
2519 1
2520 1
2521 1
2522 1
2523 3
2524 1
2525 8
2526 1
2527 1
2528 1
2529 7
2530 1
2531 1
2532 1
2533 1
2534 5
2535 1
2536 1
2537 2
2538 1
2539 1
2540 9
2541 1
2542 1
2543 3
2544 1
2545 4
2546 1
2547 2
2548 1
2549 1
2550 1
2551 1
2552 1
2553 1
2554 3
2555 1
2556 1
2557 1
2558 1
2559 1
2560 23
2561 1
2562 1
2563 1
2564 1
2565 1
2566 1
2567 1
2568 1
2569 3
2570 2
2571 1
2572 1
2573 2
2574 1
2575 1
2576 1
2577 1
2578 1
2579 1
2580 1
2581 1
2582 1
2583 1
2584 1
2585 1
2586 1
2587 14
2588 1
2589 1
2590 1
2591 3
2592 1
2593 1
2594 17
2595 1
2596 1
2597 1
2598 1
2599 6
2600 1
2601 2
2602 1
2603 1
2604 1
2605 1
2606 1
2607 1
2608 1
2609 1
2610 1
2611 1
2612 1
2613 1
2614 1
2615 1
2616 2
2617 1
2618 1
2619 1
2620 1
2621 4
2622 13
2623 5
2624 3
2625 2
2626 1
2627 2
2628 1
2629 2
2630 1
2631 61
2632 2
2633 4
2634 1
2635 1
2636 1
2637 1
2638 2
2639 1
2640 1
2641 36
2642 26
2643 10
2644 1
2645 2
2646 1
2647 1
2648 1
2649 1
2650 1
2651 5
2652 1
2653 4
2654 1
2655 1
2656 2
2657 5
2658 1
2659 4
2660 1
2661 1
2662 10
2663 3
2664 1
2665 3
2666 4
2667 1
2668 2
2669 1
2670 2
2671 1
2672 1
2673 1
2674 1
2675 3
2676 2
2677 1
2678 1
2679 1
2680 4
2681 2
2682 1
2683 1
2684 1
2685 1
2686 3
2687 1
2688 1
2689 1
2690 1
2691 1
2692 2
2693 1
2694 4
2695 1
2696 2
2697 1
2698 2
2699 1
2700 1
2701 4
2702 5
2703 5
2704 5
2705 1
2706 1
2707 1
2708 1
2709 15
2710 1
2711 1
2712 246
2713 1
2714 1
2715 3
2716 1
2717 5
2718 1
2719 1
2720 1
2721 1
2722 1
2723 1
2724 1
2725 1
2726 1
2727 1
2728 1
2729 1
2730 1
2731 2
2732 1
2733 2
2734 1
2735 1
2736 1
2737 1
2738 3
2739 4
2740 1
2741 1
2742 1
2743 1
2744 2
2745 1
2746 1
2747 1
2748 1
2749 1
2750 3
2751 1
2752 1
2753 1
2754 1
2755 1
2756 1
2757 2
2758 4
2759 1
2760 1
2761 3
2762 4
2763 1
2764 3
2765 1
2766 1
2767 2
2768 3
2769 1
2770 1
2771 4
2772 1
2773 1
2774 1
2775 8
2776 1
2777 1
2778 1
2779 6
2780 2
2781 1
2782 17
2783 2
2784 2
2785 2
2786 1
2787 1
2788 1
2789 1
2790 1
2791 1
2792 3
2793 3
2794 2
2795 1
2796 1
2797 1
2798 1
2799 1
2800 1
2801 2
2802 1
2803 2
2804 1
2805 1
2806 1
2807 1
2808 2
2809 1
2810 1
2811 1
2812 8
2813 2
2814 1
2815 3
2816 2
2817 2
2818 1
2819 1
2820 2
2821 8
2822 2
2823 1
2824 9
2825 1
2826 1
2827 1
2828 1
2829 1
2830 5
2831 2
2832 1
2833 1
2834 1
2835 1
2836 1
2837 1
2838 1
2839 1
2840 2
2841 6
2842 4
2843 1
2844 1
2845 1
2846 3
2847 1
2848 1
2849 1
2850 1
2851 1
2852 1
2853 3
2854 2
2855 1
2856 1
2857 1
2858 1
2859 1
2860 2
2861 1
2862 1
2863 1
2864 1
2865 1
2866 1
2867 7
2868 1
2869 1
2870 1
2871 1
2872 1
2873 3
2874 2
2875 1
2876 1
2877 1
2878 1
2879 1
2880 1
2881 1
2882 1
2883 2
2884 2
2885 1
2886 1
2887 1
2888 1
2889 1
2890 1
2891 1
2892 2
2893 1
2894 3
2895 3
2896 1
2897 1
2898 1
2899 1
2900 7
2901 3
2902 2
2903 1
2904 1
2905 3
2906 1
2907 1
2908 1
2909 1
2910 2
2911 1
2912 2
2913 2
2914 1
2915 4
2916 1
2917 26
2918 1
2919 1
2920 21
2921 1
2922 1
2923 1
2924 1
2925 1
2926 1
2927 1
2928 1
2929 1
2930 1
2931 1
2932 1
2933 5
2934 1
2935 2
2936 1
2937 3
2938 1
2939 3
2940 1
2941 2
2942 2
2943 1
2944 2
2945 35
2946 2
2947 1
2948 3
2949 2
2950 1
2951 1
2952 2
2953 1
2954 1
2955 10
2956 1
2957 1
2958 1
2959 2
2960 1
2961 1
2962 1
2963 1
2964 1
2965 1
2966 6
2967 1
2968 1
2969 2
2970 4
2971 1
2972 1
2973 2
2974 1
2975 1
2976 1
2977 1
2978 2
2979 5
2980 1
2981 1
2982 1
2983 1
2984 4
2985 8
2986 2
2987 1
2988 1
2989 1
2990 1
2991 2
2992 2
2993 1
2994 2
2995 1
2996 1
2997 2
