0 17
1 44
2 1
3 3
4 2
5 2
6 5
7 1
8 1
9 1
10 1
11 1
12 1
13 1
14 1
15 1
16 1
17 1
18 3
19 1
20 1
21 1
22 3
23 1
24 2
25 8
26 1
27 1
28 1
29 1
30 1
31 1
32 1
33 13
34 4
35 36
36 1
37 1
38 1
39 1
40 3
41 1
42 1
43 3
44 1
45 1
46 1
47 1
48 1
49 2
50 3
51 2
52 3
53 1
54 1
55 1
56 1
57 4
58 10
59 1
60 2
61 2
62 84
63 1
64 2
65 1
66 1
67 3
68 4
69 1
70 1
71 1
72 7
73 4
74 1
75 1
76 1
77 1
78 2
79 1
80 2
81 7
82 1
83 12
84 5
85 1
86 1
87 1
88 3
89 1
90 1
91 1
92 1
93 1
94 1
95 1
96 1
97 2
98 4
99 1
100 1
101 2
102 1
103 2
104 1
105 34
106 1
107 1
108 1
109 2
110 1
111 1
112 1
113 1
114 1
115 1
116 1
117 1
118 1
119 11
120 1
121 2
122 1
123 5
124 1
125 1
126 1
127 2
128 1
129 2
130 1
131 1
132 2
133 4
134 2
135 1
136 2
137 1
138 4
139 1
140 1
141 1
142 15
143 1
144 2
145 10
146 2
147 1
148 1
149 1
150 1
151 3
152 1
153 1
154 1
155 1
156 1
157 2
158 1
159 5
160 2
161 1
162 2
163 1
164 1
165 3
166 1
167 1
168 2
169 1
170 2
171 1
172 1
173 1
174 1
175 2
176 1
177 1
178 1
179 1
180 1
181 1
182 7
183 3
184 1
185 3
186 2
187 1
188 1
189 2
190 1
191 1
192 1
193 2
194 1
195 3
196 1
197 1
198 1
199 2
200 8
201 2
202 3
203 1
204 3
205 1
206 1
207 1
208 1
209 3
210 1
211 1
212 1
213 1
214 3
215 1
216 1
217 9
218 4
219 1
220 1
221 5
222 1
223 1
224 2
225 1
226 1
227 5
228 1
229 1
230 1
231 2
232 2
233 1
234 1
235 1
236 6
237 1
238 66
239 1
240 2
241 2
242 2
243 3
244 36
245 1
246 2
247 1
248 48
249 1
250 1
251 1
252 1
253 2
254 1
255 1
256 2
257 7
258 5
259 1
260 8
261 3
262 2
263 13
264 2
265 2
266 2
267 1
268 1
269 1
270 1
271 1
272 1
273 1
274 1
275 1
276 1
277 1
278 1
279 1
280 1
281 1
282 2
283 1
284 2
285 1
286 2
287 1
288 61
289 1
290 17
291 2
292 4
293 1
294 7
295 1
296 3
297 3
298 1
299 1
300 1
301 1
302 2
303 1
304 38
305 1
306 3
307 1
308 2
309 1
310 13
311 5
312 6
313 1
314 1
315 1
316 3
317 1
318 1
319 1
320 2
321 4
322 1
323 1
324 1
325 4
326 2
327 3
328 4
329 1
330 2
331 20
332 3
333 2
334 1
335 4
336 1
337 3
338 1
339 1
340 8
341 1
342 3
343 2
344 2
345 1
346 1
347 1
348 2
349 2
350 1
351 1
352 2
353 1
354 3
355 1
356 1
357 1
358 2
359 1
360 1
361 1
362 1
363 1
364 3
365 1
366 1
367 2
368 1
369 7
370 1
371 1
372 3
373 2
374 4
375 132
376 2
377 1
378 1
379 1
380 2
381 5
382 3
383 1
384 2
385 2
386 1
387 1
388 20
389 10
390 1
391 1
392 9
393 1
394 1
395 1
396 1
397 2
398 6
399 2
400 1
401 1
402 12
403 2
404 1
405 1
406 1
407 1
408 1
409 2
410 1
411 2
412 9
413 1
414 1
415 1
416 2
417 2
418 5
419 2
420 3
421 1
422 3
423 1
424 1
425 1
426 32
427 1
428 28
429 2
430 1
431 1
432 30
433 1
434 2
435 1
436 5
437 1
438 1
439 2
440 1
441 1
442 1
443 1
444 1
445 1
446 1
447 1
448 1
449 4
450 1
451 3
452 23
453 11
454 1
455 5
456 1
457 1
458 1
459 1
460 1
461 7
462 2
463 1
464 1
465 1
466 1
467 1
468 2
469 1
470 1
471 1
472 1
473 1
474 1
475 1
476 1
477 1
478 2
479 1
480 1
481 2
482 1
483 4
484 1
485 1
486 2
487 2
488 3
489 1
490 1
491 1
492 1
493 2
494 1
495 1
496 1
497 2
498 1
499 3
500 2
501 1
502 2
503 3
504 1
505 1
506 2
507 1
508 2
509 2
510 1
511 3
512 1
513 1
514 2
515 2
516 1
517 1
518 1
519 1
520 1
521 13
522 1
523 2
524 1
525 9
526 1
527 1
528 1
529 1
530 1
531 1
532 1
533 1
534 21
535 1
536 1
537 1
538 7
539 1
540 1
541 6
542 2
543 1
544 1
545 1
546 1
547 1
548 1
549 1
550 1
551 35
552 88
553 2
554 1
555 3
556 1
557 1
558 2
559 1
560 4
561 11
562 1
563 2
564 1
565 1
566 2
567 5
568 2
569 4
570 3
571 1
572 1
573 1
574 2
575 5
576 1
577 2
578 2
579 2
580 1
581 1
582 1
583 1
584 1
585 2
586 2
587 3
588 2
589 1
590 1
591 11
592 3
593 5
594 4
595 1
596 1
597 1
598 1
599 2
600 1
601 1
602 3
603 1
604 2
605 3
606 7
607 1
608 2
609 1
610 1
611 1
612 1
613 1
614 22
615 4
616 1
617 1
618 1
619 1
620 1
621 2
622 3
623 1
624 1
625 6
626 2
627 1
628 4
629 3
630 1
631 15
632 1
633 1
634 1
635 1
636 2
637 1
638 2
639 1
640 1
641 1
642 1
643 1
644 1
645 2
646 1
647 1
648 1
649 1
650 1
651 3
652 2
653 1
654 2
655 1
656 1
657 1
658 1
659 12
660 1
661 1
662 4
663 4
664 2
665 2
666 1
667 2
668 2
669 1
670 3
671 1
672 2
673 1
674 1
675 2
676 1
677 4
678 4
679 1
680 1
681 2
682 5
683 1
684 2
685 1
686 9
687 3
688 1
689 1
690 2
691 2
692 1
693 2
694 1
695 1
696 1
697 15
698 2
699 4
700 1
701 1
702 1
703 1
704 2
705 1
706 1
707 2
708 1
709 11
710 2
711 2
712 31
713 3
714 6
715 1
716 1
717 1
718 1
719 1
720 1
721 1
722 1
723 1
724 3
725 1
726 1
727 1
728 1
729 1
730 1
731 1
732 2
733 1
734 8
735 1
736 1
737 6
738 1
739 1
740 2
741 2
742 19
743 1
744 1
745 1
746 5
747 2
748 1
749 1
750 1
751 4
752 1
753 2
754 2
755 1
756 1
757 5
758 1
759 2
760 6
761 1
762 2
763 1
764 1
765 1
766 2
767 5
768 1
769 2
770 4
771 2
772 55
773 1
774 1
775 1
776 1
777 1
778 2
779 1
780 3
781 12
782 3
783 1
784 1
785 52
786 1
787 2
788 1
789 1
790 3
791 1
792 1
793 6
794 1
795 1
796 1
797 3
798 2
799 1
800 1
801 2
802 1
803 1
804 1
805 1
806 5
807 1
808 1
809 1
810 1
811 3
812 2
813 1
814 3
815 2
816 2
817 3
818 12
819 1
820 1
821 1
822 2
823 1
824 103
825 1
826 1
827 2
828 1
829 3
830 1
831 4
832 1
833 1
834 1
835 2
836 1
837 15
838 1
839 1
840 4
841 11
842 1
843 1
844 1
845 1
846 17
847 1
848 1
849 2
850 4
851 1
852 1
853 2
854 2
855 1
856 2
857 5
858 1
859 2
860 2
861 1
862 2
863 2
864 1
865 3
866 2
867 2
868 4
869 13
870 1
871 1
872 2
873 2
874 15
875 2
876 1
877 1
878 1
879 1
880 1
881 5
882 7
883 1
884 1
885 1
886 1
887 1
888 2
889 3
890 1
891 2
892 1
893 6
894 15
895 2
896 1
897 14
898 1
899 1
900 17
901 1
902 1
903 1
904 4
905 2
906 2
907 1
908 2
909 1
910 1
911 1
912 2
913 5
914 1
915 3
916 8
917 1
918 1
919 1
920 2
921 1
922 4
923 2
924 1
925 1
926 2
927 1
928 4
929 4
930 1
931 1
932 4
933 5
934 1
935 1
936 7
937 1
938 1
939 1
940 2
941 1
942 2
943 2
944 1
945 1
946 1
947 1
948 1
949 2
950 3
951 7
952 2
953 12
954 1
955 2
956 3
957 1
958 1
959 2
960 1
961 1
962 1
963 2
964 2
965 2
966 1
967 1
968 1
969 2
970 3
971 1
972 1
973 1
974 47
975 1
976 1
977 4
978 1
979 1
980 1
981 76
982 1
983 4
984 1
985 1
986 1
987 1
988 1
989 1
990 1
991 2
992 1
993 1
994 2
995 1
996 10
997 2
998 1
999 1
1000 6
1001 5
1002 1
1003 1
1004 2
1005 2
1006 1
1007 4
1008 1
1009 1
1010 1
1011 2
1012 3
1013 1
1014 2
1015 1
1016 7
1017 1
1018 1
1019 2
1020 3
1021 2
1022 1
1023 1
1024 2
1025 1
1026 2
1027 1
1028 1
1029 1
1030 1
1031 3
1032 1
1033 2
1034 1
1035 4
1036 4
1037 1
1038 1
1039 2
1040 1
1041 1
1042 2
1043 13
1044 1
1045 19
1046 3
1047 1
1048 1
1049 2
1050 4
1051 1
1052 1
1053 2
1054 1
1055 1
1056 1
1057 2
1058 1
1059 1
1060 1
1061 1
1062 5
1063 1
1064 1
1065 10
1066 1
1067 1
1068 1
1069 7
1070 6
1071 1
1072 3
1073 1
1074 1
1075 1
1076 1
1077 4
1078 1
1079 4
1080 58
1081 9
1082 1
1083 1
1084 4
1085 1
1086 2
1087 2
1088 1
1089 1
1090 1
1091 1
1092 5
1093 1
1094 2
1095 3
1096 2
1097 1
1098 4
1099 1
1100 1
1101 1
1102 1
1103 1
1104 1
1105 1
1106 5
1107 8
1108 2
1109 1
1110 4
1111 1
1112 10
1113 15
1114 1
1115 35
1116 2
1117 1
1118 5
1119 5
1120 2
1121 1
1122 1
1123 1
1124 1
1125 1
1126 1
1127 2
1128 2
1129 4
1130 1
1131 4
1132 2
1133 1
1134 2
1135 1
1136 2
1137 1
1138 1
1139 1
1140 1
1141 10
1142 1
1143 1
1144 6
1145 1
1146 3
1147 3
1148 1
1149 1
1150 2
1151 2
1152 2
1153 1
1154 1
1155 1
1156 1
1157 1
1158 3
1159 1
1160 1
1161 1
1162 1
1163 2
1164 1
1165 1
1166 2
1167 1
1168 1
1169 5
1170 1
1171 1
1172 1
1173 1
1174 1
1175 15
1176 1
1177 2
1178 1
1179 1
1180 1
1181 1
1182 4
1183 1
1184 1
1185 2
1186 1
1187 1
1188 1
1189 1
1190 2
1191 1
1192 1
1193 1
1194 1
1195 5
1196 1
1197 1
1198 1
1199 1
1200 4
1201 2
1202 1
1203 2
1204 1
1205 4
1206 1
1207 3
1208 2
1209 1
1210 1
1211 1
1212 1
1213 3
1214 2
1215 4
1216 1
1217 3
1218 2
1219 4
1220 6
1221 1
1222 4
1223 2
1224 2
1225 2
1226 1
1227 3
1228 1
1229 1
1230 1
1231 4
1232 1
1233 1
1234 67
1235 2
1236 3
1237 2
1238 1
1239 1
1240 2
1241 14
1242 3
1243 1
1244 3
1245 1
1246 3
1247 1
1248 1
1249 1
1250 1
1251 2
1252 37
1253 4
1254 1
1255 1
1256 5
1257 3
1258 1
1259 3
1260 1
1261 1
1262 5
1263 1
1264 1
1265 4
1266 1
1267 1
1268 2
1269 2
1270 2
1271 10
1272 1
1273 1
1274 2
1275 3
1276 1
1277 6
1278 1
1279 2
1280 1
1281 28
1282 1
1283 3
1284 1
1285 1
1286 1
1287 2
1288 3
1289 1
1290 3
1291 1
1292 1
1293 1
1294 2
1295 1
1296 1
1297 1
1298 1
1299 1
1300 2
1301 2
1302 1
1303 1
1304 1
1305 1
1306 1
1307 1
1308 1
1309 31
1310 1
1311 178
1312 1
1313 1
1314 1
1315 2
1316 2
1317 5
1318 31
1319 1
1320 1
1321 1
1322 1
1323 1
1324 1
1325 2
1326 1
1327 2
1328 2
1329 1
1330 1
1331 1
1332 1
1333 1
1334 1
1335 1
1336 2
1337 1
1338 3
1339 1
1340 1
1341 5
1342 3
1343 1
1344 1
1345 9
1346 2
1347 2
1348 2
1349 1
1350 5
1351 1
1352 2
1353 1
1354 5
1355 1
1356 4
1357 1
1358 1
1359 2
1360 31
1361 1
1362 3
1363 1
1364 2
1365 1
1366 2
1367 1
1368 2
1369 2
1370 3
1371 1
1372 7
1373 1
1374 4
1375 1
1376 3
1377 1
1378 2
1379 2
1380 6
1381 1
1382 3
1383 1
1384 1
1385 1
1386 10
1387 1
1388 5
1389 1
1390 1
1391 1
1392 1
1393 1
1394 1
1395 1
1396 2
1397 3
1398 2
1399 2
1400 1
1401 1
1402 1
1403 1
1404 1
1405 2
1406 1
1407 2
1408 1
1409 1
1410 22
1411 2
1412 1
1413 2
1414 1
1415 4
1416 5
1417 1
1418 1
1419 1
1420 4
1421 1
1422 1
1423 2
1424 1
1425 1
1426 32
1427 1
1428 1
1429 2
1430 1
1431 1
1432 2
1433 2
1434 2
1435 2
1436 8
1437 31
1438 1
1439 1
1440 1
1441 2
1442 2
1443 1
1444 2
1445 1
1446 3
1447 5
1448 1
1449 1
1450 1
1451 1
1452 1
1453 1
1454 2
1455 3
1456 1
1457 1
1458 2
1459 1
1460 1
1461 1
1462 1
1463 3
1464 1
1465 3
1466 1
1467 1
1468 1
1469 2
1470 2
1471 4
1472 1
1473 16
1474 1
1475 1
1476 1
1477 1
1478 9
1479 3
1480 2
1481 1
1482 1
1483 1
1484 1
1485 1
1486 1
1487 1
1488 1
1489 1
1490 2
1491 2
1492 1
1493 1
1494 7
1495 1
1496 50
1497 1
1498 1
1499 2
1500 1
1501 1
1502 2
1503 1
1504 1
1505 1
1506 234
1507 1
1508 1
1509 1
1510 2
1511 4
1512 3
1513 1
1514 1
1515 1
1516 5
1517 2
1518 4
1519 1
1520 23
1521 266
1522 1
1523 1
1524 2
1525 1
1526 1
1527 1
1528 1
1529 1
1530 1
1531 1
1532 2
1533 1
1534 1
1535 6
1536 1
1537 1
1538 1
1539 1
1540 1
1541 1
1542 1
1543 2
1544 1
1545 2
1546 1
1547 1
1548 1
1549 1
1550 1
1551 1
1552 1
1553 1
1554 2
1555 1
1556 43
1557 1
1558 3
1559 7
1560 61
1561 1
1562 2
1563 1
1564 2
1565 1
1566 1
1567 1
1568 12
1569 1
1570 53
1571 1
1572 1
1573 13
1574 1
1575 1
1576 1
1577 1
1578 1
1579 1
1580 11
1581 1
1582 1
1583 1
1584 1
1585 1
1586 2
1587 2
1588 4
1589 3
1590 1
1591 2
1592 1
1593 1
1594 2
1595 11
1596 2
1597 3
1598 5
1599 1
1600 1
1601 1
1602 1
1603 5
1604 2
1605 1
1606 1
1607 2
1608 1
1609 2
1610 1
1611 1
1612 2
1613 1
1614 4
1615 3
1616 1
1617 1
1618 1
1619 20
1620 1
1621 3
1622 3
1623 1
1624 1
1625 1
1626 1
1627 1
1628 3
1629 9
1630 36
1631 3
1632 1
1633 1
1634 8
1635 2
1636 1
1637 1
1638 9
1639 2
1640 1
1641 1
1642 6
1643 2
1644 1
1645 2
1646 2
1647 1
1648 2
1649 1
1650 1
1651 7
1652 1
1653 7
1654 4
1655 1
1656 1
1657 4
1658 1
1659 1
1660 1
1661 6
1662 1
1663 1
1664 2
1665 1
1666 1
1667 5
1668 5
1669 1
1670 1
1671 2
1672 1
1673 1
1674 1
1675 1
1676 2
1677 1
1678 1
1679 1
1680 1
1681 2
1682 1
1683 1
1684 1
1685 1
1686 1
1687 1
1688 1
1689 8
1690 3
1691 1
1692 2
1693 1
1694 1
1695 10
1696 4
1697 2
1698 1
1699 3
1700 1
1701 1
1702 1
1703 4
1704 1
1705 3
1706 2
1707 10
1708 1
1709 5
1710 1
1711 1
1712 1
1713 6
1714 1
1715 1
1716 2
1717 4
1718 18
1719 3
1720 3
1721 1
1722 1
1723 6
1724 2
1725 2
1726 4
1727 25
1728 1
1729 1
1730 3
1731 2
1732 1
1733 4
1734 1
1735 1
1736 1
1737 1
1738 1
1739 1
1740 1
1741 1
1742 3
1743 1
1744 1
1745 1
1746 1
1747 1
1748 1
1749 11
1750 1
1751 3
1752 9
1753 2
1754 2
1755 1
1756 1
1757 2
1758 1
1759 2
1760 1
1761 2
1762 1
1763 3
1764 1
1765 1
1766 2
1767 2
1768 1
1769 1
1770 1
1771 2
1772 2
1773 3
1774 2
1775 1
1776 1
1777 1
1778 3
1779 1
1780 1
1781 9
1782 1
1783 1
1784 1
1785 4
1786 1
1787 9
1788 1
1789 1
1790 2
1791 1
1792 4
1793 1
1794 2
1795 2
1796 1
1797 1
1798 1
1799 4
1800 1
1801 1
1802 1
1803 1
1804 1
1805 2
1806 1
1807 3
1808 1
1809 3
1810 1
1811 26
1812 1
1813 1
1814 1
1815 1
1816 4
1817 19
1818 1
1819 2
1820 2
1821 2
1822 1
1823 1
1824 2
1825 5
1826 6
1827 2
1828 2
1829 2
1830 1
1831 1
1832 1
1833 1
1834 3
1835 2
1836 3
1837 1
1838 3
1839 1
1840 5
1841 3
1842 1
1843 3
1844 1
1845 1
1846 1
1847 2
1848 2
1849 24
1850 4
1851 1
1852 1
1853 1
1854 1
1855 2
1856 1
1857 1
1858 4
1859 1
1860 1
1861 2
1862 1
1863 1
1864 1
1865 2
1866 1
1867 1
1868 1
1869 1
1870 1
1871 2
1872 2
1873 1
1874 1
1875 1
1876 1
1877 2
1878 1
1879 1
1880 2
1881 2
1882 1
1883 1
1884 1
1885 1
1886 1
1887 1
1888 4
1889 1
1890 1
1891 1
1892 1
1893 1
1894 1
1895 2
1896 1
1897 2
1898 2
1899 2
1900 1
1901 1
1902 1
1903 1
1904 2
1905 2
1906 1
1907 4
1908 2
1909 2
1910 1
1911 1
1912 1
1913 15
1914 1
1915 1
1916 4
1917 3
1918 1
1919 4
1920 1
1921 3
1922 1
1923 17
1924 1
1925 4
1926 4
1927 1
1928 1
1929 1
1930 1
1931 1
1932 1
1933 3
1934 12
1935 2
1936 1
1937 3
1938 1
1939 1
1940 1
1941 1
1942 3
1943 1
1944 2
1945 4
1946 1
1947 1
1948 1
1949 1
1950 1
1951 1
1952 1
1953 1
1954 1
1955 7
1956 3
1957 1
1958 3
1959 6
1960 3
1961 1
1962 2
1963 1
1964 2
1965 2
1966 2
1967 1
1968 2
1969 1
1970 1
1971 1
1972 1
1973 4
1974 4
1975 1
1976 1
1977 1
1978 1
1979 1
1980 1
1981 2
1982 1
1983 1
1984 20
1985 1
1986 2
1987 1
1988 1
1989 7
1990 1
1991 1
1992 1
1993 1
1994 1
1995 16
1996 1
1997 1
1998 2
1999 2
2000 2
2001 1
2002 1
2003 1
2004 1
2005 1
2006 1
2007 1
2008 46
2009 1
2010 17
2011 1
2012 1
2013 2
2014 4
2015 1
2016 2
2017 1
2018 1
2019 3
2020 1
2021 2
2022 1
2023 1
2024 1
2025 1
2026 2
2027 1
2028 1
2029 1
2030 2
2031 2
2032 1
2033 1
2034 1
2035 1
2036 1
2037 1
2038 4
2039 1
2040 1
2041 1
2042 1
2043 1
2044 9
2045 1
2046 1
2047 1
2048 2
2049 2
2050 3
2051 4
2052 1
2053 1
2054 2
2055 6
2056 1
2057 4
2058 1
2059 4
2060 3
2061 13
2062 7
2063 2
2064 18
2065 1
2066 6
2067 2
2068 1
2069 1
2070 1
2071 1
2072 1
2073 1
2074 1
2075 3
2076 1
2077 1
2078 1
2079 1
2080 1
2081 1
2082 5
2083 1
2084 3
2085 1
2086 6
2087 3
2088 1
2089 1
2090 1
2091 1
2092 1
2093 1
2094 1
2095 1
2096 1
2097 1
2098 1
2099 3
2100 5
2101 1
2102 1
2103 4
2104 1
2105 1
2106 1
2107 2
2108 1
2109 1
2110 1
2111 1
2112 1
2113 1
2114 8
2115 1
2116 17
2117 4
2118 10
2119 1
2120 1
2121 3
2122 1
2123 1
2124 3
2125 5
2126 9
2127 1
2128 1
2129 1
2130 1
2131 1
2132 2
2133 1
2134 19
2135 1
2136 105
2137 2
2138 4
2139 3
2140 2
2141 1
2142 1
2143 129
2144 2
2145 1
2146 1
2147 1
2148 1
2149 1
2150 2
2151 13
2152 3
2153 1
2154 1
2155 8
2156 1
2157 1
2158 1
2159 1
2160 1
2161 1
2162 1
2163 2
2164 1
2165 1
2166 2
2167 3
2168 2
2169 1
2170 1
2171 1
2172 1
2173 2
2174 1
2175 1
2176 8
2177 5
2178 2
2179 1
2180 1
2181 5
2182 2
2183 1
2184 1
2185 1
2186 2
2187 28
2188 1
2189 1
2190 1
2191 1
2192 1
2193 1
2194 1
2195 1
2196 2
2197 1
2198 1
2199 1
2200 1
2201 4
2202 5
2203 1
2204 1
2205 1
2206 10
2207 2
2208 2
2209 17
2210 1
2211 1
2212 1
2213 1
2214 2
2215 1
2216 1
2217 1
2218 1
2219 4
2220 1
2221 3
2222 1
2223 1
2224 1
2225 16
2226 2
2227 1
2228 1
2229 2
2230 1
2231 4
2232 3
2233 1
2234 1
2235 1
2236 1
2237 3
2238 1
2239 1
2240 1
2241 1
2242 2
2243 1
2244 1
2245 1
2246 1
2247 1
2248 1
2249 3
2250 2
2251 1
2252 2
2253 1
2254 16
2255 1
2256 3
2257 2
2258 3
2259 8
2260 1
2261 2
2262 1
2263 1
2264 1
2265 2
2266 1
2267 1
2268 1
2269 2
2270 1
2271 1
2272 2
2273 1
2274 1
2275 4
2276 2
2277 1
2278 3
2279 2
2280 2
2281 2
2282 2
2283 1
2284 1
2285 4
2286 1
2287 2
2288 10
2289 2
2290 1
2291 1
2292 1
2293 2
2294 1
2295 2
2296 1
2297 1
2298 2
2299 1
2300 2
2301 2
2302 1
2303 1
2304 1
2305 4
2306 1
2307 5
2308 1
2309 2
2310 38
2311 1
2312 5
2313 1
2314 1
2315 1
2316 1
2317 1
2318 1
2319 1
2320 1
2321 4
2322 2
2323 1
2324 1
2325 1
2326 2
2327 1
2328 1
2329 1
2330 1
2331 4
2332 1
2333 1
2334 2
2335 2
2336 1
2337 1
2338 1
2339 1
2340 1
2341 2
2342 1
2343 1
2344 1
2345 1
2346 2
2347 1
2348 1
2349 4
2350 1
2351 7
2352 15
2353 1
2354 1
2355 7
2356 1
2357 1
2358 1
2359 2
2360 8
2361 4
2362 2
2363 1
2364 1
2365 1
2366 1
2367 1
2368 27
2369 2
2370 1
2371 2
2372 1
2373 11
2374 1
2375 3
2376 1
2377 1
2378 2
2379 2
2380 1
2381 3
2382 1
2383 2
2384 1
2385 1
2386 1
2387 4
2388 1
2389 1
2390 1
2391 2
2392 1
2393 1
2394 2
2395 57
2396 1
2397 1
2398 74
2399 1
2400 1
2401 2
2402 1
2403 1
2404 1
2405 2
2406 1
2407 1
2408 1
2409 3
2410 1
2411 4
2412 2
2413 1
2414 1
2415 1
2416 1
2417 1
2418 1
2419 5
2420 3
2421 1
2422 5
2423 1
2424 1
2425 1
2426 1
2427 2
2428 1
2429 1
2430 2
2431 1
2432 1
2433 1
2434 1
2435 1
2436 1
2437 1
2438 1
2439 1
2440 1
2441 1
2442 3
2443 2
2444 1
2445 1
2446 1
2447 3
2448 2
2449 1
2450 1
2451 1
2452 1
2453 2
2454 1
2455 2
2456 5
2457 1
2458 1
2459 1
2460 1
2461 1
2462 1
2463 1
2464 21
2465 1
2466 2
2467 1
2468 9
2469 1
2470 1
2471 1
2472 1
2473 2
2474 8
2475 2
2476 1
2477 1
2478 1
2479 3
2480 1
2481 2
2482 4
2483 148
2484 3
2485 8
2486 1
2487 1
2488 1
2489 1
2490 1
2491 3
2492 2
2493 3
2494 6
2495 1
2496 2
2497 1
2498 1
2499 1
2500 2
2501 1
2502 1
2503 2
2504 5
2505 1
2506 2
2507 3
2508 1
2509 1
2510 2
2511 1
2512 2
2513 1
2514 3
2515 1
2516 6
2517 6
2518 1
2519 1
2520 1
2521 1
2522 8
2523 4
2524 1
2525 2
2526 1
2527 1
2528 1
2529 2
2530 3
2531 3
2532 2
2533 3
2534 1
2535 1
2536 1
2537 1
2538 18
2539 11
2540 1
2541 1
2542 1
2543 1
2544 2
2545 1
2546 1
2547 1
2548 1
2549 2
2550 5
2551 1
2552 3
2553 3
2554 1
2555 1
2556 1
2557 4
2558 1
2559 1
2560 1
2561 1
2562 1
2563 1
2564 1
2565 1
2566 2
2567 2
2568 1
2569 2
2570 4
2571 1
2572 1
2573 10
2574 1
2575 1
2576 1
2577 1
2578 1
2579 2
2580 1
2581 1
2582 1
2583 1
2584 4
2585 3
2586 2
2587 2
2588 1
2589 1
2590 1
2591 1
2592 2
2593 1
2594 1
2595 1
2596 4
2597 2
2598 2
2599 1
2600 4
2601 1
2602 3
2603 1
2604 1
2605 3
2606 2
2607 1
2608 2
2609 1
2610 1
2611 1
2612 1
2613 1
2614 2
2615 1
2616 1
2617 2
2618 1
2619 1
2620 1
2621 2
2622 2
2623 1
2624 5
2625 2
2626 2
2627 2
2628 1
2629 1
2630 1
2631 2
2632 5
2633 2
2634 1
2635 1
2636 4
2637 4
2638 3
2639 1
2640 6
2641 7
2642 1
2643 1
2644 1
2645 1
2646 1
2647 1
2648 1
2649 1
2650 98
2651 1
2652 1
2653 1
2654 2
2655 1
2656 1
2657 1
2658 1
2659 1
2660 1
2661 1
2662 28
2663 1
2664 6
2665 5
2666 1
2667 1
2668 5
2669 1
2670 1
2671 6
2672 2
2673 1
2674 1
2675 2
2676 2
2677 1
2678 6
2679 8
2680 1
2681 2
2682 1
2683 11
2684 1
2685 1
2686 1
2687 1
2688 2
2689 1
2690 7
2691 24
2692 1
2693 5
2694 1
2695 1
2696 1
2697 7
2698 11
2699 1
2700 5
2701 1
2702 1
2703 1
2704 3
2705 1
2706 1
2707 2
2708 2
2709 1
2710 1
2711 1
2712 3
2713 2
2714 1
2715 2
2716 1
2717 3
2718 1
2719 1
2720 9
2721 1
2722 1
2723 3
2724 2
2725 1
2726 1
2727 1
2728 1
2729 1
2730 2
2731 1
2732 1
2733 1
2734 1
2735 2
2736 2
2737 4
2738 1
2739 1
2740 1
2741 154
2742 1
2743 1
2744 2
2745 5
2746 1
2747 1
2748 2
2749 2
2750 1
2751 1
2752 6
2753 1
2754 2
2755 1
2756 7
2757 1
2758 2
2759 1
2760 1
2761 1
2762 1
2763 1
2764 1
2765 1
2766 2
2767 17
2768 1
2769 2
2770 2
2771 4
2772 1
2773 1
2774 2
2775 4
2776 3
2777 2
2778 1
2779 4
2780 2
2781 35
2782 1
2783 1
2784 1
2785 1
2786 2
2787 1
2788 5
2789 2
2790 2
2791 1
2792 2
2793 1
2794 1
2795 1
2796 1
2797 1
2798 3
2799 1
2800 2
2801 1
2802 1
2803 1
2804 1
2805 1
2806 5
2807 697
2808 1
2809 1
2810 1
2811 1
2812 1
2813 5
2814 3
2815 1
2816 1
2817 1
2818 1
2819 1
2820 1
2821 1
2822 1
2823 1
2824 2
2825 5
2826 14
2827 3
2828 2
2829 1
2830 1
2831 2
2832 1
2833 1
2834 1
2835 1
2836 1
2837 13
2838 1
2839 20
2840 1
2841 1
2842 2
2843 2
2844 2
2845 1
2846 3
2847 3
2848 1
2849 1
2850 1
2851 2
2852 1
2853 2
2854 1
2855 2
2856 1
2857 2
2858 1
2859 1
2860 2
2861 1
2862 1
2863 1
2864 1
2865 5
2866 1
2867 7
2868 1
2869 2
2870 1
2871 15
2872 1
2873 1
2874 4
2875 2
2876 2
2877 2
2878 20
2879 2
2880 1
2881 2
2882 1
2883 1
2884 3
2885 13
2886 3
2887 1
2888 1
2889 4
2890 42
2891 4
2892 5
2893 1
2894 2
2895 1
2896 1
2897 1
2898 1
2899 2
2900 1
2901 1
2902 2
2903 1
2904 2
2905 2
2906 3
2907 3
2908 1
2909 1
2910 4
2911 1
2912 10
2913 1
2914 1
2915 1
2916 1
2917 1
2918 1
2919 1
2920 1
2921 76
2922 1
2923 1
2924 1
2925 2
2926 1
2927 1
2928 1
2929 1
2930 1
2931 1
2932 3
2933 3
2934 69
2935 1
2936 5
2937 5
2938 1
2939 1
2940 19
2941 2
2942 3
2943 1
2944 2
2945 1
2946 3
2947 2
2948 13
2949 3
2950 1
2951 1
2952 1
2953 1
2954 2
2955 47
2956 1
2957 180
2958 1
2959 1
2960 7
2961 3
2962 1
2963 1
2964 1
2965 2
2966 1
2967 1
2968 1
2969 1
2970 1
2971 1
2972 1
2973 2
2974 1
2975 14
2976 1
2977 59
2978 6
2979 1
2980 1
2981 1
2982 1
2983 1
2984 3
2985 1
2986 1
2987 2
2988 1
2989 1
2990 2
2991 5
2992 1
2993 1
2994 5
2995 1
2996 2
2997 6
2998 6
2999 1
3000 4
3001 2
3002 1
3003 1
3004 2
3005 1
3006 1
3007 2
3008 28
3009 4
3010 2
3011 1
3012 6
3013 107
3014 2
3015 7
3016 2
3017 1
3018 2
3019 1
3020 2
3021 1
3022 1
3023 1
3024 1
3025 1
3026 3
3027 1
3028 1
3029 1
3030 1
3031 1
3032 1
3033 5
3034 2
3035 2
3036 1
3037 1
3038 1
3039 4
3040 1
3041 1
3042 2
3043 1
3044 2
3045 3
3046 2
3047 1
3048 1
3049 2
3050 3
3051 1
3052 2
3053 3
3054 1
3055 4
3056 3
3057 1
3058 2
3059 1
3060 1
3061 1
3062 1
3063 6
3064 1
3065 1
3066 1
3067 1
3068 1
3069 3
3070 1
3071 1
3072 3
3073 7
3074 2
3075 1
3076 1
3077 1
3078 3
3079 1
3080 1
3081 1
3082 2
3083 1
3084 1
3085 1
3086 4
3087 1
3088 3
3089 1
3090 1
3091 1
3092 1
3093 2
3094 2
3095 1
3096 1
3097 1
3098 2
3099 1
3100 2
3101 2
3102 2
3103 3
3104 1
3105 1
3106 53
3107 1
3108 2
3109 1
3110 3
3111 16
3112 1
3113 1
3114 1
3115 1
3116 1
3117 1
3118 1
3119 1
3120 1
3121 2
3122 1
3123 4
3124 1
3125 1
3126 5
3127 3
3128 1
3129 15
3130 1
3131 2
3132 2
3133 1
3134 2
3135 5
3136 1
3137 1
3138 1
3139 2
3140 1
3141 1
3142 1
3143 1
3144 1
3145 1
3146 2
3147 2
3148 3
3149 2
3150 1
3151 1
3152 1
3153 1
3154 1
3155 4
3156 2
3157 1
3158 1
3159 2
3160 1
3161 2
3162 1
3163 1
3164 1
3165 1
3166 1
3167 1
3168 1
3169 1
3170 1
3171 1
3172 1
3173 2
3174 1
3175 1
3176 1
3177 1
3178 1
3179 1
3180 6
3181 2
3182 1
3183 3
3184 25
3185 6
3186 2
3187 1
3188 3
3189 2
3190 3
3191 1
3192 1
3193 2
3194 2
3195 1
3196 1
3197 1
3198 1
3199 1
3200 1
3201 1
3202 1
3203 2
3204 1
3205 2
3206 2
3207 1
3208 1
3209 30
3210 1
3211 1
3212 5
3213 1
3214 2
3215 1
3216 3
3217 16
3218 1
3219 8
3220 4
3221 2
3222 1
3223 8
3224 1
3225 1
3226 1
3227 2
3228 4
3229 2
3230 2
3231 3
3232 383
3233 1
3234 2
3235 1
3236 2
3237 1
3238 1
3239 29
3240 1
3241 7
3242 1
3243 1
3244 2
3245 1
3246 1
3247 7
3248 1
3249 1
3250 1
3251 1
3252 1
3253 6
3254 1
3255 7
3256 3
3257 2
3258 1
3259 1
3260 2
3261 7
3262 1
3263 1
3264 1
3265 1
3266 1
3267 18
3268 2
3269 1
3270 1
3271 1
3272 19
3273 1
3274 5
3275 1
3276 1
3277 14
3278 6
3279 26
3280 1
3281 1
3282 8
3283 3
3284 3
3285 1
3286 2
3287 2
3288 1
3289 1
3290 1
3291 1
3292 11
3293 2
3294 1
3295 1
3296 1
3297 2
3298 1
3299 20
3300 1
3301 1
3302 2
3303 3
3304 2
3305 4
3306 1
3307 1
3308 1
3309 3
3310 10
3311 1
3312 2
3313 1
3314 1
3315 2
3316 977
3317 3
3318 2
3319 1
3320 1
3321 2
3322 1
3323 2
3324 13
3325 4
3326 1
3327 1
3328 12
3329 3
3330 30
3331 1
3332 6
3333 2
3334 1
3335 1
3336 1
3337 1
3338 2
3339 3
3340 1
3341 1
3342 66
3343 2
3344 2
3345 2
3346 1
3347 1
3348 1
3349 3
3350 3
3351 1
3352 1
3353 1
3354 1
3355 1
3356 1
3357 9
3358 1
3359 1
3360 1
3361 18
3362 4
3363 2
3364 1
3365 4
3366 1
3367 1
3368 37
3369 1
3370 1
3371 2
3372 1
3373 1
3374 1
3375 4
3376 1
3377 5
3378 1
3379 3
3380 2
3381 2
3382 10
3383 1
3384 1
3385 3
3386 1
3387 1
3388 3
3389 1
3390 4
3391 2
3392 1
3393 1
3394 1
3395 1
3396 1
3397 3
3398 1
3399 2
3400 1
3401 1
3402 1
3403 1
3404 2
3405 1
3406 1
3407 2
3408 1
3409 19
3410 1
3411 1
3412 1
3413 2
3414 2
3415 2
3416 1
3417 2
3418 16
3419 21
3420 1
3421 1
3422 3
3423 2
3424 4
3425 1
3426 2
3427 1
3428 2
3429 2
3430 1
3431 2
3432 1
3433 4
3434 44
3435 1
3436 2
3437 1
3438 1
3439 1
3440 1
3441 15
3442 1
3443 6
3444 1
3445 2
3446 1
3447 1
3448 2
3449 1
3450 1
3451 2
3452 1
3453 2
3454 1
3455 1
3456 7
3457 2
3458 1
3459 1
3460 1
3461 7
3462 3
3463 3
3464 41
3465 2
3466 1
3467 1
3468 1
3469 1
3470 4
3471 1
3472 1
3473 1
3474 1
3475 2
3476 11
3477 2
3478 1
3479 1
3480 1
3481 1
3482 2
3483 1
3484 1
3485 1
3486 2
3487 12
3488 10
3489 1
3490 2
3491 2
3492 1
3493 3
3494 1
3495 1
3496 1
3497 1
3498 1
3499 2
3500 1
3501 1
3502 6
3503 1
3504 10
3505 3
3506 2
3507 9
3508 2
3509 2
3510 2
3511 1
3512 1
3513 1
3514 1
3515 4
3516 1
3517 16
3518 2
3519 1
3520 2
3521 1
3522 1
3523 4
3524 1
3525 1
3526 1
3527 2
3528 3
3529 4
3530 1
3531 1
3532 1
3533 1
3534 1
3535 1
3536 3
3537 1
3538 2
3539 1
3540 1
3541 8
3542 1
3543 2
3544 1
3545 1
3546 2
3547 1
3548 2
3549 18
3550 1
3551 3
3552 2
3553 1
3554 1
3555 1
3556 3
3557 1
3558 2
3559 9
3560 1
3561 1
3562 1
3563 1
3564 2
3565 4
3566 3
3567 5
3568 1
3569 3
3570 1
3571 2
3572 5
3573 1
3574 1
3575 1
3576 2
3577 1
3578 4
3579 6
3580 1
3581 1
3582 5
3583 18
3584 1
3585 1
3586 1
3587 1
3588 5
3589 46
3590 2
3591 3
3592 1
3593 1
3594 1
3595 2
3596 5
3597 2
3598 2
3599 1
3600 1
3601 6
3602 1
3603 2
3604 1
3605 2
3606 1
3607 10
3608 1
3609 3
3610 1
3611 1
3612 1
3613 2
3614 2
3615 3
3616 1
3617 1
3618 1
3619 3
3620 1
3621 8
3622 1
3623 1
3624 4
3625 1
3626 1
3627 1
3628 1
3629 1
3630 1
3631 1
3632 3
3633 1
3634 1
3635 1
3636 1
3637 1
3638 1
3639 1
3640 1
3641 1
3642 1
3643 1
3644 3
3645 1
3646 1
3647 1
3648 1
3649 1
3650 1
3651 1
3652 67
3653 1
3654 1
3655 1
3656 1
3657 1
3658 1
3659 1
3660 2
3661 7
3662 1
3663 5
3664 4
3665 2
3666 1
3667 1
3668 1
3669 3
3670 2
3671 1
3672 1
3673 1
3674 1
3675 2
3676 1
3677 1
3678 1
3679 1
3680 3
3681 8
3682 1
3683 2
3684 1
3685 5
3686 2
3687 2
3688 18
3689 1
3690 2
3691 1
3692 2
3693 1
3694 1
3695 1
3696 2
3697 1
3698 1
3699 1
3700 1
3701 3
3702 1
3703 1
3704 1
3705 1
3706 2
3707 5
3708 1
3709 1
3710 2
3711 85
3712 289
3713 1
3714 1
3715 1
3716 1
3717 2
3718 1
3719 1
3720 10
3721 3
3722 1
3723 1
3724 1
3725 9
3726 1
3727 1
3728 2
3729 1
3730 1
3731 2
3732 1
3733 1
3734 1
3735 8
3736 1
3737 4
3738 5
3739 1
3740 5
3741 1
3742 5
3743 1
3744 1
3745 4
3746 1
3747 2
3748 2
3749 2
3750 1
3751 2
3752 1
3753 1
3754 1
3755 1
3756 1
3757 21
3758 1
3759 1
3760 4
3761 1
3762 13
3763 1
3764 5
3765 1
3766 1
3767 2
3768 1
3769 1
3770 1
3771 2
3772 1
3773 1
3774 4
3775 141
3776 3
3777 1
3778 1
3779 1
3780 1
3781 3
3782 1
3783 6
3784 1
3785 2
3786 1
3787 1
3788 4
3789 1
3790 1
3791 1
3792 5
3793 1
3794 18
3795 1
3796 1
3797 1
3798 1
3799 3
3800 2
3801 1
3802 3
3803 3
3804 1
3805 1
3806 1
3807 1
3808 2
3809 1
3810 3
3811 1
3812 1
3813 5
3814 7
3815 1
3816 4
3817 2
3818 1
3819 1
3820 6
3821 2
3822 1
3823 1
3824 1
3825 1
3826 5
3827 1
3828 1
3829 2
3830 1
3831 1
3832 3
3833 1
3834 1
3835 1
3836 1
3837 1
3838 2
3839 1
3840 2
3841 1
3842 9
3843 3
3844 1
3845 1
3846 4
3847 1
3848 1
3849 1
3850 1
3851 5
3852 11
3853 1
3854 4
3855 2
3856 3
3857 7
3858 1
3859 1
3860 1
3861 2
3862 1
3863 2
3864 1
3865 1
3866 1
3867 1
3868 1
3869 1
3870 1
3871 3
3872 1
3873 1
3874 1
3875 1
3876 1
3877 2
3878 2
3879 4
3880 1
3881 2
3882 4
3883 2
3884 2
3885 4
3886 1
3887 2
3888 31
3889 3
3890 1
3891 1
3892 1
3893 1
3894 2
3895 1
3896 1
3897 1
3898 1
3899 1
3900 1
3901 1
3902 1
3903 2
3904 1
3905 1
3906 15
3907 4
3908 1
3909 1
3910 2
3911 1
3912 1
3913 2
3914 1
3915 1
3916 4
3917 1
3918 1
3919 1
3920 1
3921 1
3922 1
3923 1
3924 1
3925 3
3926 1
3927 1
3928 3
3929 1
3930 1
3931 1
3932 1
3933 1
3934 1
3935 6
3936 2
3937 1
3938 1
3939 1
3940 1
3941 4
3942 1
3943 1
3944 5
3945 1
3946 1
3947 1
3948 1
3949 1
3950 1
3951 1
3952 1
3953 1
3954 1
3955 1
3956 4
3957 6
3958 1
3959 2
3960 2
3961 1
3962 1
3963 2
3964 1
3965 2
3966 1
3967 1
3968 2
3969 1
3970 2
3971 1
3972 1
3973 1
3974 1
3975 1
3976 1
3977 1
3978 1
3979 1
3980 1
3981 1
3982 3
3983 1
3984 7
3985 1
3986 1
3987 2
3988 2
3989 2
3990 1
3991 1
3992 1
3993 2
3994 1
3995 1
3996 2
3997 3
3998 2
3999 1
4000 2
4001 1
4002 1
4003 1
4004 107
4005 3
4006 1
4007 2
4008 1
4009 1
4010 1
4011 1
4012 1
4013 1
4014 1
4015 1
4016 1
4017 58
4018 98
4019 1
4020 1
4021 2
4022 1
4023 1
4024 1
4025 1
4026 2
4027 1
4028 6
4029 1
4030 1
4031 12
4032 1
4033 6
4034 1
4035 1
4036 1
4037 1
4038 1
4039 9
4040 3
4041 38
4042 2
4043 4
4044 2
4045 2
4046 2
4047 1
4048 2
4049 2
4050 1
4051 4
4052 2
4053 2
4054 2
4055 1
4056 2
4057 2
4058 1
4059 54
4060 2
4061 1
4062 1
4063 1
4064 1
4065 2
4066 1
4067 1
4068 4
4069 1
4070 2
4071 2
4072 1
4073 6
4074 1
4075 1
4076 10
4077 1
4078 3
4079 3
4080 1
4081 1
4082 2
4083 2
4084 7
4085 1
4086 2
4087 4
4088 2
4089 1
4090 4
4091 7
4092 1
4093 6
4094 4
4095 2
4096 1
4097 1
4098 1
4099 2
4100 2
4101 1
4102 1
4103 1
4104 1
4105 1
4106 1
4107 2
4108 1
4109 1
4110 1
4111 1
4112 1
4113 1
4114 1
4115 1
4116 1
4117 1
4118 115
4119 9
4120 1
4121 1
4122 5
4123 4
4124 1
4125 1
4126 2
4127 3
4128 5
4129 1
4130 2
4131 1
4132 1
4133 1
4134 3
4135 1
4136 1
4137 1
4138 1
4139 1
4140 2
4141 1
4142 2
4143 5
4144 3
4145 2
4146 1
4147 9
4148 1
4149 3
4150 1
4151 1
4152 1
4153 1
4154 3
4155 2
4156 1
4157 2
4158 1
4159 1
4160 1
4161 1
4162 1
4163 1
4164 1
4165 1
4166 7
4167 1
4168 2
4169 1
4170 1
4171 1
4172 2
4173 1
4174 1
4175 1
4176 1
4177 1
4178 9
4179 1
4180 1
4181 1
4182 2
4183 4
4184 1
4185 1
4186 2
4187 1
4188 1
4189 1
4190 1
4191 1
4192 1
4193 1
4194 2
4195 1
4196 1
4197 5
4198 2
4199 1
4200 1
4201 1
4202 1
4203 1
4204 1
4205 1
4206 2
4207 1
4208 1
4209 1
4210 4
4211 1
4212 3
4213 7
4214 1
4215 1
4216 1
4217 1
4218 1
4219 1
4220 1
4221 49
4222 2
4223 1
4224 1
4225 2
4226 2
4227 2
4228 1
4229 5
4230 3
4231 1
4232 1
4233 1
4234 2
4235 1
4236 1
4237 35
4238 1
4239 1
4240 1
4241 1
4242 4
4243 1
4244 2
4245 1
4246 1
4247 1
4248 1
4249 4
4250 1
4251 1
4252 2
4253 1
4254 1
4255 1
4256 2
4257 1
4258 1
4259 1
4260 1
4261 7
4262 1
4263 1
4264 1
4265 8
4266 1
4267 12
4268 5
4269 6
4270 3
4271 1
4272 2
4273 1
4274 1
4275 1
4276 2
4277 2
4278 3
4279 1
4280 3
4281 4
4282 2
4283 34
4284 1
4285 12
4286 6
4287 1
4288 1
4289 2
4290 2
4291 1
4292 1
4293 2
4294 2
4295 1
4296 1
4297 2
4298 2
4299 9
4300 3
4301 1
4302 1
4303 2
4304 1
4305 1
4306 1
4307 1
4308 3
4309 1
4310 2
4311 13
4312 1
4313 1
4314 1
4315 3
4316 2
4317 1
4318 1
4319 1
4320 5
4321 9
4322 15
4323 1
4324 1
4325 2
4326 1
4327 2
4328 1
4329 1
4330 1
4331 1
4332 1
4333 3
4334 1
4335 3
4336 1
4337 1
4338 2
4339 1
4340 2
4341 1
4342 1
4343 1
4344 7
4345 1
4346 1
4347 2
4348 1
4349 1
4350 13
4351 1
4352 8
4353 2
4354 1
4355 1
4356 1
4357 1
4358 1
4359 1
4360 1
4361 11
4362 7
4363 5
4364 2
4365 7
4366 2
4367 3
4368 1
4369 1
4370 2
4371 5
4372 4
4373 5
4374 1
4375 1
4376 1
4377 3
4378 1
4379 5
4380 1
4381 1
4382 1
4383 5
4384 1
4385 1
4386 2
4387 1
4388 19
4389 1
4390 2
4391 1
4392 2
4393 1
4394 1
4395 1
4396 1
4397 2
4398 11
4399 1
4400 8
4401 1
4402 1
4403 4
4404 1
4405 1
4406 2
4407 1
4408 4
4409 2
4410 1
4411 1
4412 1
4413 2
4414 1
4415 1
4416 1
4417 1
4418 1
4419 1
4420 1
4421 1
4422 2
4423 1
4424 8
4425 1
4426 1
4427 1
4428 1
4429 3
4430 1
4431 1
4432 1
4433 1
4434 1
4435 2
4436 1
4437 1
4438 1
4439 1
4440 2
4441 7
4442 128
4443 1
4444 3
4445 3
4446 1
4447 1
4448 1
4449 1
4450 2
4451 3
4452 9
4453 1
4454 1
4455 4
4456 1
4457 2
4458 1
4459 1
4460 3
4461 1
4462 5
4463 1
4464 10
4465 1
4466 1
4467 1
4468 1
4469 2
4470 1
4471 1
4472 1
4473 1
4474 2
4475 1
4476 1
4477 2
4478 3
4479 2
4480 2
4481 1
4482 1
4483 1
4484 5
4485 1
4486 5
4487 89
4488 3
4489 1
4490 1
4491 1
4492 1
4493 1
4494 1
4495 2
4496 1
4497 1
4498 2
4499 1
4500 2
4501 1
4502 4
4503 3
4504 1
4505 1
4506 4
4507 1
4508 1
4509 3
4510 1
4511 2
4512 30
4513 2
4514 1
4515 2
4516 13
4517 1
4518 15
4519 1
4520 1
4521 1
4522 3
4523 2
4524 1
4525 1
4526 1
4527 1
4528 1
4529 1
4530 1
4531 2
4532 1
4533 1
4534 5
4535 4
4536 1
4537 1
4538 2
4539 1
4540 2
4541 2
4542 2
4543 1
4544 1
4545 1
4546 2
4547 19
4548 1
4549 1
4550 1
4551 1
4552 8
4553 1
4554 1
4555 1
4556 1
4557 2
4558 1
4559 4
4560 2
4561 3
4562 1
4563 1
4564 1
4565 1
4566 1
4567 8
4568 1
4569 1
4570 1
4571 5
4572 1
4573 1
4574 2
4575 2
4576 1
4577 4
4578 1
4579 2
4580 2
4581 1
4582 2
4583 2
4584 4
4585 1
4586 1
4587 83
4588 2
4589 9
4590 6
4591 1
4592 1
4593 1
4594 1
4595 1
4596 4
4597 4
4598 1
4599 1
4600 3
4601 1
4602 1
4603 2
4604 3
4605 2
4606 1
4607 1
4608 1
4609 3
4610 1
4611 1
4612 2
4613 7
4614 21
4615 1
4616 2
4617 3
4618 1
4619 1
4620 3
4621 1
4622 3
4623 1
4624 1
4625 3
4626 2
4627 1
4628 1
4629 1
4630 1
4631 1
4632 1
4633 1
4634 1
4635 9
4636 1
4637 2
4638 1
4639 5
4640 44
4641 1
4642 1
4643 7
4644 1
4645 2
4646 4
4647 1
4648 1
4649 3
4650 2
4651 1
4652 9
4653 2
4654 3
4655 1
4656 1
4657 2
4658 2
4659 1
4660 1
4661 1
4662 2
4663 1
4664 2
4665 1
4666 1
4667 1
4668 15
4669 3
4670 1
4671 1
4672 11
4673 6
4674 1
4675 1
4676 4
4677 44
4678 1
4679 3
4680 1
4681 18
4682 2
4683 1
4684 1
4685 1
4686 1
4687 3
4688 1
4689 1
4690 3
4691 2
4692 1
4693 1
4694 12
4695 6
4696 3
4697 2
4698 1
4699 2
4700 1
4701 13
4702 6
4703 7
4704 1
4705 2
4706 3
4707 1
4708 1
4709 1
4710 3
4711 1
4712 2
4713 1
4714 1
4715 1
4716 1
4717 3
4718 1
4719 1
4720 42
4721 2
4722 1
4723 1
4724 2
4725 2
4726 2
4727 1
4728 2
4729 2
4730 1
4731 5
4732 3
4733 2
4734 1
4735 1
4736 1
4737 1
4738 2
4739 24
4740 1
4741 1
4742 1
4743 1
4744 1
4745 18
4746 1
4747 4
4748 1
4749 1
4750 1
4751 2
4752 4
4753 1
4754 23
4755 1
4756 2
4757 1
4758 11
4759 1
4760 1
4761 1
4762 2
4763 4
4764 1
4765 1
4766 1
4767 1
4768 2
4769 1
4770 1
4771 3
4772 156
4773 11
4774 1
4775 1
4776 1
4777 4
4778 1
4779 1
4780 1
4781 1
4782 2
4783 1
4784 1
4785 1
4786 1
4787 2
4788 1
4789 4
4790 3
4791 5
4792 6
4793 8
4794 1
4795 3
4796 1
4797 1
4798 2
4799 26
4800 3
4801 1
4802 6
4803 2
4804 1
4805 6
4806 1
4807 2
4808 1
4809 1
4810 4
4811 2
4812 4
4813 2
4814 1
4815 2
4816 4
4817 1
4818 3
4819 2
4820 2
4821 2
4822 4
4823 17
4824 1
4825 17
4826 1
4827 44
4828 12
4829 1
4830 15
4831 2
4832 1
4833 1
4834 2
4835 1
4836 19
4837 44
4838 3
4839 56
4840 1
4841 1
4842 2
4843 18
4844 1
4845 1
4846 2
4847 2
4848 1
4849 18
4850 1
4851 1
4852 2
4853 6
4854 1
4855 17
4856 2
4857 1
4858 7
4859 5
4860 1
4861 1
4862 3
4863 1
4864 1
4865 3
4866 1
4867 8
4868 1
4869 1
4870 1
4871 1
4872 2
4873 1
4874 59
4875 1
4876 2
4877 2
4878 1
4879 1
4880 4
4881 1
4882 3
4883 9
4884 16
4885 32
4886 1
4887 1
4888 35
4889 2
4890 1
4891 2
4892 2
4893 1
4894 2
4895 1
4896 4
4897 5
4898 1
4899 2
4900 2
4901 2
4902 1
4903 1
4904 1
4905 1
4906 4
4907 3
4908 17
4909 2
4910 1
4911 2
4912 1
4913 1
4914 3
4915 4
4916 3
4917 1
4918 1
4919 3
4920 1
4921 4
4922 1
4923 1
4924 1
4925 1
4926 3
4927 1
4928 1
4929 3
4930 2
4931 1
4932 2
4933 5
4934 5
4935 1
4936 1
4937 1
4938 2
4939 1
4940 1
4941 1
4942 2
4943 5
4944 2
4945 1
4946 1
4947 1
4948 8
4949 3
4950 2
4951 1
4952 2
4953 4
4954 1
4955 1
4956 2
4957 1
4958 12
4959 4
4960 6
4961 1
4962 1
4963 1
4964 1
4965 2
4966 1
4967 1
4968 2
4969 3
4970 2
4971 1
4972 1
4973 1
4974 1
4975 3
4976 1
4977 1
4978 3
4979 3
4980 2
4981 1
4982 1
4983 1
4984 1
4985 1
4986 1
4987 1
4988 1
4989 1
4990 2
4991 1
4992 1
4993 1
4994 1
4995 1
4996 8
4997 1
4998 1
4999 1
5000 3
5001 1
5002 2
5003 2
5004 2
5005 1
5006 1
5007 1
5008 3
5009 2
5010 9
5011 1
5012 11
5013 2
5014 1
5015 2
5016 1
5017 2
5018 1
5019 2
5020 1
5021 1
5022 3
5023 2
5024 5
5025 1
5026 1
5027 1
5028 5
5029 1
5030 1
5031 1
5032 1
5033 2
5034 1
5035 1
5036 1
5037 1
5038 1
5039 5
5040 1
5041 3
5042 1
5043 1
5044 1
5045 4
5046 2
5047 1
5048 2
5049 1380
5050 2
5051 1
5052 1
5053 1
5054 7
5055 1
5056 2
5057 4
5058 2
5059 1
5060 2
5061 2
5062 12
5063 3
5064 1
5065 1
5066 2
5067 2
5068 6
5069 1
5070 1
5071 2
5072 2
5073 1
5074 1
5075 2
5076 1
5077 2
5078 3
5079 4
5080 1
5081 1
5082 1
5083 1
5084 1
5085 1
5086 1
5087 1
5088 1
5089 1
5090 1
5091 1
5092 4
5093 1
5094 1
5095 1
5096 1
5097 33
5098 4
5099 4
5100 8
5101 2
5102 2
5103 1
5104 2
5105 1
5106 2
5107 1
5108 2
5109 2
5110 2
5111 2
5112 1
5113 1
5114 1
5115 1
5116 1
5117 2
5118 1
5119 2
5120 2
5121 1
5122 1
5123 2
5124 3
5125 10
5126 1
5127 1
5128 9
5129 1
5130 1
5131 9
5132 1
5133 1
5134 9
5135 2
5136 1
5137 25
5138 4
5139 3
5140 3
5141 1
5142 4
5143 110
5144 3
5145 1
5146 4
5147 1
5148 4
5149 2
5150 1
5151 1
5152 1
5153 2
5154 1
5155 1
5156 5
5157 4
5158 2
5159 1
5160 1
5161 4
5162 1
5163 1
5164 2
5165 1
5166 1
5167 1
5168 1
5169 1
5170 8
5171 3
5172 2
5173 1
5174 1
5175 1
5176 1
5177 1
5178 2
5179 7
5180 1
5181 2
5182 5
5183 2
5184 1
5185 2
5186 1
5187 1
5188 1
5189 4
5190 1
5191 1
5192 1
5193 21
5194 1
5195 1
5196 1
5197 1
5198 4
5199 3
5200 1
5201 1
5202 5
5203 3
5204 2
5205 1
5206 1
5207 1
5208 1
5209 1
5210 1
5211 3
5212 1
5213 1
5214 1
5215 1
5216 1
5217 1
5218 32
5219 1
5220 1
5221 4
5222 1
5223 2
5224 1
5225 1
5226 4
5227 4
5228 2
5229 48
5230 2
5231 5
5232 1
5233 1
5234 4
5235 1
5236 1
5237 1
5238 1
5239 1
5240 6
5241 1
5242 2
5243 1
5244 1
5245 1
5246 2
5247 1
5248 1
5249 1
5250 1
5251 1
5252 1
5253 5
5254 1
5255 2
5256 3
5257 1
5258 6
5259 1
5260 1
5261 67
5262 3
5263 1
5264 1
5265 2
5266 7
5267 2
5268 1
5269 1
5270 2
5271 1
5272 1
5273 1
5274 5
5275 1
5276 1
5277 1
5278 1
5279 1
5280 1
5281 1
5282 2
5283 1
5284 2
5285 1
5286 17
5287 2
5288 13
5289 2
5290 1
5291 8
5292 1
5293 1
5294 2
5295 1
5296 1
5297 3
5298 1
5299 1
5300 13
5301 2
5302 1
5303 1
5304 5
5305 4
5306 1
5307 1
5308 3
5309 1
5310 1
5311 1
5312 1
5313 1
5314 1
5315 1
5316 1
5317 2
5318 1
5319 1
5320 2
5321 3
5322 2
5323 1
5324 1
5325 1
5326 2
5327 1
5328 3
5329 7
5330 1
5331 1
5332 1
5333 1
5334 2
5335 2
5336 12
5337 1
5338 1
5339 2
5340 2
5341 2
5342 1
5343 1
5344 1
5345 3
5346 1
5347 1
5348 1
5349 2
5350 35
5351 1
5352 2
5353 1
5354 1
5355 2
5356 1
5357 2
5358 2
5359 1
5360 1
5361 1
5362 1
5363 2
5364 1
5365 2
5366 2
5367 2
5368 6
5369 3
5370 1
5371 1
5372 4
5373 1
5374 4
5375 1
5376 5
5377 1
5378 3
5379 7
5380 10
5381 1
5382 1
5383 4
5384 1
5385 2
5386 1
5387 2
5388 2
5389 1
5390 1
5391 1
5392 3
5393 3
5394 2
5395 51
5396 36
5397 2
5398 166
5399 30
5400 11
5401 4
5402 2
5403 1
5404 1
5405 1
5406 1
5407 1
5408 1
5409 1
5410 1
5411 2
5412 1
5413 2
5414 1
5415 1
5416 2
5417 4
5418 1
5419 98
5420 1
5421 2
5422 13
5423 2
5424 1
5425 1
5426 2
5427 1
5428 1
5429 1
5430 1
5431 3
5432 1
5433 2
5434 1
5435 1
5436 1
5437 2
5438 1
5439 26
5440 10
5441 1
5442 1
5443 1
5444 1
5445 1
5446 1
5447 5
5448 1
5449 2
5450 2
5451 1
5452 1
5453 1
5454 1
5455 3
5456 2
5457 4
5458 1
5459 1
5460 2
5461 2
5462 1
5463 1
5464 1
5465 1
5466 1
5467 1
5468 2
5469 1
5470 2
5471 2
5472 1
5473 1
5474 1
5475 2
5476 2
5477 2
5478 1
5479 2
5480 3
5481 1
5482 1
5483 1
5484 1
5485 1
5486 10
5487 1
5488 1
5489 9
5490 1
5491 1
5492 2
5493 1
5494 2
5495 2
5496 1
5497 1
5498 1
5499 1
5500 2
5501 1
5502 9
5503 2
5504 5
5505 1
5506 1
5507 1
5508 7
5509 1
5510 3
5511 2
5512 1
5513 2
5514 3
5515 2
5516 11
5517 8
5518 1
5519 1
5520 3
5521 1
5522 5
5523 1
5524 1
5525 1
5526 8
5527 1
5528 1
5529 166
5530 19
5531 4
5532 1
5533 14
5534 10
5535 3
5536 1
5537 1
5538 45
5539 3
5540 2
5541 1
5542 1
5543 1
5544 1
5545 2
5546 1
5547 1
5548 1
5549 2
5550 1
5551 2
5552 1
5553 1
5554 2
5555 1
5556 1
5557 2
5558 2
5559 7
5560 1
5561 5
5562 1
5563 1
5564 1
5565 1
5566 1
5567 1
5568 1
5569 1
5570 1
5571 1
5572 4
5573 4
5574 1
5575 2
5576 1
5577 461
5578 1
5579 3
5580 1
5581 1
5582 5
5583 1
5584 1
5585 1
5586 1
5587 3
5588 2
5589 1
5590 1
5591 2
5592 1
5593 2
5594 2
5595 1
5596 2
5597 1
5598 1
5599 2
5600 1
5601 2
5602 1
5603 1
5604 1
5605 1
5606 2
5607 1
5608 1
5609 1
5610 3
5611 1
5612 2
5613 1
5614 7
5615 3
5616 4
5617 2
5618 5
5619 1
5620 1
5621 1
5622 15
5623 5
5624 1
5625 36
5626 38
5627 1
5628 3
5629 1
5630 1
5631 1
5632 1
5633 1
5634 1
5635 2
5636 1
5637 2
5638 2
5639 1
5640 1
5641 1
5642 1
5643 1
5644 1
5645 1
5646 1
5647 1
5648 8
5649 294
5650 3
5651 1
5652 19
5653 1
5654 3
5655 1
5656 1
5657 2
5658 1
5659 1
5660 1
5661 1
5662 1
5663 1
5664 3
5665 1
5666 1
5667 1
5668 1
5669 1
5670 2
5671 1
5672 1
5673 5
5674 2
5675 1
5676 1
5677 1
5678 1
5679 1
5680 3
5681 2
5682 1
5683 1
5684 1
5685 1
5686 2
5687 2
5688 1
5689 1
5690 1
5691 1
5692 3
5693 2
5694 1
5695 3
5696 2
5697 1
5698 1
5699 2
5700 4
5701 2
5702 2
5703 1
5704 5
5705 3
5706 11
5707 114
5708 3
5709 1
5710 1
5711 10
5712 1
5713 2
5714 1
5715 1
5716 1
5717 1
5718 8
5719 4
5720 3
5721 3
5722 23
5723 17
5724 1
5725 1
5726 1
5727 7
5728 4
5729 1
5730 1
5731 16
5732 5
5733 4
5734 1
5735 1
5736 2
5737 1
5738 2
5739 1
5740 1
5741 3
5742 1
5743 2
5744 1
5745 2
5746 21
5747 2
5748 1
5749 1
5750 21
5751 2
5752 1
5753 1
5754 2
5755 1
5756 6
5757 3
5758 1
5759 2
5760 2
5761 1
5762 1
5763 7
5764 2
5765 1
5766 3
5767 2
5768 3
5769 19
5770 1
5771 2
5772 2
5773 1
5774 4
5775 2
5776 1
5777 1
5778 2
5779 3
5780 1
5781 1
5782 4
5783 1
5784 1
5785 1
5786 1
5787 4
5788 1
5789 1
5790 1
5791 1
5792 2
5793 1
5794 26
5795 2
5796 1
5797 1
5798 1
5799 8
5800 1
5801 1
5802 1
5803 3
5804 3
5805 1
5806 1
5807 1
5808 1
5809 1
5810 1
5811 5
5812 7
5813 1
5814 1
5815 1
5816 3
5817 1
5818 274
5819 1
5820 1
5821 1
5822 3
5823 3
5824 1
5825 1
5826 2
5827 1
5828 1
5829 1
5830 1
5831 1
5832 1
5833 1
5834 1
5835 3
5836 1
5837 1
5838 3
5839 2
5840 1
5841 5
5842 1
5843 1
5844 1
5845 1
5846 1
5847 1
5848 2
5849 1
5850 2
5851 2
5852 53
5853 4
5854 1
5855 1
5856 1
5857 1
5858 1
5859 2
5860 1
5861 2
5862 1
5863 1
5864 2
5865 1
5866 1
5867 2
5868 1
5869 1
5870 1
5871 1
5872 5
5873 2
5874 1
5875 1
5876 1
5877 2
5878 7
5879 1
5880 1
5881 1
5882 5
5883 1
5884 1
5885 1
5886 6
5887 2
5888 1
5889 4
5890 1
5891 1
5892 13
5893 1
5894 2
5895 1
5896 1
5897 1
5898 2
5899 1
5900 1
5901 16
5902 4
5903 1
5904 1
5905 372
5906 3
5907 1
5908 3
5909 3
5910 1
5911 1
5912 1
5913 20
5914 1
5915 13
5916 1
5917 4
5918 1
5919 3
5920 3
5921 6
5922 1
5923 1
5924 1
5925 1
5926 1
5927 2
5928 1
5929 1
5930 3
5931 28
5932 2
5933 1
5934 1
5935 1
5936 1
5937 1
5938 1741
5939 2
5940 1
5941 3
5942 1
5943 1
5944 118
5945 12
5946 1
5947 1
5948 1
5949 6
5950 1
5951 1
5952 7
5953 1
5954 1
5955 1
5956 3
5957 2
5958 1
5959 1
5960 1
5961 1
5962 1
5963 1
5964 1
5965 1
5966 1
5967 1
5968 1
5969 1
5970 1
5971 2
5972 1
5973 2
5974 2
5975 1
5976 1
5977 2
5978 1
5979 1
5980 1
5981 1
5982 1
5983 3
5984 4
5985 3
5986 7
5987 1
5988 5
5989 1
5990 3
5991 1
5992 3
5993 1
5994 1
5995 1
5996 1
5997 3
5998 1
5999 1
6000 1
6001 1
6002 2
6003 1
6004 1
6005 1
6006 1
6007 2
6008 1
6009 1
6010 2
6011 32
6012 3
6013 2
6014 2
6015 2
6016 1
6017 1
6018 7
6019 1
6020 1
6021 1
6022 1
6023 1
6024 1
6025 1
6026 2
6027 1
6028 2
6029 1
6030 5
6031 2
6032 1
6033 1
6034 1
6035 1
6036 1
6037 6
6038 1
6039 2
6040 4
6041 4
6042 3
6043 2
6044 1
6045 2
6046 2
6047 1
6048 2
6049 1
6050 1
6051 1
6052 1
6053 1
6054 2
6055 2
6056 1
6057 1
6058 5
6059 2
6060 1
6061 1
6062 1
6063 2
6064 2
6065 7
6066 1
6067 1
6068 1
6069 1
6070 1
6071 2
6072 1
6073 1
6074 1
6075 5
6076 2
6077 2
6078 1
6079 1
6080 1
6081 1
6082 10
6083 2
6084 2
6085 1
6086 5
6087 1
6088 2
6089 5
6090 1
6091 1
6092 1
6093 2
6094 1
6095 2
6096 1
6097 1
6098 1
6099 2
6100 1
6101 1
6102 2
6103 7
6104 1
6105 1
6106 1
6107 2
6108 5
6109 1
6110 4
6111 1
6112 2
6113 1
6114 1
6115 2
6116 1
6117 1
6118 1
6119 1
6120 2
6121 2
6122 1
6123 2
6124 3
6125 4
6126 2
6127 3
6128 2
6129 4
6130 3
6131 1
6132 2
6133 1
6134 1
6135 1
6136 10
6137 1
6138 1
6139 30
6140 27
6141 12
6142 1
6143 2
6144 2
6145 1
6146 1
6147 1
6148 1
6149 1
6150 1
6151 2
6152 2
6153 1
6154 44
6155 4
6156 1
6157 1
6158 2
6159 2
6160 1
6161 1
6162 3
6163 1
6164 1
6165 1
6166 1
6167 1
6168 1
6169 3
6170 1
6171 2
6172 1
6173 1
6174 1
6175 1
6176 1
6177 1
6178 1
6179 1
6180 1
6181 2
6182 1
6183 1
6184 4
6185 1
6186 1
6187 3
6188 8
6189 1
6190 1
6191 1
6192 1
6193 1
6194 1
6195 2
6196 1
6197 1
6198 7
6199 2
6200 3
6201 1
6202 2
6203 9
6204 1
6205 1
6206 1
6207 1
6208 1
6209 1
6210 1
6211 1
6212 2
6213 2
6214 1
6215 1
6216 2
6217 292
6218 3
6219 11
6220 2
6221 1
6222 3
6223 1
6224 20
6225 3
6226 1
6227 1
6228 1
6229 2
6230 1
6231 1
6232 5
6233 3
6234 1
6235 1
6236 1
6237 1
6238 1
6239 1
6240 1
6241 18
6242 12
6243 2
6244 1
6245 1
6246 1
6247 11
6248 1
6249 1
6250 1
6251 2
6252 1
6253 1
6254 1
6255 2
6256 2
6257 1
6258 2
6259 1
6260 1
6261 2
6262 1
6263 2
6264 2
6265 2
6266 1
6267 1
6268 5
6269 1
6270 3
6271 1
6272 1
6273 11
6274 2
6275 1
6276 1
6277 1
6278 1
6279 1
6280 2
6281 1
6282 1
6283 12
6284 1
6285 1
6286 1
6287 1
6288 2
6289 1
6290 2
6291 1
6292 1
6293 3
6294 1
6295 1
6296 7
6297 1
6298 1
6299 1
6300 1
6301 1
6302 2
6303 8
6304 1
6305 1
6306 1
6307 7
6308 1
6309 1
6310 4
6311 2
6312 1
6313 1
6314 1
6315 2
6316 1
6317 1
6318 1
6319 2
6320 1
6321 1
6322 1
6323 1
6324 2
6325 1
6326 1
6327 3
6328 1
6329 2
6330 1
6331 1
6332 1
6333 2
6334 1
6335 1
6336 2
6337 2
6338 1
6339 1
6340 1
6341 1
6342 1
6343 33
6344 2
6345 1
6346 1
6347 1
6348 1
6349 1
6350 2
6351 3
6352 1
6353 1
6354 22
6355 1
6356 2
6357 3
6358 1
6359 1
6360 1
6361 6
6362 12
6363 5
6364 1
6365 5
6366 1
6367 1
6368 1
6369 1
6370 1
6371 2
6372 1
6373 1
6374 30
6375 1
6376 1
6377 2
6378 2
6379 1
6380 1
6381 1
6382 2
6383 2
6384 1
6385 1
6386 2
6387 2
6388 1
6389 2
6390 1
6391 2
6392 2
6393 1
6394 1
6395 1
6396 1
6397 1
6398 2
6399 1
6400 1
6401 1
6402 1
6403 1
6404 1
6405 1
6406 1
6407 1
6408 1
6409 1
6410 1
6411 25
6412 4
6413 2
6414 1
6415 1
6416 1
6417 1
6418 1
6419 1
6420 1
6421 2
6422 2
6423 2
6424 1
6425 1
6426 1
6427 3
6428 5
6429 8
6430 2
6431 1
6432 2
6433 1
6434 1
6435 1
6436 6
6437 1
6438 1
6439 2
6440 2
6441 1
6442 6
6443 2
6444 1
6445 2
6446 1
6447 1
6448 1
6449 8
6450 1
6451 1
6452 1
6453 4
6454 1
6455 1
6456 1
6457 4
6458 2
6459 4
6460 2
6461 1
6462 1
6463 1
6464 1
6465 4
6466 1
6467 1
6468 1
6469 1
6470 1
6471 144
6472 1
6473 2
6474 4
6475 1
6476 1
6477 1
6478 1
6479 1
6480 4
6481 1
6482 1
6483 1
6484 1
6485 1
6486 12
6487 1
6488 1
6489 1
6490 1
6491 1
6492 1
6493 1
6494 1
6495 1
6496 1
6497 2
6498 2
6499 1
6500 1
6501 1
6502 6
6503 1
6504 6
6505 1
6506 1
6507 5
6508 1
6509 1
6510 1
6511 1
6512 9
6513 1
6514 2
6515 1
6516 1
6517 1
6518 1
6519 1
6520 8
6521 1
6522 1
6523 1
6524 2
6525 2
6526 17
6527 4
6528 2
6529 1
6530 1
6531 1
6532 1
6533 1
6534 1
6535 1
6536 1
6537 2
6538 4
6539 1
6540 1
6541 5
6542 14
6543 4
6544 2
6545 1
6546 2
6547 4
6548 1
6549 5
6550 10
6551 4
6552 3
6553 1
6554 8
6555 1
6556 1
6557 1
6558 1
6559 1
6560 7
6561 1
6562 2
6563 7
6564 2
6565 4
6566 1
6567 2
6568 1
6569 5
6570 1
6571 3
6572 1
6573 2
6574 1
6575 2
6576 1
6577 1
6578 1
6579 1
6580 1
6581 4
6582 1
6583 1
6584 2
6585 8
6586 1
6587 1
6588 3
6589 1
6590 1
6591 1
6592 2
6593 1
6594 1
6595 1
6596 2
6597 2
6598 1
6599 2
6600 19
6601 1
6602 1
6603 1
6604 1
6605 1
6606 2
6607 2
6608 3
6609 2
6610 7
6611 4
6612 1
6613 1
6614 1
6615 1
6616 1
6617 1
6618 1
6619 1
6620 1
6621 3
6622 1
6623 3
6624 2
6625 1
6626 1
6627 6
6628 2
6629 3
6630 5
6631 3
6632 21
6633 2
6634 2
6635 1
6636 1
6637 1
6638 1
6639 4
6640 1
6641 1
6642 1
6643 1
6644 1
6645 1
6646 1
6647 4
6648 7
6649 4
6650 1
6651 1
6652 1
6653 1
6654 1
6655 2
6656 1
6657 3
6658 1
6659 3
6660 4
6661 3
6662 1
6663 1
6664 1
6665 1
6666 1
6667 2
6668 2
6669 3
6670 1
6671 1
6672 4
6673 1
6674 1
6675 5
6676 2
6677 4
6678 1
6679 1
6680 19
6681 3
6682 1
6683 1
6684 1
6685 10
6686 3
6687 1
6688 11
6689 1
6690 1
6691 1
6692 1
6693 2
6694 3
6695 1
6696 1
6697 1
6698 4
6699 1
6700 2
6701 4
6702 1
6703 1
6704 1
6705 1
6706 2
6707 1
6708 37
6709 1
6710 3
6711 1
6712 1
6713 1
6714 6
6715 2
6716 2
6717 1
6718 1
6719 4
6720 1
6721 1
6722 12
6723 2
6724 1
6725 3
6726 1
6727 1
6728 1
6729 2
6730 1
6731 2
6732 4
6733 1
6734 11
6735 1
6736 1
6737 4
6738 1
6739 2
6740 1
6741 1
6742 1
6743 1
6744 1
6745 1
6746 1
6747 1
6748 1
6749 1
6750 1
6751 2
6752 1
6753 2
6754 1
6755 1
6756 1
6757 3
6758 1
6759 1
6760 1
6761 8
6762 2
6763 1
6764 1
6765 2
6766 1
6767 1
6768 2
6769 1
6770 2
6771 2
6772 1
6773 2
6774 1
6775 1
6776 2
6777 2
6778 1
6779 1
6780 4
6781 2
6782 3
6783 2
6784 1
6785 2
6786 2
6787 3
6788 1
6789 1
6790 1
6791 8
6792 2
6793 1
6794 1
6795 1
6796 1
6797 1
6798 2
6799 8
6800 1
6801 1
6802 1
6803 1
6804 1
6805 1
6806 1
6807 1
6808 1
6809 1
6810 12
6811 1
6812 1
6813 1
6814 2
6815 1
6816 1
6817 3
6818 1
6819 5
6820 1
6821 1
6822 2
6823 1
6824 2
6825 2
6826 9
6827 1
6828 3
6829 1
6830 1
6831 1
6832 2
6833 2
6834 7
6835 1
6836 2
6837 3
6838 1
6839 1
6840 1
6841 1
6842 1
6843 1
6844 3
6845 1
6846 6
6847 1
6848 1
6849 1
6850 1
6851 32
6852 2
6853 2
6854 1
6855 1
6856 1
6857 1
6858 3
6859 2
6860 1
6861 3
6862 1
6863 2
6864 4
6865 1
6866 2
6867 22
6868 4
6869 1
6870 1
6871 2
6872 1
6873 1
6874 1
6875 2
6876 2
6877 4
6878 1
6879 1
6880 1
6881 1
6882 1
6883 2
6884 2
6885 2
6886 1
6887 3
6888 1
6889 1
6890 8
6891 30
6892 3
6893 3
6894 1
6895 4
6896 1
6897 1
6898 2
6899 4
6900 2
6901 2
6902 13
6903 1
6904 1
6905 1
6906 2
6907 1
6908 1
6909 1
6910 1
6911 1
6912 1
6913 1
6914 2
6915 2
6916 6
6917 1
6918 29
6919 2
6920 1
6921 3
6922 1
6923 1
6924 1
6925 5
6926 1
6927 1
6928 1
6929 1
6930 13
6931 1
6932 1
6933 1
6934 1
6935 1
6936 1
6937 5
6938 2
6939 2
6940 1
6941 18
6942 1
6943 2
6944 1
6945 1
6946 1
6947 1
6948 4
6949 23
6950 1
6951 1
6952 94
6953 1
6954 1
6955 1
6956 1
6957 1
6958 4
6959 1
6960 2
6961 12
6962 2
6963 7
6964 1
6965 7
6966 1
6967 1
6968 6
6969 1
6970 2
6971 27
6972 1
6973 1
6974 1
6975 2
6976 3
6977 2
6978 3
6979 1
6980 1
6981 1
6982 1
6983 2
6984 1
6985 1
6986 1
6987 1
6988 1
6989 11
6990 16
6991 1
6992 1
6993 1
6994 1
6995 2
6996 1
6997 1
6998 1
6999 1
7000 1
7001 6
7002 16
7003 1
7004 2
7005 1
7006 1
7007 2
7008 1
7009 1
7010 4
7011 20
7012 1
7013 1
7014 1
7015 1
7016 5
7017 4
7018 2
7019 1
7020 1
7021 2
7022 4
7023 2
7024 1
7025 9
7026 2
7027 1
7028 5
7029 1
7030 1
7031 2
7032 2
7033 1
7034 1
7035 2
7036 1
7037 1
7038 1
7039 1
7040 1
7041 127
7042 1
7043 4
7044 1
7045 1
7046 1
7047 2
7048 1
7049 1
7050 7
7051 3
7052 1
7053 1
7054 1
7055 1
7056 1
7057 1
7058 1
7059 1
7060 1
7061 3
7062 2
7063 1
7064 1
7065 65
7066 1
7067 3
7068 3
7069 3
7070 1
7071 1
7072 1
7073 2
7074 1
7075 4
7076 1
7077 3
7078 1
7079 2
7080 1
7081 1
7082 1
7083 1
7084 1
7085 1
7086 35
7087 2
7088 2
7089 1
7090 1
7091 5
7092 1
7093 1
7094 1
7095 1
7096 1
7097 8
7098 1
7099 3
7100 3
7101 1
7102 2
7103 1
7104 2
7105 2
7106 5
7107 2
7108 1
7109 1
7110 1
7111 3
7112 2
7113 1
7114 2
7115 2
7116 1
7117 1
7118 1
7119 2
7120 1
7121 2
7122 1
7123 1
7124 1
7125 1
7126 1
7127 7
7128 9
7129 2
7130 1
7131 2
7132 1
7133 46
7134 1
7135 5
7136 3
7137 1
7138 2
7139 2
7140 4
7141 5
7142 1
7143 1
7144 5
7145 1
7146 1
7147 1
7148 1
7149 1
7150 1
7151 11
7152 9
7153 1
7154 1
7155 1
7156 1
7157 1
7158 1
7159 1
7160 1
7161 1
7162 1
7163 1
7164 1
7165 1
7166 39
7167 1
7168 2
7169 2
7170 2
7171 2
7172 2
7173 2
7174 1
7175 1
7176 2
7177 1
7178 1
7179 2
7180 23
7181 9
7182 1
7183 1
7184 1
7185 2
7186 1
7187 1
7188 2
7189 1
7190 1
7191 5
7192 3
7193 6
7194 2
7195 1
7196 1
7197 20
7198 1
7199 1
7200 2
7201 1
7202 1
7203 2
7204 1
7205 2
7206 4
7207 2
7208 1
7209 4
7210 1
7211 1
7212 1
7213 1
7214 1
7215 1
7216 1
7217 1
7218 13
7219 1
7220 1
7221 6
7222 1
7223 1
7224 1
7225 1
7226 1
7227 1
7228 1
7229 2
7230 3
7231 2
7232 4
7233 12
7234 9
7235 3
7236 1
7237 3
7238 1
7239 1
7240 2
7241 14
7242 1
7243 2
7244 1
7245 4
7246 1
7247 1
7248 2
7249 1
7250 4
7251 1
7252 2
7253 4
7254 1
7255 1
7256 1
7257 1
7258 1
7259 2
7260 1
7261 1
7262 1
7263 2
7264 1
7265 4
7266 1
7267 1
7268 32
7269 1
7270 1
7271 1
7272 1
7273 1
7274 5
7275 2
7276 1
7277 1
7278 4
7279 1
7280 1
7281 1
7282 7
7283 1
7284 2
7285 1
7286 1
7287 3
7288 1
7289 1
7290 1
7291 2
7292 1
7293 1
7294 1
7295 2
7296 1
7297 3
7298 1
7299 2
7300 3
7301 2
7302 3
7303 2
7304 1
7305 7
7306 3
7307 11
7308 1
7309 1
7310 1
7311 1
7312 1
7313 1
7314 5
7315 1
7316 1
7317 1
7318 1
7319 1
7320 1
7321 1
7322 5
7323 1
7324 2
7325 1
7326 1
7327 1
7328 4
7329 1
7330 1
7331 1
7332 1
7333 1
7334 11
7335 1
7336 1
7337 1
7338 1
7339 4
7340 6
7341 1
7342 2
7343 7
7344 7
7345 3
7346 1
7347 1
7348 2
7349 10
7350 1
7351 1
7352 1
7353 4
7354 1
7355 1
7356 3
7357 1
7358 1
7359 1
7360 1
7361 7
7362 7
7363 1
7364 1
7365 5
7366 2
7367 1
7368 1
7369 1
7370 1
7371 4
7372 2
7373 1
7374 5
7375 2
7376 3
7377 5
7378 1
7379 11
7380 3
7381 1
7382 1
7383 1
7384 1
7385 2
7386 1
7387 1
7388 3
7389 1
7390 4
7391 1
7392 1
7393 1
7394 102
7395 3
7396 3
7397 1
7398 1
7399 1
7400 1
7401 3
7402 3
7403 3
7404 6
7405 3
7406 6
7407 10
7408 2
7409 1
7410 1
7411 14
7412 1
7413 2
7414 6
7415 1
7416 11
7417 2
7418 1
7419 1
7420 1
7421 1
7422 2
7423 1
7424 1
7425 1
7426 1
7427 1
7428 1
7429 1
7430 1
7431 1
7432 1
7433 1
7434 1
7435 2
7436 3
7437 1
7438 1
7439 1
7440 14
7441 2
7442 5
7443 1
7444 7
7445 2
7446 1
7447 7
7448 4
7449 1
7450 6
7451 1
7452 4
7453 1
7454 4
7455 1
7456 1
7457 1
7458 1
7459 7
7460 1
7461 1
7462 1
7463 1
7464 1
7465 1
7466 1
7467 2
7468 3
7469 1
7470 3
7471 1
7472 1
7473 1
7474 1
7475 26
7476 2
7477 1
7478 5
7479 1
7480 2
7481 8
7482 2
7483 9
7484 2
7485 2
7486 5
7487 2
7488 1
7489 2
7490 1
7491 2
7492 1
7493 1
7494 1
7495 2
7496 5
7497 44
7498 1
7499 4
7500 1
7501 1
7502 4
7503 3
7504 1
7505 1
7506 1
7507 2
7508 2
7509 2
7510 2
7511 4
7512 14
7513 1
7514 2
7515 1
7516 1
7517 2
7518 5
7519 1
7520 2
7521 1
7522 17
7523 1
7524 1
7525 1
7526 1
7527 1
7528 1
7529 5
7530 1
7531 2
7532 1
7533 1
7534 43
7535 1
7536 1
7537 1
7538 1
7539 2
7540 1
7541 1
7542 1
7543 1
7544 2
7545 5
7546 1
7547 1
7548 1
7549 2
7550 1
7551 2
7552 1
7553 1
7554 1
7555 5
7556 1
7557 2
7558 2
7559 3
7560 1
7561 1
7562 1
7563 1
7564 2
7565 2
7566 2
7567 1
7568 1
7569 1
7570 1
7571 1
7572 3
7573 1
7574 1
7575 3
7576 1
7577 2
7578 1
7579 1
7580 1
7581 1
7582 1
7583 114
7584 14
7585 1
7586 1
7587 1
7588 4
7589 1
7590 1
7591 1
7592 2
7593 36
7594 2
7595 1
7596 637
7597 12
7598 1
7599 1
7600 1
7601 1
7602 1
7603 1
7604 1
7605 3
7606 3
7607 3
7608 33
7609 1
7610 1
7611 1
7612 1
7613 1
7614 1
7615 2
7616 5
7617 2
7618 1
7619 1
7620 5
7621 1
7622 2
7623 1
7624 1
7625 5
7626 1
7627 5
7628 1
7629 2
7630 1
7631 2
7632 2
7633 3
7634 1
7635 1
7636 7
7637 2
7638 1
7639 1
7640 1
7641 2
7642 4
7643 4
7644 2
7645 1
7646 5
7647 6
7648 1
7649 1
7650 2
7651 1
7652 2
7653 3
7654 1
7655 41
7656 1
7657 1
7658 1
7659 1
7660 1
7661 3
7662 1
7663 13
7664 10
7665 5
7666 1
7667 1
7668 4
7669 1
7670 1
7671 5
7672 7
7673 4
7674 2
7675 1
7676 1
7677 2
7678 1
7679 1
7680 3
7681 1
7682 1
7683 1
7684 2
7685 1
7686 1
7687 1
7688 1
7689 1
7690 1
7691 2
7692 1
7693 11
7694 1
7695 1
7696 1
7697 2
7698 1
7699 3
7700 2
7701 2
7702 6
7703 1
7704 1
7705 1
7706 2
7707 1
7708 1
7709 12
7710 1
7711 2
7712 1
7713 1
7714 2
7715 2
7716 2
7717 40
7718 1
7719 2
7720 2
7721 1
7722 1
7723 2
7724 1
7725 3
7726 3
7727 1
7728 1
7729 1
7730 1
7731 1
7732 1
7733 2
7734 1
7735 1
7736 1
7737 1
7738 1
7739 4
7740 4
7741 2
7742 1
7743 1
7744 1
7745 2
7746 1
7747 1
7748 3
7749 1
7750 1
7751 1
7752 1
7753 1
7754 1
7755 67
7756 1
7757 1
7758 2
7759 1
7760 1
7761 13
7762 196
7763 10
7764 2
7765 1
7766 8
7767 5
7768 1
7769 2
7770 1
7771 1
7772 1
7773 1
7774 1
7775 4
7776 1
7777 2
7778 3
7779 1
7780 1
7781 1
7782 2
7783 2
7784 1
7785 2
7786 1
7787 1
7788 23
7789 1
7790 2
7791 1
7792 1
7793 1
7794 1
7795 4
7796 1
7797 1
7798 1
7799 8
7800 1
7801 1
7802 4
7803 1
7804 1
7805 1
7806 1
7807 2
7808 1
7809 1
7810 1
7811 11
7812 1
7813 8
7814 1
7815 2
7816 2
7817 3
7818 3
7819 11
7820 1
7821 3
7822 1
7823 4
7824 1
7825 3
7826 1
7827 1
7828 1
7829 5
7830 1
7831 2
7832 1
7833 55
7834 2
7835 2
7836 1
7837 1
7838 1
7839 1
7840 1
7841 1
7842 1
7843 3
7844 1
7845 2
7846 2
7847 2
7848 1
7849 3
7850 1
7851 4
7852 1
7853 1
7854 1
7855 1
7856 1
7857 1
7858 1
7859 1
7860 1
7861 1
7862 1
7863 2
7864 2
7865 1
7866 6
7867 1
7868 18
7869 7
7870 8
7871 4
7872 1
7873 1
7874 7
7875 2
7876 2
7877 1
7878 3
7879 2
7880 1
7881 1
7882 10
7883 1
7884 1
7885 1
7886 1
7887 1
7888 1
7889 1
7890 1
7891 1
7892 1
7893 1
7894 7
7895 2
7896 1
7897 1
7898 1
7899 36
7900 3
7901 1
7902 1
7903 1
7904 3
7905 1
7906 2
7907 1
7908 2
7909 1
7910 1
7911 2
7912 1
7913 1
7914 2
7915 1
7916 2
7917 1
7918 1
7919 1
7920 1
7921 1
7922 1
7923 1
7924 2
7925 116
7926 4
7927 2
7928 4
7929 1
7930 17
7931 1
7932 2
7933 1
7934 1
7935 1
7936 1
7937 4
7938 3
7939 1
7940 1
7941 1
7942 3
7943 2
7944 3
7945 1
7946 3
7947 1
7948 2
7949 1
7950 1
7951 1
7952 2
7953 12
7954 1
7955 1
7956 3
7957 1
7958 1
7959 1
7960 2
7961 1
7962 17
7963 1
7964 2
7965 3
7966 1
7967 1
7968 2
7969 2
7970 1
7971 1
7972 4
7973 1
7974 1
7975 1
7976 13
7977 7
7978 5
7979 14
7980 3
7981 22
7982 1
7983 1
7984 1
7985 1
7986 2
7987 1
7988 6
7989 2
7990 6
7991 1
7992 2
7993 3
7994 4
7995 1
7996 1
7997 1
7998 2
7999 1
8000 2
8001 6
8002 1
8003 1
8004 1
8005 1
8006 1
8007 1
8008 1
8009 1
8010 1
8011 2
8012 1
8013 4
8014 1
8015 1
8016 1
8017 1
8018 9
8019 4
8020 3
8021 2
8022 5
8023 1
8024 1
8025 1
8026 3
8027 5
8028 2
8029 2
8030 2
8031 1
8032 2
8033 2
8034 1
8035 1
8036 1
8037 3
8038 3
8039 1
8040 1
8041 1
8042 1
8043 1
8044 3
8045 1
8046 2
8047 37
8048 1
8049 3
8050 2
8051 1
8052 3
8053 2
8054 1
8055 1
8056 1
8057 3
8058 2
8059 1
8060 1
8061 25
8062 3
8063 3
8064 1
8065 4
8066 1
8067 3
8068 1
8069 1
8070 2
8071 1
8072 4
8073 1
8074 16
8075 8
8076 1
8077 5
8078 2
8079 1
8080 1
8081 1
8082 3
8083 10
8084 3
8085 1
8086 3
8087 1
8088 152
8089 2
8090 1
8091 1
8092 1
8093 2
8094 1
8095 1
8096 6
8097 1
8098 1
8099 1
8100 1
8101 1
8102 4
8103 1
8104 1
8105 2
8106 2
8107 2
8108 1
8109 1
8110 1
8111 1
8112 1
8113 1
8114 1
8115 2
8116 2
8117 1
8118 1
8119 1
8120 1
8121 1
8122 3
8123 5
8124 1
8125 1
8126 1
8127 1
8128 1
8129 2
8130 1
8131 1
8132 5
8133 1
8134 3
8135 1
8136 1
8137 5
8138 1
8139 2
8140 2
8141 2
8142 1
8143 1
8144 3
8145 1
8146 4
8147 1
8148 1
8149 1
8150 1
8151 1
8152 1
8153 1
8154 1
8155 7
8156 1
8157 3
8158 1
8159 2
8160 1
8161 1
8162 1
8163 2
8164 1
8165 1
8166 1
8167 1
8168 1
8169 1
8170 1
8171 1
8172 2
8173 3
8174 1
8175 5
8176 1
8177 1
8178 1
8179 1
8180 1
8181 8
8182 2
8183 1
8184 1
8185 4
8186 3
8187 1
8188 41
8189 4
8190 1
8191 25
8192 1
8193 6
8194 1
8195 2
8196 17
8197 1
8198 1
8199 1
8200 1
8201 7
8202 1
8203 2
8204 1
8205 1
8206 1
8207 1
8208 1
8209 1
8210 1
8211 33
8212 1
8213 2
8214 1
8215 1
8216 2
8217 1
8218 3
8219 7
8220 1
8221 4
8222 2
8223 3
8224 15
8225 1
8226 1
8227 1
8228 1
8229 1
8230 5
8231 1
8232 5
8233 1
8234 1
8235 1
8236 4
8237 3
8238 3
8239 6
8240 1
8241 5
8242 1
8243 11
8244 2
8245 11
8246 71
8247 3
8248 2
8249 1
8250 1
8251 2
8252 1
8253 22
8254 1
8255 1
8256 3
8257 2
8258 1
8259 1
8260 4
8261 2
8262 4
8263 1
8264 1
8265 1
8266 1
8267 3
8268 3
8269 1
8270 1
8271 1
8272 3
8273 1
8274 1
8275 1
8276 260
8277 9
8278 10
8279 1
8280 1
8281 1
8282 1
8283 2
8284 1
8285 1
8286 1
8287 2
8288 2
8289 7
8290 1
8291 1
8292 2
8293 4
8294 1
8295 2
8296 2
8297 7
8298 1
8299 3
8300 1
8301 5
8302 2
8303 1
8304 1
8305 1
8306 2
8307 1
8308 1
8309 5
8310 1
8311 2
8312 2
8313 5
8314 3
8315 3
8316 3
8317 1
8318 2
8319 29
8320 1
8321 1
8322 1
8323 214
8324 1
8325 1
8326 2
8327 2
8328 1
8329 5
8330 3
8331 1
8332 1
8333 2
8334 1
8335 2
8336 1
8337 1
8338 4
8339 1
8340 1
8341 1
8342 1
8343 1
8344 1
8345 114
8346 2
8347 1
8348 1
8349 1
8350 5
8351 1
8352 1
8353 1
8354 1
8355 1
8356 1
8357 2
8358 2
8359 1
8360 5
8361 3
8362 11
8363 1
8364 1
8365 1
8366 9
8367 1
8368 1
8369 2
8370 8
8371 1
8372 1
8373 1
8374 3
8375 1
8376 1
8377 2
8378 3
8379 9
8380 1
8381 3
8382 1
8383 2
8384 2
8385 4
8386 1
8387 2
8388 2
8389 2
8390 3
8391 15
8392 1
8393 31
8394 1
8395 1
8396 15
8397 4
8398 1
8399 1
8400 2
8401 2
8402 1
8403 3
8404 2
8405 5
8406 7
8407 1
8408 1
8409 1
8410 1
8411 6
8412 1
8413 1
8414 4
8415 4
8416 1
8417 2
8418 1
8419 1
8420 1
8421 3
8422 1
8423 2
8424 1
8425 2
8426 3
8427 1
8428 2
8429 2
8430 1
8431 2
8432 2
8433 2
8434 29
8435 2
8436 1
8437 2
8438 3
8439 1
8440 1
8441 8
8442 10
8443 1
8444 1
8445 1
8446 1
8447 11
8448 2
8449 1
8450 2
8451 2
8452 1
8453 1
8454 1
8455 16
8456 1
8457 1
8458 1
8459 1
8460 1
8461 1
8462 1
8463 3
8464 1
8465 1
8466 1
8467 5
8468 1
8469 1
8470 14
8471 1
8472 27
8473 3
8474 2
8475 1
8476 1
8477 1
8478 2
8479 1
8480 2
8481 1
8482 4
8483 1
8484 1
8485 2
8486 1
8487 1
8488 2
8489 1
8490 3
8491 2
8492 1
8493 2
8494 1
8495 2
8496 2
8497 2
8498 1
8499 1
8500 2
8501 15
8502 1
8503 1
8504 31
8505 1
8506 1
8507 4
8508 2
8509 5
8510 2
8511 1
8512 1
8513 2
8514 2
8515 1
8516 1
8517 1
8518 1
8519 1
8520 1
8521 1
8522 2
8523 1
8524 6
8525 1
8526 1
8527 1
8528 2
8529 3
8530 9
8531 1
8532 1
8533 1
8534 6
8535 1
8536 1
8537 1
8538 1
8539 2
8540 2
8541 7
8542 2
8543 2
8544 3
8545 1
8546 1
8547 2
8548 1
8549 4
8550 1
8551 4
8552 1
8553 1
8554 1
8555 1
8556 1
8557 1
8558 1
8559 1
8560 2
8561 2
8562 3
8563 9
8564 3
8565 2
8566 1
8567 1
8568 2
8569 1
8570 1
8571 2
8572 1
8573 1
8574 9
8575 2
8576 1
8577 1
8578 1
8579 1
8580 1
8581 1
8582 3
8583 1
8584 14
8585 2
8586 1
8587 7
8588 4
8589 14
8590 1
8591 1
8592 11
8593 1
8594 1
8595 1
8596 2
8597 1
8598 3
8599 1
8600 2
8601 3
8602 9
8603 1
8604 2
8605 3
8606 2
8607 2
8608 4
8609 1
8610 1
8611 3
8612 1
8613 2
8614 1
8615 1
8616 1
8617 1
8618 2
8619 2
8620 12
8621 1
8622 1
8623 3
8624 1
8625 16
8626 1
8627 2
8628 1
8629 1
8630 1
8631 2
8632 1
8633 2
8634 23
8635 152
8636 2
8637 3
8638 1
8639 1
8640 3
8641 1
8642 2
8643 1
8644 1
8645 113
8646 2
8647 1
8648 1
8649 3
8650 1
8651 2
8652 1
8653 1
8654 1
8655 1
8656 1
8657 1
8658 2
8659 2
8660 1
8661 1
8662 1
8663 7
8664 1
8665 4
8666 40
8667 1
8668 1
8669 4
8670 3
8671 1
8672 1
8673 1
8674 2
8675 2
8676 25
8677 2
8678 2
8679 1
8680 1
8681 3
8682 2
8683 2
8684 2
8685 2
8686 2
8687 1
8688 2
8689 115
8690 1
8691 1
8692 25
8693 2
8694 2
8695 1
8696 1
8697 1
8698 1
8699 1
8700 1
8701 1
8702 1
8703 2
8704 1
8705 1
8706 2
8707 1
8708 1
8709 1
8710 2
8711 1
8712 1
8713 2
8714 1
8715 4
8716 1
8717 3
8718 2
8719 1
8720 1
8721 1
8722 1
8723 2
8724 1
8725 1
8726 9
8727 38
8728 3
8729 1
8730 17
8731 1
8732 2
8733 11
8734 1
8735 1
8736 2
8737 3
8738 1
8739 1
8740 4
8741 1
8742 1
8743 2
8744 2
8745 2
8746 1
8747 46
8748 1
8749 1
8750 1
8751 1
8752 4
8753 1
8754 1
8755 1
8756 1
8757 1
8758 1
8759 1
8760 23
8761 1
8762 3
8763 1
8764 1
8765 1
8766 1
8767 1
8768 1
8769 3
8770 2
8771 2
8772 6
8773 1
8774 1
8775 1
8776 1
8777 8
8778 2
8779 1
8780 1
8781 1
8782 2
8783 1
8784 5
8785 2
8786 1
8787 1
8788 1
8789 3
8790 1
8791 2
8792 1
8793 1
8794 4
8795 1
8796 2
8797 1
8798 3
8799 1
8800 1
8801 1
8802 27
8803 1
8804 4
8805 1
8806 1
8807 1
8808 4
8809 5
8810 3
8811 1
8812 2
8813 3
8814 1
8815 2
8816 1
8817 1
8818 2
8819 1
8820 9
8821 2
8822 1
8823 1
8824 4
8825 1
8826 6
8827 1
8828 2
8829 1
8830 97
8831 1
8832 1
8833 1
8834 1
8835 1
8836 10
8837 1
8838 2
8839 1
8840 1
8841 1
8842 1
8843 2
8844 2
8845 73
8846 1
8847 1
8848 1
8849 1
8850 1
8851 39
8852 4
8853 1
8854 1
8855 2
8856 2
8857 2
8858 3
8859 1
8860 1
8861 1
8862 1
8863 1
8864 1
8865 2
8866 1
8867 1
8868 1
8869 1
8870 1
8871 1
8872 6
8873 1
8874 3
8875 1
8876 2
8877 1
8878 3
8879 12
8880 3
8881 3
8882 2
8883 1
8884 2
8885 1
8886 2
8887 2
8888 1
8889 3
8890 9
8891 2
8892 1
8893 1
8894 1
8895 2
8896 3
8897 2
8898 1
8899 1
8900 1
8901 1
8902 2
8903 1
8904 65
8905 3
8906 1
8907 5
8908 2
8909 1
8910 38
8911 6
8912 1
8913 1
8914 1
8915 1
8916 1
8917 5
8918 1
8919 1
8920 2
8921 2
8922 2
8923 9
8924 1
8925 2
8926 1
8927 1
8928 2
8929 1
8930 1
8931 1
8932 1
8933 1
8934 13
8935 1
8936 1
8937 2
8938 3
8939 1
8940 1
8941 2
8942 2
8943 2
8944 2
8945 2
8946 2
8947 2
8948 11
8949 1
8950 2
8951 1
8952 8
8953 1
8954 1
8955 1
8956 1
8957 1
8958 1
8959 3
8960 1
8961 1
8962 1
8963 2
8964 11
8965 1
8966 1
8967 1
8968 1
8969 1
8970 5
8971 2
8972 1
8973 4
8974 4
8975 1
8976 1
8977 1
8978 2
8979 6
8980 1
8981 3
8982 2
8983 1
8984 1
8985 1
8986 3
8987 1
8988 1
8989 1
8990 2
8991 2
8992 2
8993 1
8994 1
8995 1
8996 1
8997 1
8998 1
8999 7
9000 1
9001 1
9002 2
9003 1
9004 8
9005 1
9006 2
9007 2
9008 1
9009 1
9010 1
9011 1
9012 2
9013 2
9014 1
9015 1
9016 2
9017 5
9018 1
9019 41
9020 1
9021 5
9022 1
9023 17
9024 1
9025 1
9026 1
9027 2
9028 2
9029 1
9030 1
9031 2
9032 5
9033 18
9034 1
9035 1
9036 1
9037 1
9038 70
9039 2
9040 19
9041 1
9042 1
9043 1
9044 1
9045 1
9046 1
9047 1
9048 2
9049 1
9050 10
9051 1
9052 1
9053 2
9054 1
9055 1
9056 1
9057 3
9058 2
9059 1
9060 14
9061 15
9062 2
9063 2
9064 2
9065 2
9066 5
9067 1
9068 3
9069 1
9070 1
9071 2
9072 5
9073 4
9074 1
9075 1
9076 1
9077 1
9078 1
9079 1
9080 1
9081 1
9082 4
9083 1
9084 1
9085 63
9086 1
9087 1
9088 1
9089 1
9090 1
9091 2
9092 1
9093 1
9094 2
9095 1
9096 2
9097 12
9098 1
9099 1
9100 1
9101 1
9102 2
9103 13
9104 1
9105 1
9106 1
9107 4
9108 3
9109 1
9110 2
9111 1
9112 1
9113 1
9114 1
9115 1
9116 1
9117 1
9118 1
9119 1
9120 1
9121 3
9122 1
9123 1
9124 1
9125 1
9126 3
9127 2
9128 44
9129 1
9130 1
9131 1
9132 3
9133 1
9134 1
9135 1
9136 1
9137 9
9138 1
9139 1
9140 3
9141 7
9142 1
9143 7
9144 1
9145 1
9146 1
9147 2
9148 6
9149 1
9150 1
9151 1
9152 2
9153 1
9154 2
9155 1
9156 1
9157 1
9158 1
9159 1
9160 1
9161 1
9162 1
9163 2
9164 2
9165 1
9166 4
9167 3
9168 6
9169 1
9170 1
9171 59
9172 1
9173 1
9174 5
9175 242
9176 1
9177 1
9178 2
9179 1
9180 1
9181 1
9182 4
9183 1
9184 1
9185 1
9186 1
9187 1
9188 2
9189 1
9190 1
9191 10
9192 23
9193 3
9194 2
9195 1
9196 27
9197 1
9198 1
9199 3
9200 1
9201 1
9202 1
9203 2
9204 1
9205 1
9206 3
9207 1
9208 1
9209 7
9210 6
9211 1
9212 1
9213 7
9214 2
9215 1
9216 1
9217 1
9218 2
9219 4
9220 1
9221 2
9222 1
9223 5
9224 3
9225 1
9226 2
9227 1
9228 31
9229 1
9230 14
9231 1
9232 1
9233 35
9234 1
9235 2
9236 1
9237 2
9238 2
9239 1
9240 1
9241 2
9242 3
9243 53
9244 1
9245 2
9246 1
9247 1
9248 1
9249 1
9250 1
9251 12
9252 3
9253 2
9254 12
9255 2
9256 1
9257 1
9258 1
9259 1
9260 4
9261 1
9262 1
9263 6
9264 2
9265 1
9266 1
9267 1
9268 1
9269 3
9270 3
9271 2
9272 6
9273 2
9274 2
9275 2
9276 1
9277 2
9278 1
9279 1
9280 2
9281 3
9282 1
9283 1
9284 1
9285 1
9286 3
9287 10
9288 1
9289 1
9290 2
9291 1
9292 2
9293 3
9294 1
9295 2
9296 1
9297 6
9298 1
9299 2
9300 1
9301 1
9302 1
9303 1
9304 1
9305 2
9306 5
9307 1
9308 1
9309 6
9310 5
9311 20
9312 1
9313 1
9314 1
9315 1
9316 1
9317 1
9318 3
9319 2
9320 4
9321 4
9322 1
9323 5
9324 2
9325 1
9326 3
9327 1
9328 1
9329 1
9330 1
9331 6
9332 3
9333 1
9334 1
9335 1
9336 2
9337 3
9338 1
9339 2
9340 1
9341 1
9342 1
9343 1
9344 2
9345 1
9346 1
9347 1
9348 4
9349 1
9350 1
9351 7
9352 1
9353 8
9354 1
9355 1
9356 3
9357 1
9358 1
9359 3
9360 3
9361 1
9362 1
9363 2
9364 1
9365 1
9366 1
9367 2
9368 12
9369 1
9370 1
9371 3
9372 1
9373 2
9374 1
9375 2
9376 1
9377 1
9378 2
9379 1
9380 1
9381 5
9382 1
9383 1
9384 6
9385 1
9386 16
9387 1
9388 1
9389 1
9390 1
9391 2
9392 4
9393 1
9394 1
9395 2
9396 1
9397 1
9398 7
9399 1
9400 1
9401 18
9402 2
9403 4
9404 3
9405 1
9406 3
9407 1
9408 2
9409 1
9410 4
9411 1
9412 2
9413 3
9414 25
9415 1
9416 1
9417 1
9418 2
9419 5
9420 60
9421 1
9422 1
9423 2
9424 1
9425 1
9426 1
9427 2
9428 2
9429 1
9430 3
9431 1
9432 1
9433 1
9434 5
9435 3
9436 1
9437 1
9438 1
9439 3
9440 2
9441 4
9442 1
9443 2
9444 1
9445 3
9446 1
9447 5
9448 3
9449 2
9450 2
9451 2
9452 1
9453 1
9454 1
9455 1
9456 4
9457 4
9458 4
9459 1
9460 1
9461 1
9462 2
9463 3
9464 1
9465 1
9466 1
9467 1
9468 2
9469 1
9470 1
9471 4
9472 2
9473 1
9474 3
9475 2
9476 2
9477 1
9478 14
9479 2
9480 1
9481 2
9482 2
9483 1
9484 1
9485 3
9486 3
9487 1
9488 4
9489 1
9490 2
9491 2
9492 1
9493 1
9494 1
9495 3
9496 1
9497 73
9498 11
9499 1
9500 1
9501 1
9502 2
9503 1
9504 1
9505 2
9506 1
9507 1
9508 2
9509 2
9510 2
9511 1
9512 5
9513 1
9514 2
9515 1
9516 1
9517 2
9518 1
9519 1
9520 1
9521 1
9522 1
9523 1
9524 1
9525 1
9526 1
9527 1
9528 2
9529 3
9530 1
9531 1
9532 7
9533 1
9534 3
9535 1
9536 1
9537 1
9538 36
9539 1
9540 1
9541 4
9542 3
9543 5
9544 1
9545 2
9546 2
9547 2
9548 4
9549 3
9550 2
9551 2
9552 3
9553 1
9554 1
9555 3
9556 3
9557 1
9558 1
9559 3
9560 1
9561 1
9562 2
9563 4
9564 2
9565 1
9566 1
9567 1
9568 1
9569 1
9570 1
9571 1
9572 1
9573 1
9574 1
9575 3
9576 1
9577 1
9578 9
9579 1
9580 9
9581 1
9582 1
9583 3
9584 1
9585 1
9586 2
9587 1
9588 1
9589 1
9590 3
9591 1
9592 14
9593 7
9594 1
9595 1
9596 1
9597 1
9598 1
9599 1
9600 2
9601 1
9602 1
9603 1
9604 1
9605 1
9606 1
9607 1
9608 1
9609 2
9610 76
9611 1
9612 1
9613 3
9614 1
9615 1
9616 2
9617 1
9618 1
9619 1
9620 1
9621 2
9622 1
9623 1
9624 1
9625 19
9626 1
9627 1
9628 1
9629 1
9630 1
9631 1
9632 2
9633 1
9634 1
9635 226
9636 1
9637 2
9638 2
9639 1
9640 2
9641 10
9642 1
9643 1
9644 3
9645 1
9646 1
9647 1
9648 1
9649 1
9650 1
9651 1
9652 1
9653 7
9654 1
9655 1
9656 2
9657 1
9658 16
9659 1
9660 1
9661 1
9662 1
9663 9
9664 2
9665 1
9666 2
9667 1
9668 1
9669 1
9670 1
9671 105
9672 1
9673 1
9674 1
9675 1
9676 1
9677 1
9678 3
9679 1
9680 1
9681 1
9682 4
9683 1
9684 1
9685 1
9686 1
9687 3
9688 1
9689 1
9690 1
9691 1
9692 1
9693 3
9694 1
9695 8
9696 1
9697 6
9698 1
9699 1
9700 4
9701 1
9702 1
9703 2
9704 2
9705 5
9706 2
9707 1
9708 2
9709 1
9710 1
9711 1
9712 1
9713 1
9714 1
9715 1
9716 2
9717 1
9718 3
9719 1
9720 2
9721 1
9722 6
9723 1
9724 2
9725 11
9726 1
9727 15
9728 1
9729 1
9730 1
9731 3
9732 2
9733 1
9734 1
9735 1
9736 7
9737 1
9738 1
9739 3
9740 1
9741 3
9742 1
9743 1
9744 1
9745 1
9746 12
9747 1
9748 1
9749 1
9750 2
9751 3
9752 1
9753 4
9754 1
9755 2
9756 1
9757 2
9758 2
9759 1
9760 3
9761 1
9762 1
9763 1
9764 3
9765 2
9766 2
9767 3
9768 4
9769 3
9770 3
9771 1
9772 1
9773 2
9774 2
9775 1
9776 1
9777 2
9778 2
9779 2
9780 4
9781 1
9782 6
9783 1
9784 4
9785 5
9786 4
9787 1
9788 3
9789 1
9790 2
9791 1
9792 2
9793 1
9794 1
9795 1
9796 1
9797 2
9798 2
9799 1
9800 1
9801 1
9802 3
9803 3
9804 4
9805 1
9806 1
9807 2
9808 1
9809 12
9810 1
9811 1
9812 1
9813 1
9814 1
9815 1
9816 2
9817 2
9818 2
9819 1
9820 3
9821 1
9822 2
9823 1
9824 1
9825 3
9826 1
9827 1
9828 2
9829 8
9830 2
9831 2
9832 1
9833 1
9834 1
9835 1
9836 1
9837 5
9838 1
9839 3
9840 1
9841 1
9842 7
9843 1
9844 1
9845 53
9846 1
9847 1
9848 5
9849 2
9850 1
9851 2
9852 4
9853 1
9854 1
9855 1
9856 5
9857 4
9858 1
9859 1
9860 1
9861 1
9862 1
9863 1
9864 1
9865 1
9866 1
9867 16
9868 1
9869 2
9870 119
9871 1
9872 3
9873 2
9874 2
9875 1
9876 1
9877 1
9878 2
9879 14
9880 1
9881 19
9882 3
9883 3
9884 1
9885 2
9886 1
9887 1
9888 1
9889 1
9890 1
9891 1
9892 1
9893 1
9894 1
9895 17
9896 8
9897 1
9898 2
9899 3
9900 1
9901 1
9902 2
9903 1
9904 1
9905 5
9906 2
9907 2
9908 1
9909 2
9910 2
9911 1
9912 1
9913 1
9914 1
9915 1
9916 1
9917 1
9918 2
9919 1
9920 1
9921 2
9922 2
9923 3
9924 23
9925 5
9926 1
9927 2
9928 1
9929 1
9930 1
9931 7
9932 4
9933 5
9934 1
9935 4
9936 1
9937 2
9938 1
9939 1
9940 1
9941 1
9942 2
9943 3
9944 6
9945 2
9946 2
9947 1
9948 21
9949 3
9950 1
9951 2
9952 20
9953 1
9954 3
9955 2
9956 1
9957 1
9958 1
9959 1
9960 2
9961 3
9962 1
9963 1
9964 1
9965 1
9966 1
9967 2
9968 2
9969 1
9970 3
9971 1
9972 1
9973 4
9974 1
9975 1
9976 1
9977 1
9978 1
9979 1
9980 1
9981 1
9982 1
9983 4
9984 1
9985 1
9986 1
9987 1
9988 1
9989 1
9990 1
9991 1
9992 1
9993 2
9994 2
9995 1
9996 1
9997 2
9998 4
9999 3
10000 1
10001 1
10002 1
10003 1
10004 7
10005 1
10006 1
10007 5
10008 4
10009 5
10010 1
10011 1
10012 1
10013 1
10014 1
10015 1
10016 1
10017 4
10018 5
10019 1
10020 1
10021 1
10022 1
10023 153
10024 1
10025 1
10026 1
10027 1
10028 1
10029 2
10030 1
10031 1
10032 2
10033 1
10034 1
10035 3
10036 1
10037 1
10038 5
10039 1
10040 1
10041 1
10042 1
10043 1
10044 17
10045 4
10046 1
10047 1
10048 2
10049 7
10050 1
10051 2
10052 4
10053 1
10054 13
10055 1
10056 2
10057 2
10058 1
10059 1
10060 2
10061 1
10062 3
10063 1
10064 1
10065 1
10066 1
10067 1
10068 1
10069 21
10070 3
10071 2
10072 3
10073 1
10074 1
10075 4
10076 1
10077 2
10078 1
10079 1
10080 1
10081 1
10082 2
10083 1
10084 5
10085 1
10086 1
10087 3
10088 1
10089 1
10090 1
10091 2
10092 1
10093 1
10094 1
10095 5
10096 1
10097 2
10098 1
10099 5
10100 4
10101 2
10102 6
10103 2
10104 1
10105 1
10106 1
10107 1
10108 1
10109 1
10110 2
10111 2
10112 2
10113 7
10114 4
10115 2
10116 1
10117 2
10118 3
10119 2
10120 1
10121 3
10122 1
10123 2
10124 1
10125 3
10126 1
10127 2
10128 1
10129 1
10130 1
10131 6
10132 9
10133 3
10134 1
10135 7
10136 1
10137 2
10138 1
10139 1
10140 2
10141 35
10142 5
10143 2
10144 1
10145 1
10146 1
10147 1
10148 1
10149 2
10150 2
10151 1
10152 1
10153 25
10154 1
10155 1
10156 1
10157 1
10158 1
10159 1
10160 2
10161 3
10162 2
10163 13
10164 1
10165 1
10166 2
10167 1
10168 2
10169 1
10170 1
10171 4
10172 1
10173 1
10174 1
10175 2
10176 1
10177 5
10178 2
10179 1
10180 4
10181 2
10182 3
10183 2
10184 1
10185 1
10186 1
10187 1
10188 1
10189 13
10190 2
10191 1
10192 1
10193 8
10194 1
10195 2
10196 1
10197 1
10198 2
10199 1
10200 2
10201 2
10202 2
10203 4
10204 1
10205 20
10206 1
10207 1
10208 1
10209 10
10210 1
10211 2
10212 1
10213 1
10214 13
10215 1
10216 1
10217 1
10218 1
10219 3
10220 2
10221 1
10222 4
10223 2
10224 1
10225 2
10226 2
10227 1
10228 12
10229 1
10230 1
10231 1
10232 2
10233 1
10234 1
10235 1
10236 5
10237 1
10238 1
10239 1
10240 5
10241 1
10242 1
10243 2
10244 1
10245 1
10246 2
10247 1
10248 10
10249 1
10250 1
10251 1
10252 2
10253 1
10254 4
10255 2
10256 1
10257 3
10258 3
10259 6
10260 1
10261 4
10262 1
10263 4
10264 1
10265 4
10266 1
10267 3
10268 3
10269 1
10270 1
10271 6
10272 1
10273 1
10274 1
10275 1
10276 1
10277 1
10278 1
10279 1
10280 1
10281 2
10282 2
10283 1
10284 12
10285 2
10286 6
10287 3
10288 1
10289 1
10290 1
10291 1
10292 6
10293 1
10294 1
10295 1
10296 1
10297 3
10298 1
10299 1
10300 1
10301 1
10302 2
10303 1
10304 1
10305 1
10306 4
10307 1
10308 1
10309 2
10310 3
10311 1
10312 1
10313 1
10314 1
10315 3
10316 1
10317 1
10318 2
10319 4
10320 1
10321 1
10322 2
10323 1
10324 1
10325 2
10326 7
10327 1
10328 3
10329 1
10330 28
10331 1
10332 1
10333 6
10334 1
10335 2
10336 1
10337 1
10338 3
10339 1
10340 1
10341 1
10342 2
10343 1
10344 11
10345 1
10346 1
10347 1
10348 2
10349 4
10350 2
10351 10
10352 13
10353 15
10354 2
10355 1
10356 7
10357 1
10358 5
10359 1
10360 1
10361 1
10362 10
10363 1
10364 5
10365 6
10366 1
10367 1
10368 1
10369 1
10370 1
10371 1
10372 1
10373 1
10374 1
10375 1
10376 2
10377 2
10378 2
10379 1
10380 69
10381 1
10382 23
10383 1
10384 4
10385 1
10386 4
10387 1
10388 6
10389 1
10390 1
10391 9
10392 1
10393 1
10394 3
10395 2
10396 1
10397 2
10398 1
10399 1
10400 1
10401 10
10402 3
10403 1
10404 1
10405 1
10406 1
10407 2
10408 1
10409 1
10410 4
10411 2
10412 1
10413 7
10414 1
10415 8
10416 2
10417 2
10418 2
10419 1
10420 1
10421 2
10422 2
10423 1
10424 4
10425 2
10426 2
10427 2
10428 1
10429 1
10430 1
10431 1
10432 1
10433 1
10434 9
10435 1
10436 1
10437 1
10438 1
10439 2
10440 1
10441 3
10442 4
10443 2
10444 1
10445 2
10446 2
10447 1
10448 1
10449 2
10450 1
10451 1
10452 1
10453 1
10454 9
10455 1
10456 1
10457 1
10458 1
10459 1
10460 1
10461 59
10462 1
10463 2
10464 2
10465 2
10466 4
10467 1
10468 1
10469 1
10470 2
10471 1
10472 1
10473 9
10474 2
10475 1
10476 1
10477 1
10478 1
10479 22
10480 1
10481 1
10482 5
10483 2
10484 1
10485 1
10486 3
10487 1
10488 2
10489 1
10490 12
10491 1
10492 1
10493 6
10494 2
10495 1
10496 15
10497 1
10498 2
10499 1
10500 22
10501 12
10502 32
10503 1
10504 6
10505 1
10506 1
10507 1
10508 1
10509 5
10510 1
10511 1
10512 1
10513 1
10514 2
10515 4
10516 1
10517 3
10518 2
10519 1
10520 3
10521 2
10522 1
10523 1
10524 1
10525 1
10526 2
10527 1
10528 2
10529 1
10530 1
10531 2
10532 2
10533 1
10534 2
10535 1
10536 25
10537 1
10538 1
10539 3
10540 1
10541 17
10542 1
10543 1
10544 1
10545 1
10546 1
10547 4
10548 3
10549 1
10550 3
10551 1
10552 2
10553 1
10554 19
10555 1
10556 4
10557 1
10558 15
10559 221
10560 1
10561 1
10562 2
10563 1
10564 3
10565 1
10566 1
10567 1
10568 1
10569 1
10570 1
10571 5
10572 1
10573 2
10574 3
10575 5
10576 1
10577 3
10578 1
10579 3
10580 1
10581 14
10582 1
10583 1
10584 10
10585 1
10586 6
10587 1
10588 1
10589 1
10590 2
10591 1
10592 2
10593 66
10594 1
10595 1
10596 1
10597 1
10598 1
10599 4
10600 1
10601 1
10602 1
10603 2
10604 1
10605 1
10606 2
10607 3
10608 1
10609 2
10610 1
10611 8
10612 2
10613 1
10614 1
10615 2
10616 1
10617 1
10618 2
10619 1
10620 1
10621 1
10622 2
10623 2
10624 1
10625 2
10626 1
10627 2
10628 1
10629 1
10630 1
10631 1
10632 2
10633 3
10634 1
10635 8
10636 1
10637 3
10638 1
10639 1
10640 2
10641 3
10642 1
10643 23
10644 4
10645 21
10646 2
10647 1
10648 2
10649 2
10650 2
10651 9
10652 1
10653 2
10654 2
10655 1
10656 1
10657 1
10658 3
10659 1
10660 1
10661 2
10662 1
10663 3
10664 1
10665 1
10666 1
10667 1
10668 2
10669 6
10670 1
10671 1
10672 2
10673 3
10674 1
10675 1
10676 1
10677 5
10678 1
10679 1
10680 1
10681 1
10682 10
10683 2
10684 2
10685 2
10686 1
10687 2
10688 2
10689 6
10690 6
10691 2
10692 2
10693 1
10694 1
10695 1
10696 1
10697 3
10698 3
10699 27
10700 1
10701 6
10702 1
10703 1
10704 2
10705 1
10706 1
10707 1
10708 1
10709 1
10710 1
10711 10
10712 10
10713 2
10714 1
10715 2
10716 1
10717 1
10718 2
10719 2
10720 1
10721 1
10722 5
10723 2
10724 1
10725 1
10726 5
10727 1
10728 2
10729 5
10730 1
10731 1
10732 1
10733 1
10734 1
10735 2
10736 1
10737 1
10738 2
10739 1
10740 1
10741 1
10742 2
10743 1
10744 1
10745 1
10746 1
10747 1
10748 1
10749 1
10750 1
10751 1
10752 1
10753 1
10754 1
10755 1
10756 2
10757 2
10758 1
10759 1
10760 3
10761 1
10762 1
10763 4
10764 1
10765 4
10766 1
10767 2
10768 1
10769 1
10770 3
10771 1
10772 1
10773 1
10774 1
10775 2
10776 1
10777 1
10778 1
10779 2
10780 1
10781 1
10782 4
10783 2
10784 1
10785 2
10786 1
10787 1
10788 1
10789 2
10790 2
10791 2
10792 1
10793 2
10794 1
10795 2
10796 1
10797 2
10798 1
10799 1
10800 1
10801 1
10802 1
10803 1
10804 1
10805 1
10806 1
10807 3
10808 1
10809 1
10810 2
10811 1
10812 3
10813 2
10814 6
10815 1
10816 487
10817 4
10818 1
10819 2
10820 1
10821 1
10822 2
10823 3
10824 1
10825 2
10826 2
10827 1
10828 1
10829 1
10830 1
10831 1
10832 2
10833 1
10834 2
10835 1
10836 3
10837 1
10838 4
10839 1
10840 1
10841 11
10842 1
10843 1
10844 9
10845 3
10846 1
10847 1
10848 1
10849 4
10850 1
10851 1
10852 2
10853 2
10854 1
10855 1
10856 2
10857 3
10858 1
10859 3
10860 5
10861 1
10862 2
10863 2
10864 1
10865 4
10866 1
10867 3
10868 2
10869 1
10870 1
10871 2
10872 1
10873 1
10874 7
10875 2
10876 1
10877 1
10878 1
10879 1
10880 1
10881 2
10882 1
10883 1
10884 10
10885 1
10886 1
10887 2
10888 20
10889 1
10890 3
10891 1
10892 5
10893 9
10894 1
10895 1
10896 4
10897 11
10898 4
10899 3
10900 4
10901 1
10902 2
10903 1
10904 2
10905 2
10906 5
10907 1
10908 2
10909 10
10910 1
10911 4
10912 1
10913 5
10914 2
10915 1
10916 3
10917 1
10918 1
10919 1
10920 4
10921 1
10922 2
10923 1
10924 4
10925 2
10926 9
10927 3
10928 2
10929 1
10930 1
10931 7
10932 1
10933 1
10934 7
10935 4
10936 2
10937 24
10938 1
10939 1
10940 1
10941 1
10942 1
10943 2
10944 1
10945 1
10946 707
10947 73
10948 1
10949 2
10950 1
10951 3
10952 22
10953 1
10954 2
10955 3
10956 1
10957 20
10958 2
10959 3
10960 1
10961 1
10962 386
10963 22
10964 2
10965 1
10966 9
10967 5
10968 2
10969 2
10970 3
10971 1
10972 1
10973 1
10974 1
10975 1
10976 2
10977 1
10978 2
10979 1
10980 1
10981 1
10982 1
10983 5
10984 2
10985 1
10986 1
10987 1
10988 2
10989 1
10990 2
10991 1
10992 2
10993 1
10994 1
10995 1
10996 6
10997 2
10998 1
10999 2
11000 1
11001 1
11002 1
11003 1
11004 1
11005 2
11006 9
11007 3
11008 1
11009 3
11010 1
11011 2
11012 1
11013 1
11014 1
11015 1
11016 2
11017 1
11018 1
11019 1
11020 1
11021 1
11022 3
11023 2
11024 1
11025 1
11026 1
11027 1
11028 1
11029 35
11030 1
11031 1
11032 2
11033 1
11034 1
11035 1
11036 2
11037 1
11038 1
11039 1
11040 3
11041 1
11042 1
11043 1
11044 1
11045 1
11046 1
11047 1
11048 5
11049 4
11050 1
11051 3
11052 3
11053 1
11054 1
11055 1
11056 1
11057 2
11058 1
11059 1
11060 1
11061 1
11062 3
11063 1
11064 3
11065 2
11066 1
11067 2
11068 1
11069 2
11070 3
11071 1
11072 2
11073 1
11074 1
11075 6
11076 35
11077 4
11078 2
11079 1
11080 2
11081 1
11082 1
11083 1
11084 1
11085 1
11086 1
11087 4
11088 4
11089 1
11090 1
11091 1
11092 1
11093 1
11094 1
11095 4
11096 1
11097 2
11098 1
11099 1
11100 1
11101 1
11102 1
11103 1
11104 1
11105 1
11106 1
11107 6
11108 1
11109 2
11110 1
11111 13
11112 1
11113 2
11114 3
11115 1
11116 1
11117 1
11118 2
11119 1
11120 2
11121 4
11122 1
11123 2
11124 4
11125 1
11126 1
11127 2
11128 2
11129 1
11130 1
11131 1
11132 1
11133 2
11134 3
11135 1
11136 2
11137 1
11138 2
11139 1
11140 1
11141 2
11142 1
11143 24
11144 1
11145 1
11146 1
11147 2
11148 2
11149 7
11150 2
11151 1
11152 1
11153 2
11154 1
11155 1
11156 11
11157 1
11158 1
11159 1
11160 1
11161 2
11162 1
11163 1
11164 2
11165 1
11166 5
11167 1
11168 2
11169 3
11170 1
11171 2
11172 7
11173 1
11174 3
11175 1
11176 4
11177 1
11178 1
11179 1
11180 3
11181 2
11182 4
11183 1
11184 2
11185 2
11186 1
11187 1
11188 1
11189 2
11190 1
11191 1
11192 1
11193 1
11194 4
11195 1
11196 5
11197 15
11198 3
11199 1
11200 1
11201 1
11202 2
11203 1
11204 1
11205 1
11206 1
11207 1
11208 3
11209 8
11210 2
11211 3
11212 1
11213 1
11214 1
11215 30
11216 2
11217 2
11218 1
11219 1
11220 1
11221 3
11222 3
11223 26
11224 1
11225 2
11226 1
11227 1
11228 1
11229 1
11230 1
11231 1
11232 1
11233 1
11234 1
11235 77
11236 26
11237 1
11238 7
11239 4
11240 2
11241 1
11242 1
11243 2
11244 1
11245 2
11246 1
11247 1
11248 1
11249 1
11250 2
11251 1
11252 1
11253 7
11254 1
11255 1
11256 2
11257 1
11258 2
11259 4
11260 1
11261 1
11262 1
11263 1
11264 1
11265 8
11266 56
11267 11
11268 1
11269 1
11270 3
11271 1
11272 1
11273 1
11274 2
11275 1
11276 1
11277 23
11278 2
11279 1
11280 1
11281 1
11282 16
11283 5
11284 16
11285 1
11286 2
11287 8
11288 1
11289 1
11290 1
11291 1
11292 4
11293 1
11294 1
11295 11
11296 1
11297 1
11298 1
11299 1
11300 1
11301 1
11302 6
11303 1
11304 1
11305 4
11306 7
11307 3
11308 1
11309 1
11310 4
11311 2
11312 4
11313 2
11314 1
11315 1
11316 1
11317 1
11318 1
11319 1
11320 297
11321 1
11322 1
11323 1
11324 6
11325 2
11326 1
11327 9
11328 1
11329 1
11330 1
11331 2
11332 1
11333 293
11334 1
11335 1
11336 1
11337 1
11338 1
11339 1
11340 1
11341 1
11342 1
11343 1
11344 34
11345 1
11346 1
11347 1
11348 1
11349 6
11350 1
11351 1
11352 2
11353 2
11354 2
11355 1
11356 15
11357 1
11358 1
11359 1
11360 2
11361 1
11362 1
11363 1
11364 2
11365 1
11366 1
11367 1
11368 2
11369 1
11370 1
11371 1
11372 1
11373 62
11374 1
11375 1
11376 1
11377 1
11378 4
11379 1
11380 3
11381 3
11382 1
11383 1
11384 9
11385 1
11386 2
11387 1
11388 1
11389 3
11390 1
11391 9
11392 1
11393 3
11394 2
11395 1
11396 1
11397 2
11398 3
11399 2
11400 2
11401 31
11402 2
11403 4
11404 1
11405 2
11406 1
11407 6
11408 2
11409 1
11410 1
11411 4
11412 1
11413 1
11414 3
11415 2
11416 1
11417 44
11418 2
11419 1
11420 3
11421 3
11422 1
11423 1
11424 6
11425 1
11426 1
11427 4
11428 4
11429 1
11430 2
11431 1
11432 1
11433 7
11434 2
11435 1
11436 1
11437 2
11438 2
11439 1
11440 1
11441 1
11442 1
11443 23
11444 1
11445 23
11446 1
11447 1
11448 2
11449 1
11450 1
11451 1
11452 2
11453 1
11454 3
11455 1
11456 17
11457 3
11458 7
11459 2
11460 1
11461 1
11462 1
11463 1
11464 2
11465 1
11466 1
11467 2
11468 2
11469 12
11470 3
11471 1
11472 5
11473 1
11474 1
11475 2
11476 1
11477 3
11478 1
11479 1
11480 1
11481 7
11482 7
11483 1
11484 1
11485 1
11486 1
11487 1
11488 2
11489 1
11490 1
11491 2
11492 1
11493 1
11494 1
11495 1
11496 1
11497 1
11498 2
11499 1
11500 1
11501 1
11502 1
11503 1
11504 1
11505 23
11506 4
11507 3
11508 12
11509 1
11510 2
11511 2
11512 4
11513 38
11514 1
11515 1
11516 1
11517 4
11518 1
11519 1
11520 1
11521 2
11522 2
11523 2
11524 4
11525 2
11526 1
11527 2
11528 6
11529 1
11530 2
11531 1
11532 1
11533 1
11534 1
11535 1
11536 1
11537 1
11538 1
11539 1
11540 1
11541 4
11542 1
11543 2
11544 1
11545 1
11546 1
11547 1
11548 1
11549 1
11550 2
11551 3
11552 1
11553 2
11554 1
11555 1
11556 3
11557 1
11558 1
11559 1
11560 1
11561 1
11562 1
11563 3
11564 1
11565 1
11566 2
11567 4
11568 1
11569 1
11570 1
11571 1
11572 7
11573 34
11574 3
11575 1
11576 1
11577 1
11578 2
11579 1
11580 1
11581 1
11582 3
11583 10
11584 9
11585 1
11586 1
11587 7
11588 1
11589 2
11590 1
11591 1
11592 1
11593 1
11594 1
11595 1
11596 6
11597 2
11598 4
11599 1
11600 1
11601 1
11602 12
11603 2
11604 1
11605 19
11606 2
11607 1
11608 4
11609 2
11610 5
11611 2
11612 2
11613 14
11614 3
11615 1
11616 1
11617 4
11618 1
11619 1
11620 1
11621 1
11622 1
11623 1
11624 2
11625 1
11626 1
11627 1
11628 1
11629 1
11630 1
11631 1
11632 1
11633 1
11634 1
11635 2
11636 1
11637 3
11638 2
11639 1
11640 1
11641 1
11642 2
11643 1
11644 1
11645 1
11646 1
11647 1
11648 1
11649 4
11650 1
11651 1
11652 2
11653 1
11654 4
11655 1
11656 8
11657 1
11658 1
11659 1
11660 2
11661 4
11662 2
11663 1
11664 3
11665 1
11666 2
11667 3
11668 1
11669 2
11670 2
11671 20
11672 1
11673 1
11674 9
11675 1
11676 2
11677 3
11678 1
11679 3
11680 1
11681 4
11682 1
11683 10
11684 1
11685 3
11686 1
11687 1
11688 1
11689 1
11690 1
11691 1
11692 1
11693 7
11694 1
11695 2
11696 181
11697 1
11698 2
11699 1
11700 3
11701 1
11702 1
11703 5
11704 2
11705 1
11706 1
11707 1
11708 1
11709 1
11710 1
11711 2
11712 2
11713 1
11714 1
11715 1
11716 1
11717 14
11718 1
11719 1
11720 1
11721 1
11722 257
11723 2
11724 1
11725 1
11726 1
11727 1
11728 1
11729 5
11730 1
11731 1
11732 4
11733 2
11734 5
11735 3
11736 1
11737 1
11738 2
11739 2
11740 1
11741 16
11742 26
11743 1
11744 1
11745 1
11746 7
11747 1
11748 2
11749 1
11750 68
11751 1
11752 1
11753 2
11754 1
11755 1
11756 1
11757 1
11758 1
11759 1
11760 4
11761 1
11762 1
11763 1
11764 1
11765 1
11766 4
11767 8
11768 9
11769 1
11770 1
11771 3
11772 1
11773 6
11774 1
11775 2
11776 4
11777 3
11778 1
11779 4
11780 11
11781 1
11782 1
11783 1
11784 4
11785 2
11786 2
11787 1
11788 1
11789 1
11790 1
11791 3
11792 1
11793 1
11794 1
11795 16
11796 4
11797 2
11798 1
11799 3
11800 1
11801 1
11802 3
11803 1
11804 2
11805 2
11806 10
11807 2
11808 2
11809 1
11810 1
11811 1
11812 4
11813 4
11814 1
11815 1
11816 4
11817 1
11818 2
11819 5
11820 2
11821 2
11822 3
11823 1
11824 1
11825 2
11826 1
11827 1
11828 1
11829 1
11830 2
11831 1
11832 2
11833 1
11834 1
11835 2
11836 1
11837 1
11838 1
11839 1
11840 1
11841 2
11842 1
11843 4
11844 2
11845 1
11846 3
11847 2
11848 1
11849 2
11850 1
11851 1
11852 1
11853 2
11854 1
11855 1
11856 2
11857 1
11858 2
11859 1
11860 3
11861 2
11862 2
11863 1
11864 5
11865 1
11866 1
11867 1
11868 21
11869 2
11870 1
11871 1
11872 1
11873 1
11874 3
11875 2
11876 3
11877 1
11878 1
11879 4
11880 1
11881 1
11882 3
11883 25
11884 2
11885 2
11886 1
11887 2
11888 5
11889 1
11890 13
11891 1
11892 1
11893 1
11894 7
11895 1
11896 1
11897 1
11898 1
11899 1
11900 1
11901 3
11902 1
11903 1
11904 2
11905 1
11906 10
11907 1
11908 2
11909 2
11910 1
11911 2
11912 1
11913 1
11914 1
11915 1
11916 1
11917 1
11918 5
11919 1
11920 1
11921 1
11922 1
11923 2
11924 1
11925 1
11926 3
11927 1
11928 1
11929 1
11930 9
11931 1
11932 1
11933 12
11934 1
11935 1
11936 1
11937 37
11938 1
11939 1
11940 5
11941 1
11942 3
11943 3
11944 1
11945 2
11946 2
11947 1
11948 3
11949 3
11950 17
11951 1
11952 1
11953 1
11954 1
11955 1
11956 1
11957 1
11958 1
11959 1
11960 1
11961 2
11962 2
11963 3
11964 1
11965 1
11966 1
11967 1
11968 2
11969 3
11970 1
11971 1
11972 1
11973 1
11974 1
11975 2
11976 1
11977 2
11978 1
11979 2
11980 6
11981 1
11982 2
11983 2
11984 1
11985 1
11986 1
11987 3
11988 1
11989 1
11990 1
11991 23
11992 2
11993 1
11994 1
11995 3
11996 1
11997 2
11998 1
11999 2
12000 1
12001 1
12002 1
12003 4
12004 2
12005 5
12006 2
12007 1
12008 1
12009 1
12010 3
12011 1
12012 1
12013 6
12014 1
12015 1
12016 1
12017 2
12018 3
12019 4
12020 1
12021 2
12022 1
12023 1
12024 1
12025 19
12026 1
12027 44
12028 1
12029 1
12030 2
12031 1
12032 1
12033 2
12034 1
12035 3
12036 1
12037 1
12038 1
12039 2
12040 1
12041 1
12042 9
12043 2
12044 1
12045 2
12046 2
12047 1
12048 2
12049 2
12050 4
12051 28
12052 8
12053 1
12054 24
12055 1
12056 1
12057 1
12058 1
12059 1
12060 1
12061 3
12062 1
12063 3
12064 1
12065 1
12066 2
12067 23
12068 1
12069 1
12070 1
12071 11
12072 1
12073 2
12074 15
12075 2
12076 5
12077 1
12078 1
12079 1
12080 16
12081 2
12082 5
12083 2
12084 4
12085 5
12086 1
12087 2
12088 1
12089 1
12090 1
12091 1
12092 2
12093 3
12094 1
12095 101
12096 1
12097 1
12098 1
12099 1
12100 2
12101 5
12102 8
12103 1
12104 1
12105 2
12106 1
12107 1
12108 3
12109 17
12110 3
12111 1
12112 26
12113 2
12114 1
12115 3
12116 1
12117 1
12118 1
12119 1
12120 8
12121 1
12122 1
12123 3
12124 1
12125 1
12126 1
12127 7
12128 15
12129 1
12130 4
12131 1
12132 3
12133 4
12134 1
12135 2
12136 1
12137 2
12138 1
12139 1
12140 1
12141 3
12142 4
12143 1
12144 1
12145 1
12146 1
12147 2
12148 1
12149 1
12150 7
12151 1
12152 2
12153 1
12154 3
12155 1
12156 1
12157 2
12158 1
12159 1
12160 1
12161 1
12162 24
12163 2
12164 2
12165 1
12166 1
12167 2
12168 1
12169 1
12170 1
12171 1
12172 1
12173 1
12174 1
12175 2
12176 2
12177 32
12178 1
12179 2
12180 1
12181 1
12182 1
12183 1
12184 3
12185 3
12186 2
12187 2
12188 1
12189 5
12190 5
12191 1
12192 1
12193 1
12194 2
12195 29
12196 1
12197 1
12198 7
12199 2
12200 3
12201 1
12202 11
12203 1
12204 2
12205 1
12206 1
12207 2
12208 2
12209 2
12210 3
12211 2
12212 1
12213 1
12214 2
12215 1
12216 1
12217 1
12218 2
12219 1
12220 1
12221 1
12222 1
12223 9
12224 1
12225 1
12226 5
12227 2
12228 4
12229 1
12230 1
12231 1
12232 4
12233 1
12234 1
12235 2
12236 1
12237 1
12238 1
12239 1
12240 9
12241 1
12242 2
12243 1
12244 1
12245 1
12246 1
12247 1
12248 1
12249 1
12250 2
12251 1
12252 4
12253 1
12254 1
12255 1
12256 1
12257 3
12258 1
12259 1
12260 1
12261 1
12262 1
12263 1
12264 41
12265 1
12266 1
12267 1
12268 1
12269 2
12270 1
12271 1
12272 1
12273 3
12274 2
12275 7
12276 1
12277 1
12278 1
12279 1
12280 1
12281 1
12282 6
12283 1
12284 1
12285 185
12286 1
12287 1
12288 2
12289 1
12290 1
12291 3
12292 1
12293 9
12294 1
12295 1
12296 1
12297 1
12298 2
12299 3
12300 1
12301 10
12302 2
12303 1
12304 1
12305 1
12306 1
12307 1
12308 1
12309 1
12310 9
12311 1
12312 1
12313 1
12314 37
12315 1
12316 1
12317 1
12318 1
12319 1
12320 1
12321 1
12322 1
12323 1
12324 39
12325 1
12326 5
12327 1
12328 1
12329 1
12330 1
12331 1
12332 2
12333 1
12334 2
12335 3
12336 1
12337 2
12338 1
12339 1
12340 1
12341 2
12342 4
12343 1
12344 1
12345 4
12346 6
12347 1
12348 2
12349 2
12350 1
12351 1
12352 1
12353 2
12354 1
12355 4
12356 1
12357 3
12358 14
12359 2
12360 5
12361 1
12362 6
12363 1
12364 1
12365 1
12366 1
12367 2
12368 1
12369 1
12370 1
12371 1
12372 2
12373 1
12374 1
12375 1
12376 2
12377 1
12378 7
12379 1
12380 1
12381 3
12382 1
12383 1
12384 1
12385 2
12386 3
12387 1
12388 7
12389 2
12390 8
12391 3
12392 1
12393 1
12394 1
12395 6
12396 1
12397 1
12398 3
12399 1
12400 1
12401 1
12402 1
12403 7
12404 280
12405 1
12406 2
12407 1
12408 1
12409 1
12410 1
12411 1
12412 1
12413 2
12414 1
12415 1
12416 6
12417 1
12418 10
12419 27
12420 25
12421 1
12422 1
12423 2
12424 2
12425 2
12426 2
12427 1
12428 6
12429 2
12430 1
12431 1
12432 9
12433 1
12434 1
12435 1
12436 2
12437 43
12438 1
12439 2
12440 1
12441 3
12442 2
12443 1
12444 1
12445 1
12446 2
12447 2
12448 1
12449 3
12450 3
12451 2
12452 3
12453 2
12454 1
12455 2
12456 5
12457 3
12458 2
12459 1
12460 1
12461 3
12462 4
12463 1
12464 1
12465 1
12466 1
12467 6
12468 1
12469 1
12470 2
12471 1
12472 2
12473 21
12474 1
12475 3
12476 4
12477 1
12478 2
12479 12
12480 1
12481 2
12482 2
12483 1
12484 1
12485 1
12486 1
12487 2
12488 1
12489 3
12490 1
12491 4
12492 1
12493 1
12494 1
12495 1
12496 2
12497 1
12498 1
12499 2
12500 3
12501 2
12502 1
12503 2
12504 1
12505 1
12506 1
12507 1
12508 1
12509 1
12510 1
12511 2
12512 1
12513 2
12514 1
12515 8
12516 13
12517 2
12518 2
12519 20
12520 1
12521 1
12522 3
12523 1
12524 1
12525 1
12526 17
12527 1
12528 1
12529 1
12530 1
12531 1
12532 3
12533 1
12534 5
12535 1
12536 1
12537 1
12538 3
12539 1
12540 1
12541 12
12542 2
12543 1
12544 1
12545 5
12546 2
12547 1
12548 2
12549 1
12550 1
12551 1
12552 1
12553 1
12554 1
12555 1
12556 2
12557 1
12558 1
12559 1
12560 5
12561 2
12562 1
12563 2
12564 1
12565 1
12566 1
12567 2
12568 1
12569 1
12570 1
12571 2
12572 1
12573 1
12574 1
12575 1
12576 1
12577 1
12578 2
12579 2
12580 2
12581 1
12582 1
12583 1
12584 8
12585 6
12586 4
12587 1
12588 1
12589 4
12590 1
12591 1
12592 3
12593 1
12594 1
12595 12
12596 1
12597 4
12598 1
12599 3
12600 1
12601 7
12602 1
12603 1
12604 4
12605 4
12606 1
12607 4
12608 1
12609 1
12610 2
12611 1
12612 2
12613 2
12614 2
12615 1
12616 1
12617 4
12618 1
12619 1
12620 2
12621 1
12622 2
12623 3
12624 1
12625 1
12626 1
12627 1
12628 1
12629 2
12630 1
12631 17
12632 1
12633 954
12634 1
12635 6
12636 1
12637 2
12638 5
12639 1
12640 1
12641 3
12642 1
12643 1
12644 144
12645 6
12646 5
12647 16
12648 1
12649 2
12650 3
12651 1
12652 4
12653 1
12654 1
12655 3
12656 1
12657 6
12658 6
12659 12
12660 1
12661 1
12662 1
12663 1
12664 2
12665 3
12666 2
12667 2
12668 2
12669 2
12670 1
12671 2
12672 1
12673 1
12674 1
12675 1
12676 1
12677 2
12678 2
12679 3
12680 2
12681 6
12682 1
12683 1
12684 1
12685 1
12686 4
12687 4
12688 1
12689 1
12690 2
12691 1
12692 1
12693 1
12694 1
12695 1
12696 1
12697 4
12698 1
12699 1
12700 1
12701 1
12702 2
12703 2
12704 1
12705 1
12706 2
12707 3
12708 5
12709 2
12710 1
12711 39
12712 1
12713 3
12714 1
12715 2
12716 1
12717 8
12718 1
12719 1
12720 1
12721 1
12722 2
12723 1
12724 1
12725 1
12726 6
12727 1
12728 2
12729 1
12730 2
12731 1
12732 1
12733 1
12734 1
12735 9
12736 1
12737 3
12738 1
12739 3
12740 1
12741 1
12742 4
12743 4
12744 7
12745 3
12746 2
12747 2
12748 1
12749 1
12750 1
12751 4
12752 1
12753 1
12754 1
12755 1
12756 1
12757 1
12758 1
12759 1
12760 3
12761 3
12762 1
12763 13
12764 1
12765 3
12766 14
12767 1
12768 1
12769 1
12770 5
12771 1
12772 2
12773 1
12774 15
12775 2
12776 1
12777 1
12778 1
12779 1
12780 2
12781 1
12782 1
12783 1
12784 1
12785 1
12786 1
12787 2
12788 1
12789 1
12790 1
12791 2
12792 5
12793 1
12794 2
12795 1
12796 1
12797 1
12798 1
12799 4
12800 4
12801 1
12802 1
12803 1
12804 1
12805 9
12806 1
12807 1
12808 4
12809 1
12810 5
12811 25
12812 1
12813 2
12814 6
12815 1
12816 1
12817 6
12818 1
12819 3
12820 1
12821 1
12822 1
12823 2
12824 2
12825 4
12826 1
12827 1
12828 27
12829 1
12830 1
12831 1
12832 13
12833 2
12834 1
12835 102
12836 1
12837 1
12838 17
12839 176
12840 2
12841 4
12842 3
12843 4
12844 1
12845 100
12846 1
12847 1
12848 1
12849 3
12850 1
12851 1
12852 2
12853 13
12854 4
12855 1
12856 1
12857 1
12858 1
12859 2
12860 2
12861 1
12862 1
12863 1
12864 1
12865 1
12866 1
12867 1
12868 2
12869 1
12870 12
12871 1
12872 1
12873 1
12874 1
12875 190
12876 2
12877 2
12878 1
12879 1
12880 4
12881 1
12882 1
12883 10
12884 1
12885 32
12886 15
12887 1
12888 1
12889 2
12890 1
12891 1
12892 1
12893 2
12894 1
12895 1
12896 8
12897 1
12898 1
12899 1
12900 8
12901 1
12902 1
12903 1
12904 1
12905 7
12906 1
12907 1
12908 1
12909 2
12910 1
12911 2
12912 1
12913 1
12914 10
12915 34
12916 1
12917 2
12918 2
12919 1
12920 4
12921 1
12922 1
12923 1
12924 80
12925 3
12926 213
12927 2
12928 5
12929 1
12930 1
12931 1
12932 1
12933 2
12934 3
12935 1
12936 1
12937 1
12938 4
12939 1
12940 1
12941 2
12942 1
12943 1
12944 5
12945 1
12946 1
12947 12
12948 1
12949 1
12950 1
12951 4
12952 4
12953 2
12954 1
12955 67
12956 44
12957 2
12958 1
12959 4
12960 2
12961 1
12962 1
12963 3
12964 3
12965 1
12966 1
12967 15
12968 2
12969 1
12970 2
12971 2
12972 1
12973 1
12974 1
12975 1
12976 32
12977 1
12978 2
12979 2
12980 7
12981 1
12982 1
12983 2
12984 3
12985 1
12986 1
12987 1
12988 1
12989 2
12990 1
12991 2
12992 3
12993 1
12994 1
12995 2
12996 1
12997 1
12998 1
12999 1
13000 1
13001 1
13002 1
13003 2
13004 5
13005 2
13006 1
13007 1
13008 4
13009 1
13010 1
13011 1
13012 1
13013 14
13014 1
13015 2
13016 1
13017 2
13018 1
13019 4
13020 1
13021 1
13022 25
13023 3
13024 1
13025 12
13026 1
13027 19
13028 1
13029 1
13030 1
13031 1
13032 2
13033 1
13034 1
13035 1
13036 3
13037 1
13038 1
13039 1
13040 1
13041 2
13042 1
13043 3
13044 2
13045 1
13046 1
13047 4
13048 3
13049 2
13050 2
13051 2
13052 1
13053 5
13054 1
13055 3
13056 4
13057 1
13058 5
13059 4
13060 2
13061 4
13062 7
13063 1
13064 2
13065 42
13066 169
13067 2
13068 1
13069 5
13070 1
13071 1
13072 3
13073 1
13074 1
13075 1
13076 2
13077 4
13078 1
13079 4
13080 2
13081 6
13082 2
13083 1
13084 1
13085 1
13086 1
13087 1
13088 2
13089 1
13090 1
13091 1
13092 2
13093 3
13094 1
13095 2
13096 2
13097 1
13098 8
13099 3
13100 1
13101 1
13102 1
13103 2
13104 2
13105 1
13106 1
13107 1
13108 3
13109 1
13110 1
13111 2
13112 1
13113 4
13114 1
13115 2
13116 3
13117 2
13118 2
13119 1
13120 1
13121 1
13122 1
13123 5
13124 1
13125 1
13126 1
13127 1
13128 1
13129 1
13130 1
13131 1
13132 1
13133 2
13134 1
13135 1
13136 2
13137 2
13138 1
13139 2
13140 5
13141 2
13142 1
13143 4
13144 3
13145 1
13146 3
13147 2
13148 1
13149 1
13150 1
13151 51
13152 1
13153 2
13154 1
13155 60
13156 4
13157 1
13158 1
13159 1
13160 4
13161 1
13162 1
13163 3
13164 1
13165 3
13166 1
13167 2
13168 2
13169 3
13170 1
13171 1
13172 4
13173 4
13174 1
13175 5
13176 1
13177 6
13178 1
13179 1
13180 1
13181 1
13182 1
13183 4
13184 1
13185 2
13186 13
13187 1
13188 1
13189 1
13190 1
13191 1
13192 2
13193 2
13194 1
13195 1
13196 4
13197 12
13198 1
13199 4
13200 1
13201 9
13202 1
13203 1
13204 1
13205 1
13206 1
13207 1
13208 3
13209 1
13210 1
13211 2
13212 2
13213 1
13214 2
13215 1
13216 1
13217 2
13218 3
13219 2
13220 2
13221 1
13222 2
13223 2
13224 4
13225 2
13226 5
13227 2
13228 1
13229 1
13230 2
13231 1
13232 6
13233 2
13234 1
13235 1
13236 1
13237 1
13238 1
13239 1
13240 1
13241 3
13242 1
13243 1
13244 1
13245 2
13246 1
13247 1
13248 5
13249 1
13250 52
13251 3
13252 1
13253 5
13254 1
13255 2
13256 4
13257 2
13258 1
13259 2
13260 1
13261 2
13262 1
13263 2
13264 1
13265 4
13266 1
13267 4
13268 1
13269 1
13270 2
13271 1
13272 1
13273 1
13274 2
13275 4
13276 1
13277 1
13278 2
13279 2
13280 2
13281 1
13282 4
13283 1
13284 2
13285 1
13286 1
13287 2
13288 8
13289 1
13290 2
13291 1
13292 1
13293 3
13294 2
13295 1
13296 1
13297 1
13298 1
13299 1
13300 2
13301 9
13302 1
13303 1
13304 4
13305 1
13306 1
13307 1
13308 1
13309 1
13310 2
13311 1
13312 2
13313 1
13314 1
13315 1
13316 1
13317 1
13318 1
13319 4
13320 2
13321 1
13322 1
13323 1
13324 2
13325 2
13326 1
13327 6
13328 1
13329 1
13330 1
13331 1
13332 17
13333 1
13334 3
13335 1
13336 2
13337 8
13338 1
13339 5
13340 2
13341 2
13342 1
13343 1
13344 1
13345 1
13346 1
13347 2
13348 2
13349 1
13350 1
13351 1
13352 1
13353 1
13354 2
13355 2
13356 2
13357 1
13358 1
13359 2
13360 2
13361 1
13362 1
13363 2
13364 1
13365 2
13366 1
13367 2
13368 1
13369 4
13370 9
13371 2
13372 1
13373 2
13374 284
13375 1
13376 6
13377 3
13378 1
13379 3
13380 1
13381 1
13382 3
13383 1
13384 56
13385 1
13386 1
13387 1
13388 1
13389 2
13390 2
13391 4
13392 1
13393 1
13394 3
13395 1
13396 1
13397 16
13398 1
13399 2
13400 1
13401 3
13402 3
13403 46
13404 13
13405 1
13406 1
13407 1
13408 1
13409 18
13410 1
13411 1
13412 3
13413 5
13414 4
13415 1
13416 1
13417 2
13418 1
13419 1
13420 1
13421 1
13422 3
13423 2
13424 2
13425 3
13426 2
13427 1
13428 1
13429 1
13430 8
13431 4
13432 3
13433 1
13434 57
13435 1
13436 2
13437 1
13438 1
13439 1
13440 2
13441 1
13442 2
13443 1
13444 4
13445 1
13446 1
13447 1
13448 2
13449 1
13450 2
13451 1
13452 2
13453 1
13454 1
13455 1
13456 1
13457 1
13458 1
13459 1
13460 1
13461 1
13462 23
13463 1
13464 1
13465 1
13466 58
13467 2
13468 2
13469 1
13470 2
13471 5
13472 3
13473 1
13474 1
13475 1
13476 2
13477 5
13478 1
13479 2
13480 1
13481 1
13482 2
13483 1
13484 1
13485 1
13486 1
13487 2
13488 2
13489 4
13490 1
13491 1
13492 1
13493 6
13494 1
13495 1
13496 1
13497 1
13498 2
13499 2
13500 1
13501 6
13502 3
13503 1
13504 4
13505 1
13506 1
13507 1
13508 1
13509 3
13510 9
13511 61
13512 3
13513 1
13514 1
13515 2
13516 4
13517 1
13518 1
13519 1
13520 1
13521 1
13522 1
13523 2
13524 4
13525 2
13526 1
13527 5
13528 3
13529 1
13530 2
13531 1
13532 2
13533 2
13534 5
13535 1
13536 1
13537 1
13538 2
13539 1
13540 9
13541 1
13542 2
13543 1
13544 1
13545 1
13546 2
13547 1
13548 1
13549 3
13550 1
13551 1
13552 1
13553 1
13554 4
13555 19
13556 1
13557 1
13558 2
13559 1
13560 1
13561 1
13562 2
13563 1
13564 1
13565 46
13566 3
13567 1
13568 3
13569 1
13570 22
13571 1
13572 1
13573 1
13574 1
13575 1
13576 41
13577 1
13578 2
13579 1
13580 1
13581 2
13582 10
13583 6
13584 1
13585 3
13586 1
13587 8
13588 1
13589 1
13590 1
13591 15
13592 8
13593 1
13594 1
13595 2
13596 1
13597 1
13598 5
13599 1
13600 1
13601 1
13602 2
13603 4
13604 2
13605 11
13606 1
13607 2
13608 1
13609 5
13610 1
13611 49
13612 4
13613 21
13614 1
13615 1
13616 1
13617 1
13618 5
13619 4
13620 2
13621 3
13622 5
13623 2
13624 1
13625 1
13626 31
13627 1
13628 16
13629 1
13630 2
13631 4
13632 2
13633 1
13634 1
13635 1
13636 4
13637 3
13638 1
13639 12
13640 1
13641 1
13642 1
13643 1
13644 1
13645 1
13646 1
13647 1
13648 2
13649 6
13650 1
13651 3
13652 1
13653 1
13654 2
13655 1
13656 1
13657 1
13658 1
13659 1
13660 1
13661 1
13662 1
13663 1
13664 1
13665 1
13666 1
13667 1
13668 1
13669 3
13670 1
13671 1
13672 2
13673 1
13674 1
13675 4
13676 1
13677 1
13678 2
13679 28
13680 1
13681 1
13682 1
13683 1
13684 1
13685 4
13686 1
13687 1
13688 1
13689 3
13690 3
13691 30
13692 2
13693 68
13694 5
13695 9
13696 1
13697 2
13698 1
13699 1
13700 1
13701 1
13702 1
13703 1
13704 8
13705 3
13706 1
13707 3
13708 1
13709 13
13710 1
13711 1
13712 1
13713 1
13714 2
13715 14
13716 2
13717 4
13718 4
13719 1
13720 19
13721 1
13722 2
13723 1
13724 1
13725 1
13726 1
