0 2
1 1
2 1
3 1
4 1
5 1
6 1
7 1
8 1
9 1
10 1
11 2
12 2
13 2
14 1
15 1
16 2
17 2
18 1
19 2
20 1
21 2
22 1
23 1
24 4
25 1
26 1
27 1
28 1
29 1
30 1
31 1
32 1
33 1
34 4
35 1
36 1
37 1
38 1
39 1
40 1
41 2
42 1
43 1
44 1
45 1
46 1
47 1
48 1
49 1
50 1
51 1
52 1
53 1
54 1
55 1
56 11
57 1
58 1
59 2
60 1
61 1
62 1
63 1
64 2
65 1
66 1
67 2
68 1
69 1
70 1
71 1
72 1
73 1
74 2
75 3
76 1
77 1
78 1
79 1
80 1
81 2
82 1
83 1
84 1
85 1
86 2
87 1
88 1
89 1
90 4
91 1
92 5
93 1
94 2
95 1
96 1
97 2
98 1
99 1
100 1
101 1
102 1
103 1
104 1
105 1
106 1
107 2
108 1
109 1
110 1
111 1
112 1
113 1
114 1
115 1
116 3
117 1
118 3
119 2
120 1
121 1
122 1
123 3
124 1
125 3
126 1
127 2
128 1
129 2
130 1
131 1
132 3
133 1
134 1
135 1
136 1
137 2
138 1
139 2
140 1
141 8
142 2
143 1
144 1
145 1
146 1
147 1
148 2
149 1
150 1
151 1
152 1
153 1
154 1
155 1
156 1
157 1
158 1
159 1
160 1
161 1
162 1
163 1
164 1
165 2
166 2
167 1
168 1
169 2
170 1
171 2
172 1
173 1
174 2
175 2
176 1
177 1
178 1
179 2
180 1
181 1
182 1
183 1
184 1
185 1
186 1
187 1
188 1
189 1
190 3
191 1
192 1
193 2
194 2
195 1
196 1
197 1
198 1
199 1
200 1
201 1
202 2
203 1
204 1
205 1
206 1
207 1
208 1
209 1
210 1
211 3
212 1
213 2
214 1
215 2
216 1
217 1
218 1
219 1
220 2
221 2
222 1
223 1
224 1
225 1
226 1
227 1
228 1
229 1
230 1
231 1
232 1
233 1
234 8
235 2
236 1
237 1
238 1
239 1
240 1
241 1
242 1
243 2
244 1
245 1
246 1
247 1
248 1
249 2
250 1
251 1
252 1
253 1
254 1
255 1
256 2
257 1
258 1
259 1
260 1
261 1
262 1
263 2
264 1
265 3
266 1
267 1
268 2
269 1
270 1
271 1
272 1
273 1
274 1
275 1
276 3
277 1
278 2
279 1
280 2
281 2
282 1
283 4
284 1
285 1
286 1
287 1
288 1
289 1
290 1
291 8
292 1
293 1
294 1
295 1
296 1
297 1
298 1
299 1
300 1
301 1
302 1
303 5
304 1
305 2
306 3
307 1
308 1
309 1
310 2
311 1
312 6
313 2
314 1
315 3
316 2
317 2
318 1
319 1
320 1
321 1
322 3
323 1
324 1
325 1
326 1
327 1
328 3
329 1
330 1
331 1
332 1
333 1
334 1
335 1
336 1
337 1
338 2
339 2
340 1
341 1
342 1
343 1
344 1
345 1
346 1
347 1
348 1
349 1
350 5
351 1
352 3
353 2
354 1
355 1
356 1
