0 1267
1 1
2 23
3 1
4 1
5 1
6 1
7 1
8 1
9 2
10 1
11 1
12 1
13 1
14 1
15 2
16 1
17 1
18 1
19 1
20 1
21 1
22 2
23 2
24 8
25 1
26 1
27 1
28 11
29 1
30 1
31 1
32 3
33 1
34 1
35 2
36 1
37 1
38 1
39 2
40 1
41 12
42 1
43 1
44 1
45 1
46 2
47 3
48 1
49 2
50 1
51 1
52 1
53 1
54 2
55 10
56 2
57 1
58 3
59 1
60 1
61 1
62 1
63 1
64 1
65 1
66 1
67 1
68 1
69 1
70 1
71 1
72 1
73 1
74 1
75 1
76 1
77 1
78 1
79 1
80 1
81 1
82 1
83 1
84 1
85 1
86 1
87 2
88 1
89 1
90 1
91 2
92 1
93 6
94 1
95 50
96 1
97 1
98 1
99 4
100 1
101 25
102 1
103 1
104 1
105 1
106 2
107 2
108 1
109 10
110 1
111 1
112 1
113 1
114 1
115 1
116 2
117 1
118 1
119 2
120 1
121 2
122 1
123 7
124 3
125 2
126 1
127 1
128 4
129 2
130 1
131 1
132 3
133 5
134 5
135 8
136 1
137 1
138 1
139 1
140 6
141 1
142 1
143 1
144 1
145 3
146 1
147 1
148 1
149 1
150 1
151 1
152 2
153 1
154 1
155 1
156 1
157 2
158 1
159 1
160 1
161 1
162 3
163 1
164 2
165 2
166 1
167 1
168 1
169 1
170 5
171 5
172 1
173 1
174 2
175 1
176 2
177 2
178 4
179 1
180 1
181 3
182 1
183 4
184 1
185 2
186 2
187 1
188 1
189 2
190 6
191 2
192 2
193 1
194 1
195 1
196 1
197 1
198 1
199 1
200 5
201 1
202 1
203 1
204 3
205 1
206 6
207 1
208 1
209 2
210 1
211 1
212 4
213 2
214 52
215 1
216 1
217 1
218 2
219 1
220 1
221 4
222 2
223 1
224 1
225 1
226 1
227 1
228 1
229 2
230 1
231 1
232 1
233 1
234 4
235 2
236 1
237 15
238 1
239 1
240 1
241 1
242 3
243 14
244 2
245 1
246 1
247 2
248 2
249 2
250 1
251 1
252 1
253 1
254 1
255 1
256 1
257 1
258 58
259 2
260 1
261 13
262 1
263 1
264 1
265 1
266 7
267 1
268 6
269 1
270 17
271 1
272 1
273 3
274 1
275 2
276 2
277 1
278 3
279 1
280 2
281 1
282 1
283 6
284 1
285 1
286 1
287 1
288 1
289 4
290 1
291 2
292 1
293 1
294 1
295 1
296 1
297 3
298 2
299 1
300 2
301 3
302 1
303 1
304 3
305 8
306 11
307 12
308 4
309 2
310 1
311 1
312 3
313 1
314 1
315 1
316 2
317 1
318 1
319 11
320 1
321 1
322 2
323 1
324 1
325 1
326 1
327 1
328 1
329 1
330 1
331 1
332 1
333 1
334 1
335 1
336 1
337 1
338 2
339 1
340 1
341 1
342 9
343 1
344 2
345 1
346 1
347 1
348 1
349 1
350 1
351 1
352 17
353 2
354 1
355 3
356 2
357 2
358 1
359 1
360 1
361 1
362 1
363 1
364 3
365 1
366 1
367 1
368 1
369 1
370 1
371 1
372 1
373 3
374 1
375 1
376 1
377 1
378 1
379 1
380 1
381 1
382 1
383 2
384 2
385 1
386 1
387 1
388 1
389 5
390 1
391 1
392 1
393 1
394 1
395 1
396 2
397 1
398 19
399 1
400 1
401 4
402 6
403 1
404 1
405 1
406 1
407 1
408 16
409 1
410 1
411 1
412 1
413 1
414 1
415 1
416 1
417 1
418 1
419 1
420 1
421 1
422 2
423 1
424 1
425 1
426 1
427 1
428 1
429 1
430 1
431 1
432 1
433 1
434 3
435 1
436 2
437 1
438 1
439 1
440 1
441 1
442 1
443 1
444 228
445 1
446 1
447 1
448 1
449 1
450 1
451 1
452 1
453 2
454 1
455 1
456 1
457 1
458 1
459 2
460 1
461 1
462 1
463 1
464 1
465 1
466 13
467 2
468 1
469 1
470 2
471 1
472 6
473 2
474 1
475 3
476 1
477 1
478 1
479 1
480 1
481 1
482 1
483 1
484 1
485 1
486 1
487 1
488 4
489 2
490 1
491 8
492 14
493 1
494 1
495 1
496 1
497 1
498 1
499 1
500 1
501 1
502 1
503 1
504 1
505 16
506 58
507 2
508 1
509 1
510 1
511 1
512 1
513 1
514 2
515 1
516 1
517 1
518 1
519 1
520 1
521 1
522 1
523 1
524 1
525 1
526 3
527 1
528 1
529 1
530 1
531 5
532 1
533 1
534 5
535 2
536 2
537 1
538 2
539 3
540 8
541 5
542 2
543 1
544 1
545 1
546 1
547 6
548 1
549 1
550 5
551 1
552 1
553 1
554 1
555 1
556 1
557 6
558 1
559 3
560 1
561 1
562 1
563 1
564 1
565 1
566 2
567 1
568 5
569 1
570 1
571 1
572 1
573 1
574 1
575 1
576 1
577 1
578 1
579 2
580 1
581 4
582 4
583 3
584 1
585 1
586 1
587 1
588 1
589 1
590 1
591 4
592 1
593 1
594 1
595 1
596 1
597 1
598 1
599 1
600 1
601 2
602 1
603 1
604 1
605 1
606 1
607 1
608 1
609 1
610 1
611 3
612 3
613 4
614 1
615 1
616 1
617 1
618 1
619 3
620 1
621 1
622 2
623 10
624 2
625 1
626 1
627 2
628 1
629 2
630 1
631 1
632 1
633 1
634 1
635 2
636 1
637 1
638 1
639 1
640 1
641 1
642 1
643 1
644 2
645 1
646 1
647 4
648 4
649 1
650 1
651 2
652 1
653 1
654 3
655 1
656 4
657 1
658 3
659 2
660 2
661 1
662 129
663 2
664 1
665 1
666 1
667 1
668 1
669 2
670 1
671 1
672 1
673 15
674 3
675 6
676 1
677 1
678 1
679 1
680 3
681 1
682 8
683 1
684 1
685 1
686 30
687 1
688 5
689 1
690 3
691 1
692 1
693 2
694 4
695 2
696 1
697 1
698 1
699 1
700 1
701 3
702 1
703 1
704 1
705 1
706 1
707 1
708 1
709 1
710 1
711 1
712 1
713 1
714 1
715 1
716 1
717 1
718 1
719 1
720 2
721 18
722 1
723 1
724 1
725 1
726 1
727 1
728 2
729 1
730 1
731 1
732 3
733 1
734 1
735 2
736 1
737 1
738 1
739 1
740 1
741 1
742 1
743 2
744 1
745 1
746 1
747 1
748 1
749 1
750 1
751 4
752 1
753 1
754 3
755 1
756 2
757 1
758 1
759 1
760 1
761 1
762 1
763 1
764 2
765 1
766 2
767 1
768 1
769 8
770 1
771 1
772 1
773 2
774 1
775 1
776 1
777 1
778 1
779 1
780 1
781 2
782 1
783 1
784 1
785 2
786 2
787 1
788 1
789 1
790 1
791 1
792 4
793 1
794 1
795 1
796 1
797 1
798 1
799 1
800 4
801 1
802 5
803 1
804 1
805 1
806 1
807 1
808 3
809 4
810 2
811 1
812 2
813 1
814 4
815 1
816 3
817 6
818 5
819 1
820 1
821 1
822 2
823 1
824 1
825 30
826 1
827 19
828 1
829 5
830 1
831 1
832 1
833 1
834 1
835 1
836 1
837 2
838 1
839 2
840 6
841 1
842 1
843 1
844 1
845 6
846 1
847 1
848 1
849 1
850 1
851 1
852 1
853 1
854 1
855 15
856 1
857 1
858 1
859 1
860 1
861 1
862 9
863 1
864 7
865 1
866 1
867 1
868 1
869 1
870 2
871 1
872 1
873 3
874 6
875 1
876 1
877 1
878 1
879 1
880 1
881 1
882 1
883 1
884 2
885 1
886 4
887 1
888 1
889 1
890 1
891 1
892 1
893 1
894 1
895 1
896 5
897 1
898 1
899 2
900 1
901 1
902 1
903 1
904 2
905 23
906 2
907 1
908 1
909 1
910 3
911 1
912 1
913 2
914 1
915 2
916 1
917 1
918 1
919 12
920 1
921 1
922 1
923 1
924 1
925 1
926 1
927 1
928 4
929 1
930 3
931 1
932 3
933 2
934 1
935 1
936 10
937 1
938 1
939 1
940 1
941 1
942 2
943 1
944 1
945 1
946 1
947 1
948 1
949 7
950 1
951 1
952 2
953 1
954 1
955 1
956 1
957 2
958 1
959 1
960 1
961 4
962 1
963 1
964 1
965 1
966 1
967 1
968 1
969 1
970 1
971 2
972 1
973 1
974 1
975 2
976 1
977 2
978 1
979 8
980 4
981 1
982 6
983 1
984 1
985 1
986 1
987 1
988 1
989 1
990 4
991 1
992 1
993 3
994 1
995 2
996 2
997 1
998 1
999 1
1000 1
1001 1
1002 1
1003 1
1004 1
1005 1
1006 23
1007 19
1008 1
1009 1
1010 1
1011 2
1012 1
1013 1
1014 1
1015 1
1016 5
1017 1
1018 6
1019 1
1020 1
1021 3
1022 1
1023 1
1024 4
1025 1
1026 1
1027 1
1028 1
1029 1
1030 1
1031 1
1032 1
1033 2
1034 12
1035 1
1036 1
1037 2
1038 1
1039 1
1040 1
1041 5
1042 1
1043 1
1044 2
1045 1
1046 1
1047 1
1048 1
1049 1
1050 1
1051 1
1052 3
1053 2
1054 1
1055 2
1056 1
1057 1
1058 18
1059 1
1060 1
1061 1
1062 2
1063 2
1064 1
1065 1
1066 1
1067 3
1068 3
1069 3
1070 1
1071 3
1072 1
1073 4
1074 1
1075 3
1076 4
1077 1
1078 1
1079 1
1080 2
1081 2
1082 1
1083 1
1084 1
1085 3
1086 1
1087 5
1088 4
1089 2
1090 2
1091 2
1092 2
1093 2
1094 1
1095 1
1096 1
1097 1
1098 1
1099 2
1100 44
1101 1
1102 1
1103 2
1104 1
1105 3
1106 1
1107 1
1108 1
1109 1
1110 1
1111 1
1112 1
1113 4
1114 1
1115 2
1116 2
1117 2
1118 1
1119 1
1120 1
1121 1
1122 3
1123 1
1124 2
1125 1
1126 3
1127 3
1128 3
1129 1
1130 2
1131 1
1132 1
1133 1
1134 1
1135 1
1136 1
1137 5
1138 1
1139 1
1140 1
1141 1
1142 2
1143 3
1144 1
1145 1
1146 1
1147 2
1148 2
1149 1
1150 2
1151 1
1152 2
1153 1
1154 4
1155 2
1156 1
1157 1
1158 1
1159 1
1160 1
1161 4
1162 1
1163 1
1164 1
1165 3
1166 1
1167 1
1168 1
1169 1
1170 2
1171 1
1172 14
1173 1
1174 2
1175 1
1176 2
1177 1
1178 1
1179 1
1180 1
1181 2
1182 1
1183 1
1184 1
1185 1
1186 1
1187 1
1188 1
1189 6
1190 1
1191 3
1192 1
1193 1
1194 2
1195 1
1196 1
1197 2
1198 4
1199 1
1200 1
1201 3
1202 1
1203 3
1204 1
1205 3
1206 1
1207 1
1208 1
1209 1
1210 1
1211 1
1212 1
1213 1
1214 1
1215 4
1216 1
1217 1
1218 1
1219 1
1220 1
1221 1
1222 3
1223 1
1224 1
1225 2
1226 1
1227 1
1228 1
1229 1
1230 1
1231 1
1232 4
1233 30
1234 1
1235 1
1236 2
1237 4
1238 1
1239 1
1240 1
1241 1
1242 1
1243 1
1244 1
1245 1
1246 1
1247 1
1248 1
1249 1
1250 3
1251 1
1252 1
1253 4
1254 1
1255 2
1256 1
1257 1
1258 1
1259 1
1260 1
1261 1
1262 1
1263 1
1264 255
1265 2
1266 1
1267 1
1268 1
1269 4
1270 2
1271 2
1272 1
1273 2
1274 1
1275 1
1276 1
1277 1
1278 1
1279 2
1280 3
1281 6
1282 1
1283 1
1284 8
1285 1
1286 1
1287 2
1288 2
1289 10
1290 2
1291 1
1292 2
1293 1
1294 1
1295 6
1296 1
1297 1
1298 1
1299 1
1300 1
1301 1
1302 1
1303 1
1304 1
1305 1
1306 1
1307 1
1308 34
1309 1
1310 1
1311 1
1312 1
1313 1
1314 1
1315 4
1316 4
1317 1
1318 1
1319 2
1320 1
1321 3
1322 1
1323 2
1324 1
1325 1
1326 1
1327 3
1328 1
1329 1
1330 2
1331 2
1332 1
1333 5
1334 2
1335 1
1336 1
1337 1
1338 1
1339 1
1340 4
1341 3
1342 1
1343 2
1344 1
1345 3
1346 1
1347 1
1348 2
1349 1
1350 1
1351 1
1352 1
1353 12
1354 2
1355 1
1356 1
1357 2
1358 1
1359 1
1360 1
1361 4
1362 1
1363 1
1364 1
1365 6
1366 1
1367 3
1368 2
1369 29
1370 1
1371 1
1372 1
1373 1
1374 3
1375 1
1376 1
1377 1
1378 1
1379 1
1380 1
1381 3
1382 1
1383 1
1384 1
1385 1
1386 1
1387 1
1388 1
1389 1
1390 1
1391 2
1392 1
1393 1
1394 1
1395 1
1396 1
1397 2
1398 3
1399 16
1400 1
1401 1
1402 1
1403 1
1404 1
1405 2
1406 4
1407 1
1408 1
1409 1
1410 7
1411 1
1412 1
1413 5
1414 5
1415 4
1416 2
1417 1
1418 3
1419 6
1420 1
1421 1
1422 4
1423 1
1424 1
1425 1
1426 1
1427 1
1428 1
1429 1
1430 2
1431 1
1432 2
1433 1
1434 1
1435 1
1436 1
1437 2
1438 3
1439 1
1440 1
1441 1
1442 1
1443 1
1444 1
1445 5
1446 1
1447 2
1448 4
1449 1
1450 1
1451 1
1452 1
1453 6
1454 1
1455 1
1456 3
1457 2
1458 1
1459 1
1460 1
1461 1
1462 1
1463 1
1464 1
1465 1
1466 1
1467 1
1468 1
1469 4
1470 1
1471 4
1472 1
1473 1
1474 2
1475 1
1476 3
1477 2
1478 1
1479 2
1480 7
1481 22
1482 1
1483 1
1484 1
1485 1
1486 4
1487 1
1488 2
1489 1
1490 1
1491 3
1492 1
1493 3
1494 2
1495 1
1496 1
1497 1
1498 1
1499 1
1500 2
1501 1
1502 5
1503 1
1504 2
1505 1
1506 11
1507 1
1508 1
1509 1
1510 6
1511 1
1512 1
1513 1
1514 1
1515 3
1516 2
1517 2
1518 1
1519 3
1520 1
1521 1
1522 1
1523 2
1524 1
1525 2
1526 1
1527 2
1528 1
1529 1
1530 1
1531 4
1532 2
1533 2
1534 1
1535 1
1536 5
1537 1
1538 2
1539 21
1540 1
1541 1
1542 3
1543 4
1544 4
1545 1
1546 1
1547 1
1548 2
1549 1
1550 1
1551 3
1552 4
1553 1
1554 1
1555 1
1556 1
1557 2
1558 1
1559 1
1560 6
1561 1
1562 1
1563 1
1564 1
1565 2
1566 1
1567 2
1568 1
1569 2
1570 2
1571 1
1572 1
1573 1
1574 1
1575 1
1576 1
1577 1
1578 1
1579 1
1580 1
1581 1
1582 2
1583 1
1584 5
1585 6
1586 1
1587 1
1588 5
1589 2
1590 1
1591 1
1592 2
1593 2
1594 1
1595 1
1596 1
1597 1
1598 1
1599 1
1600 1
1601 3
1602 1
1603 2
1604 4
1605 1
1606 1
1607 2
1608 1
1609 1
1610 2
1611 1
1612 1
1613 1
1614 1
1615 1
1616 1
1617 1
1618 5
1619 1
1620 1
1621 1
1622 1
1623 2
1624 1
1625 1
1626 4
1627 1
1628 1
1629 4
1630 1
1631 21
1632 1
1633 5
1634 1
1635 1
1636 23
1637 1
1638 1
1639 1
1640 2
1641 3
1642 6
1643 1
1644 1
1645 9
1646 1
1647 1
1648 1
1649 2
1650 1
1651 1
1652 1
1653 1
1654 1
1655 2
1656 2
1657 1
1658 4
1659 1
1660 1
1661 2
1662 2
1663 1
1664 9
1665 1
1666 1
1667 1
1668 1
1669 1
1670 1
1671 1
1672 2
1673 9
1674 15
1675 1
1676 1
1677 1
1678 1
1679 1
1680 1
1681 1
1682 1
1683 1
1684 2
1685 1
1686 3
1687 1
1688 3
1689 1
1690 4
1691 1
1692 1
1693 2
1694 1
1695 1
1696 1
1697 8
1698 1
1699 1
1700 3
1701 1
1702 1
1703 2
1704 1
1705 1
1706 2
1707 1
1708 2
1709 1
1710 2
1711 2
1712 2
1713 1
1714 1
1715 2
1716 2
1717 2
1718 1
1719 1
1720 3
1721 1
1722 2
1723 1
1724 1
1725 1
1726 3
1727 1
1728 19
1729 1
1730 2
1731 2
1732 1
1733 1
1734 1
1735 1
1736 1
1737 1
1738 1
1739 1
1740 1
1741 1
1742 4
1743 1
1744 1
1745 3
1746 1
1747 1
1748 1
1749 3
1750 3
1751 1
1752 1
1753 6
1754 1
1755 1
1756 6
1757 1
1758 7
1759 10
1760 1
1761 4
1762 1
1763 4
1764 1
1765 1
1766 1
1767 1
1768 1
1769 2
1770 1
1771 1
1772 7
1773 2
1774 4
1775 1
1776 2
1777 1
1778 1
1779 1
1780 1
1781 1
1782 1
1783 1
1784 1
1785 1
1786 1
1787 1
1788 1
1789 1
1790 1
1791 1
1792 1
1793 2
1794 1
1795 1
1796 1
1797 1
1798 11
1799 1
1800 2
1801 1
1802 1
1803 3
1804 1
1805 1
1806 1
1807 1
1808 5
1809 1
1810 12
1811 1
1812 11
1813 3
1814 1
1815 2
1816 1
1817 1
1818 12
1819 1
1820 5
1821 1
1822 1
1823 1
1824 3
1825 1
1826 2
1827 1
1828 1
1829 1
1830 2
1831 2
1832 1
1833 1
1834 2
1835 1
1836 1
1837 1
1838 1
1839 1
1840 1
1841 1
1842 1
1843 1
1844 1
1845 1
1846 1
1847 13
1848 8
1849 1
1850 1
1851 1
1852 1
1853 1
1854 4
1855 1
1856 1
1857 1
1858 1
1859 1
1860 1
1861 5
1862 4
1863 39
1864 1
1865 1
1866 1
1867 1
1868 1
1869 1
1870 2
1871 1
1872 2
1873 1
1874 1
1875 1
1876 1
1877 1
1878 1
1879 1
1880 4
1881 2
1882 1
1883 1
1884 1
1885 1
1886 2
1887 1
1888 4
1889 1
1890 2
1891 4
1892 5
1893 2
1894 5
1895 1
1896 8
1897 1
1898 1
1899 1
1900 1
1901 1
1902 1
1903 1
1904 2
1905 1
1906 1
1907 3
1908 1
1909 2
1910 1
1911 4
1912 1
1913 6
1914 1
1915 1
1916 1
1917 1
1918 1
1919 1
1920 2
1921 1
1922 1
1923 1
1924 1
1925 1
1926 1
1927 2
1928 1
1929 1
1930 17
1931 1
1932 2
1933 1
1934 1
1935 4
1936 1
1937 2
1938 1
1939 1
1940 1
1941 1
1942 1
1943 1
1944 1
1945 1
1946 1
1947 6
1948 1
1949 1
1950 1
1951 1
1952 1
1953 1
1954 1
1955 31
1956 9
1957 1
1958 1
1959 4
1960 1
1961 1
1962 1
1963 2
1964 2
1965 1
1966 7
1967 1
1968 2
1969 12
1970 1
1971 30
1972 1
1973 1
1974 1
1975 1
1976 1
1977 1
1978 1
1979 1
1980 4
1981 7
1982 1
1983 1
1984 1
1985 1
1986 1
1987 1
1988 2
1989 1
1990 1
1991 1
1992 1
1993 1
1994 2
1995 1
1996 1
1997 1
1998 1
1999 1
2000 1
2001 6
2002 1
2003 1
2004 3
2005 2
2006 3
2007 3
2008 1
2009 1
2010 1
2011 1
2012 2
2013 1
2014 1
2015 1
2016 2
2017 3
2018 1
2019 5
2020 1
2021 1
2022 1
2023 2
2024 1
2025 3
2026 1
2027 1
2028 443
2029 1
2030 1
2031 1
2032 1
2033 2
2034 1
2035 1
2036 8
2037 1
2038 1
2039 1
2040 1
2041 3
2042 1
2043 2
2044 2
2045 1
2046 2
2047 1
2048 1
2049 2
2050 1
2051 1
2052 1
2053 3
2054 3
2055 2
2056 1
2057 1
2058 1
2059 1
2060 1
2061 2
2062 2
2063 1
2064 1
2065 1
2066 1
2067 3
2068 1
2069 1
2070 1
2071 3
2072 3
2073 1
2074 1
2075 1
2076 1
2077 1
2078 1
2079 2
2080 1
2081 4
2082 2
2083 1
2084 1
2085 1
2086 1
2087 1
2088 1
2089 1
2090 10
2091 1
2092 1
2093 1
2094 1
2095 3
2096 1
2097 7
2098 1
2099 1
2100 1
2101 2
2102 1
2103 2
2104 1
2105 1
2106 1
2107 5
2108 1
2109 1
2110 1
2111 1
2112 1
2113 1
2114 1
2115 1
2116 1
2117 1
2118 1
2119 1
2120 1
2121 1
2122 1
2123 1
2124 1
2125 1
2126 1
2127 2
2128 1
2129 1
2130 1
2131 1
2132 1
2133 4
2134 1
2135 1
2136 1
2137 3
2138 1
2139 3
2140 13
2141 1
2142 1
2143 1
2144 1
2145 1
2146 1
2147 1
2148 1
2149 1
2150 4
2151 1
2152 1
2153 2
2154 1
2155 1
2156 1
2157 1
2158 1
2159 1
2160 1
2161 1
2162 1
2163 2
2164 3
2165 1
2166 1
2167 1
2168 1
2169 5
2170 1
2171 1
2172 1
2173 1
2174 2
2175 1
2176 1
2177 1
2178 1
2179 1
2180 2
2181 9
2182 3
2183 1
2184 3
2185 1
2186 3
2187 1
2188 1
2189 2
2190 1
2191 1
2192 1
2193 3
2194 1
2195 1
2196 8
2197 1
2198 13
2199 1
2200 1
2201 2
2202 1
2203 1
2204 2
2205 1
2206 1
2207 1
2208 1
2209 1
2210 1
2211 1
2212 1
2213 1
2214 1
2215 1
2216 1
2217 2
2218 1
2219 2
2220 5
2221 5
2222 1
2223 1
2224 1
2225 2
2226 1
2227 1
2228 3
2229 1
2230 3
2231 1
2232 2
2233 3
2234 3
2235 1
2236 1
2237 1
2238 1
2239 1
2240 1
2241 3
2242 1
2243 1
2244 2
2245 1
2246 1
2247 4
2248 1
2249 1
2250 1
2251 1
2252 1
2253 1
2254 6
2255 1
2256 1
2257 1
2258 2
2259 1
2260 2
2261 1
2262 1
2263 7
2264 2
2265 4
2266 1
2267 4
2268 1
2269 3
2270 1
2271 1
2272 1
2273 1
2274 1
2275 1
2276 1
2277 3
2278 19
2279 1
2280 3
2281 1
2282 1
2283 1
2284 1
2285 1
2286 1
2287 1
2288 1
2289 1
2290 1
2291 1
2292 2
2293 1
2294 5
2295 1
2296 1
2297 1
2298 1
2299 1
2300 1
2301 1
2302 2
2303 1
2304 4
2305 1
2306 1
2307 1
2308 1
2309 1
2310 1
2311 1
2312 5
2313 1
2314 1
2315 1
2316 1
2317 1
2318 1
2319 1
2320 1
2321 2
2322 205
2323 4
2324 1
2325 6
2326 2
2327 1
2328 1
2329 2
2330 1
2331 4
2332 2
2333 30
2334 1
2335 2
2336 1
2337 1
2338 2
2339 2
2340 1
2341 1
2342 1
2343 1
2344 1
2345 1
2346 1
2347 1
2348 1
2349 1
2350 1
2351 1
2352 10
2353 1
2354 1
2355 2
2356 1
2357 69
2358 4
2359 2
2360 1
2361 2
2362 1
2363 1
2364 1
2365 5
2366 1
2367 2
2368 1
2369 1
2370 1
2371 1
2372 2
2373 1
2374 1
2375 1
2376 1
2377 1
2378 1
2379 1
2380 1
2381 3
2382 1
2383 1
2384 1
2385 5
2386 1
2387 1
2388 1
2389 3
2390 1
2391 4
2392 1
2393 1
2394 1
2395 2
2396 1
2397 2
2398 1
2399 1
2400 2
2401 1
2402 1
2403 2
2404 1
2405 15
2406 1
2407 1
2408 1
2409 1
2410 1
2411 4
2412 1
2413 1
2414 1
2415 1
2416 1
2417 1
2418 1
2419 3
2420 3
2421 1
2422 1
2423 5
2424 18
2425 4
2426 1
2427 1
2428 1
2429 1
2430 2
2431 7
2432 2
2433 7
2434 1
2435 2
2436 1
2437 2
2438 3
2439 1
2440 2
2441 1
2442 1
2443 3
2444 15
2445 1
2446 1
2447 3
2448 1
2449 1
2450 1
2451 1
2452 1
2453 3
2454 1
2455 1
2456 1
2457 1
2458 2
2459 1
2460 1
2461 13
2462 1
2463 1
2464 1
2465 1
2466 1
2467 1
2468 1
2469 1
2470 1
2471 8
2472 1
2473 1
2474 1
2475 17
2476 4
2477 1
2478 2
2479 1
2480 1
2481 1
2482 1
2483 1
2484 1
2485 8
2486 1
2487 39
2488 1
2489 1
2490 1
2491 1
2492 1
2493 1
2494 1
2495 1
2496 1
2497 2
2498 2
2499 1
2500 1
2501 1
2502 1
2503 1
2504 1
2505 1
2506 1
2507 10
2508 2
2509 1
2510 1
2511 1
2512 2
2513 1
2514 1
2515 1
2516 1
2517 1
2518 1
2519 1
2520 1
2521 1
2522 2
2523 1
2524 1
2525 4
2526 2
2527 1
2528 1
2529 1
2530 1
2531 1
2532 1
2533 6
2534 1
2535 1
2536 1
2537 4
2538 1
2539 1
2540 1
2541 1
2542 2
2543 1
2544 1
2545 1
2546 1
2547 1
2548 1
2549 1
2550 1
2551 1
2552 1
2553 3
2554 2
2555 3
2556 1
2557 1
2558 2
2559 1
2560 1
2561 2
2562 29
2563 1
2564 3
2565 1
2566 1
2567 2
2568 5
2569 1
2570 1
2571 1
2572 1
2573 1
2574 1
2575 1
2576 2
2577 1
2578 1
2579 1
2580 1
2581 1
2582 6
2583 2
2584 2
2585 1
2586 15
2587 1
2588 1
2589 5
2590 1
2591 1
2592 1
2593 1
2594 3
2595 1
2596 1
2597 1
2598 1
2599 1
2600 1
2601 1
2602 2
2603 1
2604 7
2605 1
2606 2
2607 1
2608 4
2609 2
2610 2
2611 1
2612 2
2613 1
2614 1
2615 7
2616 3
2617 1
2618 1
2619 6
2620 2
2621 1
2622 1
2623 1
2624 1
2625 1
2626 1
2627 2
2628 1
2629 1
2630 1
2631 8
2632 1
2633 2
2634 1
2635 1
2636 7
2637 1
2638 3
2639 2
2640 1
2641 3
2642 1
2643 1
2644 1
2645 1
2646 1
2647 1
2648 1
2649 2
2650 45
2651 1
2652 3
2653 1
2654 1
2655 1
2656 3
2657 3
2658 1
2659 1
2660 1
2661 2
2662 1
2663 1
2664 1
2665 1
2666 1
2667 1
2668 1
2669 2
2670 9
2671 2
2672 1
2673 1
2674 1
2675 1
2676 1
2677 3
2678 1
2679 17
2680 1
2681 1
2682 1
2683 1
2684 1
2685 1
2686 6
2687 1
2688 6
2689 1
2690 1
2691 1
2692 1
2693 1
2694 5
2695 2
2696 1
2697 1
2698 1
2699 5
2700 13
2701 1
2702 2
2703 1
2704 1
2705 1
2706 1
2707 1
2708 2
2709 1
2710 2
2711 38
2712 1
2713 1
2714 1
2715 3
2716 1
2717 2
2718 4
2719 2
2720 1
2721 1
2722 1
2723 1
2724 1
2725 1
2726 28
2727 32
2728 12
2729 1
2730 2
2731 1
2732 4
2733 2
2734 11
2735 1
2736 1
2737 1
2738 2
2739 1
2740 2
2741 1
2742 1
2743 1
2744 1
2745 1
2746 14
2747 1
2748 2
2749 1
2750 1
2751 1
2752 1
2753 18
2754 1
2755 1
2756 4
2757 1
2758 1
2759 1
2760 1
2761 1
2762 1
2763 1
2764 1
2765 1
2766 1
2767 3
2768 2
2769 1
2770 1
2771 1
2772 1
2773 1
2774 2
2775 1
2776 1
2777 2
2778 3
2779 1
2780 1
2781 4
2782 1
2783 3
2784 1
2785 1
2786 1
2787 1
2788 3
2789 1
2790 4
2791 2
2792 2
2793 1
2794 1
2795 1
2796 1
2797 1
2798 2
2799 14
2800 1
2801 9
2802 1
2803 1
2804 258
2805 1
2806 1
2807 1
2808 1
2809 1
2810 7
2811 1
2812 1
2813 1
2814 1
2815 1
2816 1
2817 1
2818 1
2819 1
2820 2
2821 1
2822 1
2823 1
2824 1
2825 1
2826 1
2827 1
2828 1
2829 4
2830 1
2831 1
2832 1
2833 1
2834 2
2835 1
2836 1
2837 1
2838 1
2839 1
2840 1
2841 1
2842 1
2843 1
2844 1
2845 1
2846 1
2847 1
2848 7
2849 1
2850 8
2851 1
2852 1
2853 1
2854 3
2855 1
2856 1
2857 2
2858 1
2859 2
2860 1
2861 1
2862 1
2863 2
2864 4
2865 1
2866 1
2867 1
2868 1
2869 1
2870 1
2871 1
2872 4
2873 1
2874 1
2875 5
2876 2
2877 25
2878 4
2879 28
2880 1
2881 3
2882 2
2883 1
2884 1
2885 3
2886 1
2887 1
2888 1
2889 1
2890 5
2891 1
2892 1
2893 2
2894 1
2895 1
2896 3
2897 1
2898 1
2899 1
2900 1
2901 10
2902 6
2903 1
2904 2
2905 1
2906 1
2907 3
2908 1
2909 1
2910 1
2911 4
2912 3
2913 1
2914 1
2915 1
2916 1
2917 1
2918 3
2919 6
2920 1
2921 2
2922 1
2923 1
2924 1
2925 6
2926 1
2927 1
2928 2
2929 1
2930 1
2931 2
2932 1
2933 5
2934 1
2935 1
2936 5
2937 4
2938 1
2939 1
2940 1
2941 1
2942 2
2943 1
2944 3
2945 1
2946 5
2947 5
2948 3
2949 1
2950 1
2951 2
2952 1
2953 1
2954 1
2955 1
2956 1
2957 1
2958 1
2959 1
2960 1
2961 1
2962 3
2963 1
2964 1
2965 1
2966 1
2967 1
2968 1
2969 4
2970 1
2971 1
2972 1
2973 1
2974 2
2975 1
2976 3
2977 1
2978 1
2979 1
2980 15
2981 4
2982 1
2983 3
2984 1
2985 3
2986 1
2987 1
2988 1
2989 1
2990 1
2991 2
2992 1
2993 2
2994 1
2995 2
2996 1
2997 1
2998 7
2999 1
3000 1
3001 17
3002 1
3003 13
3004 2
3005 2
3006 2
3007 5
3008 1
3009 2
3010 3
3011 1
3012 1
3013 1
3014 3
3015 17
3016 3
3017 2
3018 1
3019 1
3020 1
3021 3
3022 1
3023 1
3024 1
3025 1
3026 1
3027 1
3028 2
3029 3
3030 1
3031 1
3032 1
3033 1
3034 1
3035 31
3036 1
3037 1
3038 1
3039 1
3040 1
3041 3
3042 3
3043 1
3044 1
3045 1
3046 2
3047 3
3048 1
3049 1
3050 1
3051 4
3052 1
3053 1
3054 2
3055 1
3056 1
3057 1
3058 1
3059 2
3060 5
3061 1
3062 9
3063 1
3064 1
3065 2
3066 2
3067 6
3068 6
3069 2
3070 1
3071 1
3072 2
3073 2
3074 1
3075 1
3076 1
3077 1
3078 1
3079 2
3080 3
