0 1250
1 21
2 5
3 1
4 1
5 1
6 1
7 1
8 2
9 1
10 1
11 2
12 1
13 1
14 1
15 1
16 1
17 1
18 2
19 1
20 2
21 9
22 1
23 1
24 1
25 1
26 1
27 1
28 1
29 1
30 1
31 1
32 2
33 1
34 1
35 1
36 1
37 1
38 7
39 1
40 3
41 1
42 5
43 1
44 2
45 1
46 4
47 1
48 3
49 1
50 5
51 1
52 1
53 4
54 1
55 1
56 2
57 2
58 2
59 1
60 1
61 1
62 1
63 2
64 1
65 1
66 2
67 1
68 1
69 1
70 2
71 2
72 2
73 1
74 2
75 1
76 1
77 5
78 2
79 1
80 2
81 1
82 1
83 2
84 2
85 1
86 1
87 1
88 4
89 2
90 1
91 38
92 1
93 1
94 1
95 1
96 5
97 1
98 9
99 1
100 1
101 4
102 11
103 1
104 1
105 1
106 1
107 3
108 3
109 1
110 1
111 1
112 1
113 1
114 1
115 10
116 1
117 1
118 1
119 1
120 3
121 1
122 1
123 1
124 1
125 1
126 1
127 1
128 5
129 2
130 22
131 1
132 1
133 1
134 1
135 1
136 1
137 2
138 1
139 1
140 1
141 3
142 1
143 1
144 1
145 1
146 1
147 2
148 1
149 1
150 2
151 2
152 1
153 1
154 2
155 1
156 2
157 1
158 2
159 2
160 1
161 1
162 1
163 2
164 1
165 1
166 6
167 1
168 5
169 7
170 1
171 1
172 1
173 2
174 1
175 1
176 8
177 1
178 4
179 1
180 1
181 1
182 1
183 4
184 2
185 3
186 3
187 6
188 1
189 2
190 1
191 1
192 1
193 6
194 6
195 6
196 4
197 1
198 1
199 2
200 1
201 1
202 1
203 4
204 1
205 2
206 1
207 2
208 5
209 1
210 8
211 1
212 1
213 1
214 1
215 1
216 2
217 1
218 3
219 1
220 41
221 1
222 4
223 2
224 1
225 1
226 1
227 3
228 2
229 1
230 2
231 1
232 1
233 2
234 1
235 1
236 1
237 1
238 1
239 4
240 1
241 1
242 1
243 1
244 1
245 1
246 1
247 1
248 1
249 1
250 1
251 2
252 1
253 3
254 1
255 1
256 1
257 34
258 4
259 3
260 11
261 2
262 1
263 2
264 1
265 17
266 2
267 2
268 3
269 1
270 1
271 17
272 1
273 2
274 2
275 1
276 1
277 1
278 1
279 3
280 1
281 2
282 1
283 1
284 1
285 1
286 6
287 1
288 3
289 1
290 1
291 1
292 1
293 1
294 1
295 1
296 3
297 1
298 6
299 1
300 1
301 1
302 1
303 1
304 1
305 1
306 1
307 1
308 1
309 2
310 1
311 1
312 1
313 1
314 1
315 1
316 1
317 7
318 1
319 6
320 1
321 1
322 1
323 2
324 1
325 1
326 3
327 1
328 1
329 1
330 1
331 2
332 1
333 1
334 1
335 1
336 1
337 1
338 8
339 1
340 1
341 2
342 1
343 1
344 2
345 1
346 1
347 1
348 1
349 4
350 3
351 1
352 1
353 1
354 1
355 4
356 1
357 1
358 1
359 1
360 1
361 1
362 1
363 1
364 4
365 1
366 1
367 2
368 2
369 1
370 2
371 1
372 1
373 1
374 1
375 1
376 1
377 1
378 1
379 1
380 1
381 1
382 5
383 4
384 1
385 2
386 1
387 1
388 1
389 2
390 3
391 1
392 1
393 1
394 1
395 3
396 1
397 33
398 3
399 1
400 3
401 1
402 1
403 1
404 2
405 1
406 1
407 1
408 2
409 1
410 12
411 1
412 1
413 4
414 1
415 1
416 2
417 1
418 2
419 1
420 1
421 1
422 1
423 2
424 1
425 1
426 2
427 1
428 1
429 1
430 1
431 1
432 1
433 1
434 2
435 1
436 1
437 1
438 1
439 1
440 2
441 1
442 1
443 1
444 1
445 1
446 1
447 1
448 2
449 1
450 231
451 4
452 1
453 3
454 1
455 2
456 1
457 1
458 1
459 2
460 4
461 4
462 2
463 5
464 1
465 1
466 1
467 2
468 1
469 1
470 1
471 1
472 2
473 1
474 1
475 1
476 1
477 1
478 1
479 2
480 1
481 1
482 1
483 2
484 1
485 2
486 4
487 1
488 2
489 4
490 1
491 3
492 6
493 1
494 4
495 1
496 1
497 1
498 1
499 1
500 1
501 6
502 1
503 12
504 1
505 1
506 1
507 1
508 1
509 1
510 1
511 1
512 1
513 1
514 20
515 67
516 1
517 3
518 1
519 1
520 1
521 1
522 1
523 1
524 1
525 1
526 1
527 1
528 1
529 1
530 1
531 1
532 6
533 2
534 3
535 2
536 1
537 1
538 10
539 3
540 1
541 3
542 1
543 3
544 2
545 11
546 4
547 3
548 1
549 2
550 1
551 2
552 1
553 5
554 4
555 1
556 1
557 1
558 3
559 8
560 4
561 1
562 2
563 1
564 1
565 1
566 1
567 2
568 1
569 1
570 1
571 17
572 3
573 4
574 1
575 1
576 8
577 2
578 1
579 1
580 1
581 1
582 1
583 1
584 1
585 1
586 1
587 2
588 1
589 1
590 3
591 1
592 1
593 13
594 1
595 1
596 1
597 1
598 1
599 1
600 1
601 2
602 1
603 1
604 1
605 1
606 1
607 6
608 1
609 1
610 1
611 1
612 3
613 1
614 1
615 5
616 1
617 1
618 1
619 2
620 1
621 1
622 1
623 1
624 1
625 1
626 2
627 1
628 2
629 1
630 1
631 1
632 1
633 1
634 1
635 2
636 1
637 6
638 1
639 1
640 1
641 2
642 1
643 5
644 1
645 1
646 4
647 1
648 1
649 1
650 1
651 1
652 1
653 1
654 1
655 120
656 1
657 2
658 1
659 1
660 1
661 2
662 1
663 1
664 1
665 1
666 1
667 1
668 1
669 1
670 1
671 1
672 6
673 1
674 3
675 1
676 7
677 1
678 1
679 1
680 1
681 3
682 5
683 1
684 1
685 2
686 3
687 4
688 34
689 1
690 8
691 2
692 1
693 1
694 5
695 1
696 2
697 8
698 3
699 1
700 2
701 2
702 1
703 1
704 1
705 1
706 1
707 1
708 1
709 1
710 1
711 1
712 2
713 1
714 1
715 5
716 2
717 1
718 2
719 1
720 1
721 1
722 3
723 1
724 1
725 5
726 14
727 1
728 15
729 1
730 1
731 1
732 2
733 1
734 1
735 1
736 1
737 1
738 7
739 1
740 1
741 5
742 1
743 4
744 1
745 1
746 1
747 1
748 1
749 1
750 2
751 1
752 1
753 1
754 1
755 1
756 1
757 1
758 2
759 1
760 1
761 3
762 2
763 1
764 2
765 1
766 1
767 2
768 2
769 1
770 1
771 1
772 1
773 1
774 15
775 1
776 1
777 2
778 1
779 1
780 2
781 1
782 2
783 1
784 2
785 2
786 1
787 1
788 1
789 2
790 9
791 1
792 8
793 1
794 1
795 1
796 1
797 1
798 1
799 2
800 2
801 1
802 2
803 1
804 1
805 1
806 1
807 3
808 1
809 1
810 1
811 3
812 4
813 1
814 1
815 1
816 1
817 2
818 1
819 1
820 2
821 1
822 1
823 1
824 2
825 1
826 1
827 5
828 1
829 1
830 2
831 1
832 29
833 1
834 16
835 1
836 1
837 1
838 2
839 2
840 2
841 1
842 1
843 1
844 9
845 1
846 1
847 1
848 1
849 1
850 2
851 1
852 1
853 2
854 1
855 1
856 1
857 1
858 2
859 2
860 22
861 1
862 1
863 1
864 1
865 14
866 8
867 4
868 1
869 12
870 1
871 1
872 34
873 1
874 13
875 2
876 1
877 1
878 6
879 8
880 4
881 2
882 1
883 1
884 1
885 2
886 1
887 1
888 3
889 1
890 1
891 1
892 3
893 1
894 1
895 1
896 1
897 2
898 1
899 6
900 1
901 1
902 1
903 1
904 1
905 1
906 1
907 4
908 1
909 1
910 1
911 1
912 122
913 1
914 18
915 1
916 2
917 1
918 1
919 1
920 1
921 2
922 1
923 1
924 1
925 1
926 1
927 1
928 1
929 1
930 14
931 2
932 1
933 1
934 1
935 1
936 1
937 2
938 1
939 1
940 1
941 2
942 1
943 5
944 22
945 2
946 1
947 1
948 1
949 1
950 2
951 2
952 1
953 2
954 1
955 2
956 1
957 1
958 5
959 5
960 1
961 1
962 1
963 1
964 1
965 1
966 1
967 1
968 1
969 1
970 1
971 1
972 1
973 1
974 1
975 1
976 1
977 1
978 1
979 1
980 1
981 40
982 3
983 1
984 1
985 2
986 1
987 2
988 1
989 1
990 2
991 1
992 1
993 1
994 1
995 1
996 1
997 7
998 1
999 1
1000 5
1001 1
1002 2
1003 2
1004 3
1005 1
1006 1
1007 4
1008 2
1009 1
1010 1
1011 1
1012 7
1013 1
1014 1
1015 2
1016 1
1017 18
1018 1
1019 3
1020 1
1021 2
1022 1
1023 1
1024 1
1025 1
1026 1
1027 7
1028 2
1029 1
1030 1
1031 5
1032 1
1033 1
1034 1
1035 2
1036 2
1037 3
1038 1
1039 2
1040 1
1041 1
1042 1
1043 2
1044 1
1045 1
1046 1
1047 1
1048 1
1049 1
1050 1
1051 4
1052 6
1053 1
1054 13
1055 5
1056 2
1057 2
1058 1
1059 1
1060 4
1061 2
1062 1
1063 1
1064 1
1065 1
1066 1
1067 1
1068 1
1069 1
1070 1
1071 1
1072 3
1073 3
1074 1
1075 5
1076 1
1077 20
1078 1
1079 1
1080 1
1081 1
1082 1
1083 1
1084 3
1085 1
1086 1
1087 1
1088 20
1089 1
1090 5
1091 1
1092 1
1093 1
1094 1
1095 1
1096 2
1097 1
1098 2
1099 1
1100 2
1101 1
1102 2
1103 1
1104 1
1105 1
1106 1
1107 2
1108 1
1109 2
1110 2
1111 1
1112 4
1113 4
1114 1
1115 3
1116 2
1117 2
1118 1
1119 1
1120 3
1121 1
1122 3
1123 2
1124 2
1125 1
1126 3
1127 2
1128 1
1129 3
1130 1
1131 1
1132 46
1133 1
1134 3
1135 2
1136 1
1137 1
1138 1
1139 2
1140 1
1141 1
1142 1
1143 1
1144 1
1145 1
1146 1
1147 5
1148 1
1149 1
1150 1
1151 2
1152 1
1153 1
1154 8
1155 4
1156 1
1157 1
1158 3
1159 2
1160 2
1161 8
1162 2
1163 1
1164 4
1165 1
1166 1
1167 2
1168 4
1169 1
1170 1
1171 2
1172 1
1173 1
1174 1
1175 1
1176 1
1177 1
1178 1
1179 1
1180 4
1181 1
1182 1
1183 1
1184 2
1185 1
1186 1
1187 3
1188 5
1189 1
1190 1
1191 2
1192 1
1193 1
1194 1
1195 1
1196 1
1197 1
1198 1
1199 1
1200 1
1201 1
1202 1
1203 2
1204 3
1205 1
1206 1
1207 1
1208 1
1209 2
1210 1
1211 1
1212 1
1213 1
1214 1
1215 1
1216 1
1217 2
1218 1
1219 1
1220 2
1221 1
1222 1
1223 1
1224 1
1225 1
1226 2
1227 1
1228 4
1229 1
1230 1
1231 1
1232 1
1233 1
1234 1
1235 1
1236 1
1237 1
1238 1
1239 1
1240 1
1241 1
1242 2
1243 1
1244 1
1245 1
1246 1
1247 4
1248 1
1249 1
1250 1
1251 1
1252 1
1253 3
1254 1
1255 1
1256 1
1257 1
1258 1
1259 3
1260 4
1261 1
1262 2
1263 1
1264 1
1265 32
1266 1
1267 1
1268 1
1269 1
1270 1
1271 17
1272 1
1273 1
1274 1
1275 1
1276 2
1277 2
1278 2
1279 1
1280 2
1281 1
1282 3
1283 7
1284 1
1285 1
1286 1
1287 1
1288 1
1289 1
1290 1
1291 1
1292 1
1293 267
1294 2
1295 2
1296 1
1297 1
1298 10
1299 1
1300 6
1301 1
1302 2
1303 1
1304 1
1305 1
1306 1
1307 2
1308 2
1309 3
1310 1
1311 5
1312 1
1313 1
1314 2
1315 1
1316 1
1317 1
1318 6
1319 1
1320 1
1321 1
1322 5
1323 1
1324 1
1325 1
1326 1
1327 1
1328 1
1329 1
1330 1
1331 1
1332 1
1333 2
1334 2
1335 1
1336 1
1337 1
1338 1
1339 1
1340 2
1341 1
1342 24
1343 1
1344 1
1345 1
1346 3
1347 2
1348 2
1349 1
1350 7
1351 5
1352 1
1353 1
1354 2
1355 1
1356 1
1357 5
1358 1
1359 1
1360 1
1361 1
1362 1
1363 1
1364 1
1365 1
1366 1
1367 1
1368 1
1369 1
1370 1
1371 1
1372 2
1373 1
1374 1
1375 1
1376 1
1377 1
1378 1
1379 1
1380 9
1381 1
1382 2
1383 4
1384 1
1385 3
1386 1
1387 1
1388 1
1389 1
1390 1
1391 1
1392 1
1393 1
1394 5
1395 2
1396 1
1397 2
1398 2
1399 1
1400 1
1401 1
1402 4
1403 1
1404 1
1405 2
1406 1
1407 1
1408 1
1409 4
1410 2
1411 1
1412 1
1413 2
1414 30
1415 2
1416 1
1417 1
1418 1
1419 4
1420 1
1421 1
1422 2
1423 1
1424 1
1425 1
1426 1
1427 1
1428 2
1429 1
1430 2
1431 3
1432 1
1433 1
1434 1
1435 1
1436 1
1437 1
1438 1
1439 1
1440 1
1441 1
1442 2
1443 1
1444 2
1445 1
1446 1
1447 1
1448 1
1449 1
1450 1
1451 1
1452 1
1453 1
1454 1
1455 3
1456 1
1457 10
1458 1
1459 2
1460 1
1461 1
1462 1
1463 2
1464 1
1465 1
1466 1
1467 1
1468 2
1469 2
1470 2
1471 1
1472 1
1473 1
1474 1
1475 1
1476 2
1477 1
1478 1
1479 1
1480 1
1481 1
1482 1
1483 1
1484 1
1485 2
1486 2
1487 3
1488 1
1489 1
1490 1
1491 1
1492 1
1493 1
1494 1
1495 7
1496 12
1497 1
1498 2
1499 1
1500 1
1501 2
1502 5
1503 1
1504 9
1505 7
1506 4
1507 3
1508 1
1509 5
1510 3
1511 3
1512 1
1513 1
1514 1
1515 1
1516 1
1517 232
1518 1
1519 2
1520 4
1521 1
1522 1
1523 2
1524 1
1525 1
1526 1
1527 1
1528 1
1529 1
1530 1
1531 1
1532 1
1533 1
1534 1
1535 1
1536 1
1537 1
1538 1
1539 3
1540 1
1541 6
1542 1
1543 1
1544 1
1545 1
1546 1
1547 1
1548 1
1549 1
1550 1
1551 1
1552 1
1553 1
1554 2
1555 1
1556 1
1557 1
1558 1
1559 1
1560 1
1561 2
1562 3
1563 1
1564 3
1565 5
1566 2
1567 1
1568 12
1569 6
1570 1
1571 1
1572 1
1573 3
1574 5
1575 1
1576 1
1577 1
1578 1
1579 1
1580 22
1581 1
1582 2
1583 1
1584 1
1585 1
1586 1
1587 1
1588 2
1589 2
1590 3
1591 3
1592 1
1593 1
1594 1
1595 1
1596 2
1597 1
1598 1
1599 1
1600 1
1601 2
1602 1
1603 1
1604 7
1605 1
1606 1
1607 19
1608 1
1609 1
1610 1
1611 2
1612 3
1613 3
1614 2
1615 5
1616 2
1617 1
1618 1
1619 1
1620 1
1621 5
1622 1
1623 1
1624 1
1625 1
1626 1
1627 2
1628 1
1629 1
1630 1
1631 1
1632 5
1633 1
1634 2
1635 1
1636 1
1637 1
1638 1
1639 1
1640 1
1641 2
1642 15
1643 2
1644 1
1645 1
1646 7
1647 1
1648 2
1649 3
1650 6
1651 1
1652 1
1653 2
1654 1
1655 1
1656 1
1657 4
1658 2
1659 1
1660 1
1661 2
1662 4
1663 1
1664 2
1665 2
1666 3
1667 1
1668 4
1669 1
1670 1
1671 1
1672 2
1673 1
1674 2
1675 3
1676 3
1677 1
1678 1
1679 2
1680 1
1681 1
1682 5
1683 2
1684 1
1685 1
1686 1
1687 1
1688 1
1689 3
1690 1
1691 1
1692 2
1693 1
1694 1
1695 1
1696 1
1697 1
1698 1
1699 1
1700 1
1701 1
1702 1
1703 1
1704 1
1705 17
1706 1
1707 2
1708 32
1709 1
1710 1
1711 1
1712 4
1713 9
1714 2
1715 1
1716 1
1717 4
1718 3
1719 3
1720 1
1721 1
1722 1
1723 2
1724 1
1725 1
1726 1
1727 1
1728 3
1729 1
1730 1
1731 9
1732 2
1733 4
1734 5
1735 4
1736 1
1737 1
1738 6
1739 1
1740 2
1741 1
1742 1
1743 1
1744 1
1745 1
1746 1
1747 1
1748 1
1749 1
1750 1
1751 1
1752 2
1753 1
1754 1
1755 1
1756 1
1757 3
1758 1
1759 1
1760 1
1761 2
1762 4
1763 1
1764 1
1765 1
1766 4
1767 1
1768 3
1769 3
1770 2
1771 2
1772 1
1773 3
1774 1
1775 1
1776 1
1777 1
1778 8
1779 1
1780 2
1781 1
1782 1
1783 2
1784 1
1785 1
1786 1
1787 2
1788 5
1789 1
1790 3
1791 6
1792 1
1793 1
1794 13
1795 1
1796 1
1797 4
1798 1
1799 3
1800 3
1801 1
1802 1
1803 1
1804 3
1805 1
1806 2
1807 1
1808 1
1809 1
1810 6
1811 2
1812 2
1813 2
1814 2
1815 1
1816 2
1817 1
1818 4
1819 26
1820 8
1821 1
1822 1
1823 1
1824 1
1825 1
1826 4
1827 2
1828 2
1829 1
1830 1
1831 1
1832 1
1833 1
1834 1
1835 1
1836 1
1837 1
1838 7
1839 1
1840 1
1841 1
1842 3
1843 1
1844 6
1845 2
1846 3
1847 3
1848 1
1849 1
1850 2
1851 1
1852 1
1853 1
1854 1
1855 1
1856 7
1857 1
1858 1
1859 1
1860 1
1861 1
1862 2
1863 2
1864 1
1865 2
1866 2
1867 1
1868 1
1869 2
1870 1
1871 1
1872 2
1873 1
1874 1
1875 1
1876 1
1877 4
1878 1
1879 1
1880 1
1881 9
1882 2
1883 1
1884 2
1885 4
1886 2
1887 1
1888 8
1889 2
1890 1
1891 1
1892 3
1893 2
1894 1
1895 1
1896 1
1897 1
1898 1
1899 1
1900 1
1901 1
1902 1
1903 3
1904 1
1905 1
1906 1
1907 2
1908 3
1909 2
1910 1
1911 1
1912 1
1913 2
1914 2
1915 1
1916 1
1917 1
1918 1
1919 1
1920 1
1921 1
1922 2
1923 12
1924 1
1925 1
1926 1
1927 1
1928 1
1929 2
1930 1
1931 2
1932 1
1933 1
1934 2
1935 1
1936 1
1937 6
1938 39
1939 3
1940 3
1941 1
1942 1
1943 2
1944 4
1945 1
1946 1
1947 1
1948 1
1949 1
1950 1
1951 1
1952 1
1953 1
1954 1
1955 1
1956 1
1957 3
1958 1
1959 1
1960 1
1961 2
1962 4
1963 2
1964 2
1965 10
1966 1
1967 1
1968 1
1969 1
1970 1
1971 1
1972 1
1973 1
1974 1
1975 1
1976 2
1977 1
1978 1
1979 1
1980 1
1981 1
1982 1
1983 2
1984 2
1985 1
1986 1
1987 3
1988 1
1989 1
1990 1
1991 2
1992 1
1993 1
1994 1
1995 1
1996 1
1997 1
1998 1
1999 1
2000 12
2001 1
2002 1
2003 1
2004 1
2005 1
2006 1
2007 1
2008 2
2009 1
2010 1
2011 1
2012 1
2013 3
2014 2
2015 1
2016 4
2017 1
2018 7
2019 1
2020 2
2021 25
2022 8
2023 1
2024 3
2025 3
2026 3
2027 2
2028 1
2029 1
2030 1
2031 4
2032 1
2033 15
2034 6
2035 4
2036 1
2037 1
2038 9
2039 1
2040 1
2041 1
2042 21
2043 1
2044 1
2045 1
2046 1
2047 4
2048 1
2049 1
2050 1
2051 1
2052 2
2053 1
2054 2
2055 1
2056 5
2057 2
2058 1
2059 1
2060 5
2061 1
2062 1
2063 2
2064 2
2065 1
2066 1
2067 3
2068 1
2069 1
2070 2
2071 1
2072 1
2073 2
2074 1
2075 2
2076 2
2077 4
2078 1
2079 13
2080 1
2081 1
2082 1
2083 1
2084 2
2085 1
2086 1
2087 2
2088 1
2089 1
2090 1
2091 2
2092 2
2093 1
2094 1
2095 2
2096 1
2097 2
2098 2
2099 1
2100 2
2101 448
2102 1
2103 1
2104 1
2105 1
2106 1
2107 2
2108 8
2109 3
2110 2
2111 2
2112 1
2113 1
2114 1
2115 1
2116 1
2117 1
2118 2
2119 1
2120 3
2121 1
2122 2
2123 4
2124 1
2125 5
2126 2
2127 2
2128 1
2129 2
2130 1
2131 1
2132 1
2133 1
2134 1
2135 1
2136 1
2137 1
2138 13
2139 1
2140 2
2141 2
2142 2
2143 1
2144 2
2145 1
2146 1
2147 1
2148 1
2149 1
2150 1
2151 1
2152 1
2153 1
2154 1
2155 1
2156 1
2157 1
2158 1
2159 9
2160 1
2161 3
2162 2
2163 1
2164 1
2165 2
2166 1
2167 10
2168 1
2169 1
2170 1
2171 1
2172 1
2173 1
2174 9
2175 2
2176 1
2177 1
2178 7
2179 2
2180 3
2181 2
2182 1
2183 1
2184 1
2185 1
2186 1
2187 1
2188 1
2189 1
2190 2
2191 1
2192 1
2193 1
2194 1
2195 1
2196 1
2197 1
2198 2
2199 1
2200 1
2201 2
2202 1
2203 1
2204 1
2205 1
2206 1
2207 1
2208 1
2209 2
2210 2
2211 14
2212 1
2213 1
2214 1
2215 17
2216 1
2217 3
2218 1
2219 1
2220 1
2221 1
2222 1
2223 1
2224 1
2225 1
2226 1
2227 1
2228 8
2229 2
2230 1
2231 4
2232 1
2233 1
2234 1
2235 1
2236 1
2237 1
2238 2
2239 2
2240 2
2241 8
2242 6
2243 1
2244 1
2245 1
2246 1
2247 1
2248 5
2249 2
2250 20
2251 2
2252 4
2253 1
2254 2
2255 2
2256 2
2257 1
2258 2
2259 1
2260 1
2261 1
2262 6
2263 2
2264 5
2265 15
2266 1
2267 1
2268 2
2269 1
2270 1
2271 1
2272 2
2273 1
2274 2
2275 2
2276 1
2277 1
2278 1
2279 2
2280 1
2281 1
2282 1
2283 2
2284 7
2285 1
2286 1
2287 1
2288 1
2289 1
2290 1
2291 1
2292 3
2293 1
2294 1
2295 6
2296 1
2297 1
2298 2
2299 1
2300 1
2301 4
2302 1
2303 1
2304 1
2305 1
2306 2
2307 1
2308 4
2309 1
2310 2
2311 3
2312 3
2313 1
2314 1
2315 1
2316 1
2317 1
2318 1
2319 2
2320 3
2321 1
2322 4
2323 1
2324 3
2325 1
2326 1
2327 2
2328 1
2329 1
2330 1
2331 1
2332 16
2333 1
2334 3
2335 1
2336 1
2337 2
2338 1
2339 1
2340 1
2341 1
2342 2
2343 1
2344 1
2345 2
2346 3
2347 1
2348 1
2349 1
2350 1
2351 1
2352 18
2353 1
2354 5
2355 1
2356 1
2357 1
2358 1
2359 1
2360 3
2361 1
2362 1
2363 1
2364 1
2365 1
2366 1
2367 1
2368 3
2369 3
2370 1
2371 2
2372 1
2373 1
2374 1
2375 2
2376 3
2377 1
2378 2
2379 1
2380 1
2381 1
2382 1
2383 1
2384 1
2385 1
2386 1
2387 13
2388 2
2389 1
2390 1
2391 1
2392 3
2393 27
2394 1
2395 1
2396 1
2397 2
2398 1
2399 5
2400 1
2401 1
2402 1
2403 1
2404 2
2405 1
2406 2
2407 2
2408 1
2409 1
2410 1
2411 4
2412 1
2413 1
2414 2
2415 1
2416 1
2417 1
2418 1
2419 3
2420 1
2421 1
2422 1
2423 3
2424 2
2425 2
2426 1
2427 1
2428 1
2429 1
2430 1
2431 1
2432 69
2433 5
2434 2
2435 2
2436 9
2437 1
2438 1
2439 1
2440 1
2441 1
2442 1
2443 2
2444 1
2445 1
2446 1
2447 1
2448 1
2449 1
2450 1
2451 2
2452 1
2453 2
2454 1
2455 1
2456 1
2457 1
2458 1
2459 1
2460 1
2461 5
2462 1
2463 2
2464 1
2465 1
2466 1
2467 1
2468 4
2469 1
2470 1
2471 2
2472 1
2473 1
2474 1
2475 2
2476 4
2477 1
2478 2
2479 1
2480 1
2481 2
2482 14
2483 1
2484 1
2485 1
2486 1
2487 1
2488 1
2489 1
2490 1
2491 2
2492 1
2493 2
2494 1
2495 1
2496 2
2497 1
2498 1
2499 2
2500 1
2501 2
2502 1
2503 1
2504 1
2505 1
2506 1
2507 1
2508 11
2509 1
2510 2
2511 1
2512 1
2513 1
2514 3
2515 1
2516 1
2517 2
2518 2
2519 2
2520 1
2521 1
2522 1
2523 1
2524 1
2525 1
2526 1
2527 1
2528 1
2529 2
2530 1
2531 1
2532 1
2533 1
2534 1
2535 2
2536 4
2537 1
2538 1
2539 2
2540 1
2541 1
2542 1
2543 1
2544 10
2545 1
2546 1
2547 1
2548 1
2549 1
2550 1
2551 1
2552 1
2553 5
2554 2
2555 9
2556 10
2557 1
2558 1
2559 1
2560 19
2561 1
2562 1
2563 5
2564 1
2565 2
2566 2
2567 8
2568 45
2569 1
2570 2
2571 1
2572 1
2573 3
2574 1
2575 1
2576 2
2577 1
2578 1
2579 1
2580 1
2581 1
2582 1
2583 1
2584 1
2585 1
2586 1
2587 1
2588 1
2589 1
2590 14
2591 1
2592 3
2593 6
2594 2
2595 1
2596 1
2597 1
2598 3
2599 1
2600 1
2601 1
2602 1
2603 2
2604 1
2605 2
2606 1
2607 1
2608 8
2609 1
2610 1
2611 1
2612 2
2613 1
2614 2
2615 1
2616 1
2617 1
2618 3
2619 3
2620 1
2621 2
2622 1
2623 3
2624 4
2625 1
2626 2
2627 4
2628 1
2629 1
2630 1
2631 2
2632 1
2633 1
2634 1
2635 1
2636 1
2637 1
2638 1
2639 1
2640 1
2641 3
2642 4
2643 1
2644 1
2645 1
2646 1
2647 1
2648 1
2649 1
2650 1
2651 1
2652 1
2653 1
2654 2
2655 2
2656 1
2657 1
2658 1
2659 4
2660 1
2661 6
2662 2
2663 2
2664 2
2665 2
2666 7
2667 2
2668 3
2669 1
2670 1
2671 1
2672 1
2673 2
2674 1
2675 1
2676 1
2677 1
2678 1
2679 1
2680 1
2681 1
2682 1
2683 1
2684 1
2685 1
2686 2
2687 15
2688 1
2689 1
2690 1
2691 3
2692 4
2693 1
2694 1
2695 1
2696 4
2697 1
2698 2
2699 1
2700 1
2701 1
2702 10
2703 1
2704 1
2705 4
2706 3
2707 1
2708 1
2709 1
2710 2
2711 1
2712 1
2713 1
2714 2
2715 1
2716 1
2717 1
2718 1
2719 1
2720 1
2721 1
2722 1
2723 1
2724 2
2725 1
2726 1
2727 1
2728 1
2729 3
2730 1
2731 21
2732 2
2733 1
2734 2
2735 1
2736 1
2737 1
2738 2
2739 2
2740 1
2741 2
2742 1
2743 4
2744 5
2745 1
2746 1
2747 2
2748 1
2749 1
2750 1
2751 1
2752 1
2753 1
2754 9
2755 1
2756 2
2757 1
2758 1
2759 2
2760 1
2761 9
2762 1
2763 1
2764 18
2765 1
2766 1
2767 1
2768 1
2769 1
2770 1
2771 1
2772 1
2773 1
2774 2
2775 1
2776 1
2777 1
2778 1
2779 1
2780 2
2781 1
2782 2
2783 1
2784 1
2785 1
2786 2
2787 14
2788 4
2789 2
2790 2
2791 6
2792 1
2793 2
2794 3
2795 1
2796 2
2797 1
2798 3
2799 35
2800 3
2801 5
2802 1
2803 1
2804 6
2805 1
2806 2
2807 1
2808 1
2809 1
2810 1
2811 37
2812 37
2813 11
2814 2
2815 2
2816 1
2817 1
2818 1
2819 1
2820 3
2821 13
2822 2
2823 1
2824 3
2825 1
2826 1
2827 1
2828 1
2829 1
2830 17
2831 2
2832 1
2833 1
2834 2
2835 1
2836 1
2837 1
2838 1
2839 1
2840 1
2841 2
2842 1
2843 1
2844 1
2845 1
2846 1
2847 1
2848 1
2849 5
2850 1
2851 1
2852 1
2853 1
2854 1
2855 1
2856 1
2857 1
2858 2
2859 1
2860 4
2861 3
2862 3
2863 6
2864 2
2865 2
2866 1
2867 1
2868 5
2869 3
2870 1
2871 1
2872 1
2873 1
2874 1
2875 1
2876 1
2877 2
2878 1
2879 4
2880 14
2881 1
2882 1
2883 1
2884 1
2885 231
2886 1
2887 1
2888 1
2889 2
2890 1
2891 1
2892 2
2893 1
2894 1
2895 2
2896 1
2897 1
2898 1
2899 1
2900 1
2901 1
2902 1
2903 1
2904 1
2905 1
2906 1
2907 1
2908 1
2909 1
2910 3
2911 1
2912 1
2913 1
2914 1
2915 1
2916 1
2917 3
2918 2
2919 1
2920 1
2921 1
2922 4
2923 1
2924 1
2925 1
2926 1
2927 1
2928 1
2929 1
2930 1
2931 1
2932 1
2933 1
2934 1
2935 1
2936 1
2937 1
2938 1
2939 2
2940 21
2941 2
2942 1
2943 1
2944 3
2945 2
2946 1
2947 12
2948 1
2949 1
2950 2
2951 5
2952 1
2953 2
2954 1
2955 1
2956 5
2957 1
2958 1
2959 1
2960 1
2961 4
2962 1
2963 1
2964 1
2965 5
2966 1
2967 2
2968 1
2969 2
2970 3
2971 2
2972 2
2973 1
2974 1
2975 2
2976 2
2977 4
2978 1
2979 2
2980 1
2981 23
2982 1
2983 1
2984 1
2985 1
2986 1
2987 1
2988 1
2989 1
2990 5
2991 1
2992 1
2993 2
2994 9
2995 1
2996 3
2997 1
2998 1
2999 1
3000 1
3001 1
3002 14
3003 2
3004 1
3005 1
3006 3
3007 1
3008 2
3009 3
3010 2
3011 3
3012 3
3013 1
3014 1
3015 1
3016 2
3017 9
3018 1
3019 1
3020 1
3021 3
3022 2
3023 2
3024 1
3025 2
3026 1
3027 2
3028 1
3029 1
3030 1
3031 2
3032 1
3033 2
3034 1
3035 1
3036 2
3037 1
3038 1
3039 3
3040 1
3041 5
3042 1
3043 2
3044 1
3045 3
3046 2
3047 1
3048 2
3049 2
3050 1
3051 33
3052 13
3053 1
3054 1
3055 1
3056 3
3057 12
3058 1
3059 1
3060 1
3061 1
3062 1
3063 1
3064 3
3065 1
3066 1
3067 2
3068 1
3069 1
3070 1
3071 2
3072 4
3073 4
3074 2
3075 1
3076 1
3077 2
3078 2
3079 12
3080 1
3081 1
3082 5
3083 1
3084 1
3085 1
3086 1
3087 1
3088 2
3089 2
3090 1
3091 1
3092 1
3093 1
3094 2
3095 1
3096 1
3097 1
3098 6
3099 1
3100 10
3101 2
3102 1
3103 1
3104 4
3105 8
3106 1
3107 26
3108 1
3109 1
3110 1
3111 16
3112 1
3113 2
3114 1
3115 1
3116 1
3117 1
3118 8
3119 1
3120 1
3121 1
3122 3
3123 1
3124 1
3125 3
3126 7
3127 1
3128 4
3129 1
3130 1
3131 2
3132 1
3133 1
3134 1
3135 2
3136 1
3137 1
3138 1
3139 1
3140 1
3141 7
3142 1
3143 2
3144 1
3145 1
3146 1
3147 1
3148 1
3149 2
3150 26
3151 1
3152 1
3153 1
3154 2
3155 1
3156 1
3157 3
3158 1
3159 1
3160 1
3161 1
3162 1
3163 2
3164 5
3165 1
3166 1
3167 1
3168 3
3169 1
3170 1
3171 4
3172 1
3173 2
3174 1
3175 4
3176 1
3177 1
3178 3
3179 1
3180 9
3181 1
3182 2
3183 1
3184 1
3185 1
3186 1
3187 1
3188 9
3189 9
3190 1
3191 2
3192 1
3193 1
3194 2
3195 1
3196 2
3197 1
3198 1
3199 1
