0 1346
1 1
2 35
3 2
4 1
5 2
6 1
7 2
8 1
9 2
10 1
11 1
12 1
13 1
14 1
15 1
16 1
17 1
18 1
19 1
20 1
21 2
22 7
23 1
24 1
25 1
26 1
27 1
28 1
29 1
30 1
31 1
32 3
33 2
34 1
35 1
36 1
37 1
38 1
39 1
40 2
41 1
42 1
43 6
44 1
45 2
46 1
47 1
48 1
49 1
50 2
51 1
52 1
53 1
54 9
55 1
56 1
57 2
58 1
59 1
60 3
61 2
62 1
63 1
64 1
65 36
66 1
67 1
68 1
69 1
70 4
71 2
72 2
73 1
74 1
75 1
76 1
77 1
78 1
79 4
80 1
81 1
82 1
83 1
84 1
85 1
86 2
87 1
88 1
89 1
90 1
91 1
92 1
93 1
94 1
95 2
96 41
97 1
98 1
99 1
100 1
101 1
102 2
103 1
104 3
105 1
106 1
107 1
108 1
109 6
110 1
111 1
112 7
113 2
114 1
115 1
116 1
117 3
118 5
119 1
120 1
121 1
122 1
123 6
124 1
125 1
126 1
127 1
128 10
129 3
130 1
131 4
132 1
133 1
134 1
135 1
136 1
137 1
138 4
139 1
140 18
141 1
142 7
143 8
144 1
145 3
146 1
147 3
148 1
149 2
150 2
151 1
152 1
153 1
154 2
155 1
156 4
157 1
158 1
159 1
160 1
161 1
162 2
163 1
164 2
165 1
166 1
167 1
168 1
169 1
170 1
171 1
172 1
173 1
174 1
175 2
176 1
177 1
178 2
179 5
180 1
181 10
182 1
183 1
184 2
185 1
186 1
187 1
188 1
189 2
190 1
191 1
192 1
193 3
194 1
195 1
196 2
197 5
198 1
199 4
200 1
201 1
202 7
203 2
204 1
205 2
206 1
207 3
208 1
209 1
210 1
211 4
212 6
213 1
214 1
215 1
216 1
217 1
218 9
219 1
220 1
221 1
222 2
223 1
224 2
225 1
226 2
227 2
228 1
229 32
230 1
231 1
232 2
233 2
234 2
235 2
236 1
237 4
238 1
239 1
240 1
241 1
242 2
243 1
244 1
245 1
246 1
247 1
248 3
249 3
250 4
251 2
252 1
253 3
254 1
255 1
256 1
257 3
258 1
259 1
260 2
261 1
262 1
263 1
264 1
265 1
266 3
267 1
268 1
269 3
270 1
271 1
272 1
273 1
274 32
275 1
276 8
277 1
278 1
279 1
280 3
281 10
282 1
283 1
284 3
285 2
286 15
287 1
288 1
289 4
290 2
291 1
292 5
293 1
294 7
295 3
296 2
297 1
298 1
299 7
300 1
301 1
302 2
303 2
304 1
305 2
306 2
307 2
308 1
309 1
310 1
311 1
312 1
313 4
314 1
315 9
316 2
317 1
318 6
319 1
320 1
321 3
322 4
323 1
324 1
325 4
326 4
327 2
328 3
329 1
330 1
331 2
332 1
333 1
334 1
335 2
336 1
337 4
338 2
339 1
340 2
341 1
342 5
343 2
344 1
345 1
346 1
347 1
348 14
349 1
350 1
351 1
352 1
353 2
354 1
355 1
356 1
357 8
358 2
359 1
360 9
361 1
362 1
363 1
364 1
365 1
366 1
367 2
368 1
369 1
370 1
371 1
372 1
373 1
374 1
375 1
376 1
377 1
378 1
379 1
380 1
381 1
382 1
383 1
384 2
385 1
386 1
387 1
388 1
389 1
390 1
391 2
392 3
393 8
394 1
395 1
396 2
397 3
398 1
399 1
400 1
401 1
402 1
403 1
404 1
405 2
406 1
407 1
408 5
409 1
410 1
411 1
412 2
413 1
414 1
415 18
416 1
417 7
418 1
419 3
420 1
421 1
422 1
423 1
424 2
425 1
426 1
427 15
428 1
429 1
430 1
431 1
432 1
433 1
434 1
435 1
436 1
437 1
438 1
439 1
440 1
441 1
442 1
443 6
444 1
445 1
446 1
447 1
448 2
449 1
450 1
451 1
452 1
453 1
454 1
455 1
456 1
457 1
458 2
459 1
460 1
461 1
462 1
463 1
464 1
465 4
466 1
467 1
468 2
469 1
470 1
471 1
472 1
473 1
474 1
475 3
476 1
477 1
478 1
479 1
480 1
481 1
482 1
483 2
484 2
485 1
486 1
487 3
488 3
489 2
490 1
491 1
492 1
493 1
494 5
495 8
496 1
497 1
498 1
499 1
500 1
501 1
502 1
503 1
504 3
505 5
506 2
507 1
508 11
509 1
510 1
511 5
512 1
513 1
514 14
515 1
516 5
517 1
518 1
519 1
520 2
521 1
522 1
523 1
524 1
525 2
526 1
527 1
528 3
529 27
530 48
531 1
532 1
533 1
534 1
535 3
536 1
537 1
538 1
539 1
540 1
541 1
542 10
543 1
544 3
545 1
546 1
547 1
548 1
549 1
550 1
551 5
552 1
553 1
554 1
555 2
556 1
557 11
558 1
559 7
560 12
561 1
562 1
563 1
564 14
565 4
566 1
567 1
568 2
569 3
570 1
571 1
572 6
573 8
574 2
575 1
576 4
577 3
578 1
579 1
580 1
581 1
582 3
583 1
584 4
585 1
586 1
587 1
588 1
589 1
590 21
591 1
592 5
593 1
594 1
595 1
596 1
597 1
598 8
599 1
600 1
601 2
602 1
603 1
604 1
605 1
606 2
607 3
608 2
609 1
610 1
611 1
612 1
613 1
614 6
615 1
616 1
617 1
618 1
619 326
620 1
621 7
622 1
623 1
624 1
625 1
626 1
627 1
628 2
629 1
630 1
631 1
632 3
633 15
634 1
635 1
636 1
637 1
638 1
639 1
640 1
641 1
642 1
643 1
644 3
645 1
646 1
647 1
648 2
649 1
650 1
651 2
652 1
653 1
654 1
655 1
656 1
657 1
658 2
659 2
660 1
661 2
662 1
663 1
664 1
665 4
666 1
667 1
668 1
669 5
670 2
671 1
672 1
673 1
674 6
675 1
676 1
677 3
678 1
679 106
680 1
681 2
682 1
683 6
684 1
685 1
686 1
687 1
688 2
689 1
690 1
691 2
692 1
693 2
694 3
695 1
696 1
697 1
698 1
699 1
700 3
701 2
702 1
703 3
704 1
705 1
706 1
707 4
708 1
709 2
710 31
711 1
712 6
713 1
714 1
715 1
716 2
717 1
718 2
719 1
720 2
721 1
722 5
723 1
724 1
725 1
726 1
727 1
728 1
729 1
730 1
731 1
732 1
733 1
734 1
735 1
736 1
737 1
738 1
739 1
740 1
741 1
742 2
743 1
744 2
745 1
746 1
747 1
748 2
749 1
750 1
751 1
752 1
753 1
754 1
755 1
756 1
757 8
758 15
759 1
760 2
761 2
762 1
763 1
764 1
765 1
766 1
767 1
768 1
769 1
770 1
771 1
772 1
773 1
774 1
775 3
776 1
777 1
778 2
779 1
780 1
781 2
782 1
783 1
784 1
785 1
786 1
787 1
788 1
789 1
790 6
791 1
792 1
793 3
794 1
795 1
796 1
797 1
798 1
799 2
800 1
801 1
802 1
803 1
804 1
805 1
806 2
807 1
808 2
809 1
810 1
811 1
812 1
813 1
814 1
815 3
816 1
817 2
818 1
819 1
820 2
821 1
822 1
823 2
824 1
825 1
826 13
827 1
828 1
829 1
830 4
831 2
832 2
833 5
834 1
835 1
836 1
837 1
838 1
839 1
840 1
841 1
842 2
843 1
844 6
845 1
846 1
847 1
848 1
849 3
850 1
851 1
852 1
853 1
854 1
855 1
856 1
857 1
858 1
859 1
860 4
861 4
862 6
863 2
864 5
865 1
866 32
867 11
868 1
869 4
870 2
871 1
872 1
873 1
874 2
875 5
876 1
877 1
878 1
879 1
880 1
881 4
882 1
883 2
884 3
885 1
886 1
887 2
888 2
889 1
890 1
891 1
892 1
893 1
894 1
895 1
896 2
897 1
898 4
899 1
900 1
901 2
902 1
903 1
904 1
905 2
906 7
907 2
908 1
909 2
910 1
911 1
912 2
913 1
914 1
915 1
916 1
917 1
918 2
919 1
920 2
921 2
922 6
923 1
924 1
925 3
926 1
927 2
928 1
929 1
930 1
931 1
932 1
933 1
934 1
935 1
936 1
937 1
938 1
939 1
940 4
941 3
942 8
943 1
944 1
945 2
946 1
947 1
948 1
949 2
950 1
951 1
952 1
953 1
954 2
955 2
956 19
957 1
958 4
959 1
960 2
961 1
962 1
963 1
964 1
965 1
966 9
967 1
968 1
969 1
970 1
971 1
972 1
973 6
974 5
975 5
976 13
977 1
978 1
979 1
980 1
981 1
982 1
983 5
984 1
985 1
986 1
987 1
988 1
989 1
990 1
991 1
992 3
993 2
994 12
995 1
996 1
997 2
998 2
999 1
1000 1
1001 2
1002 1
1003 1
1004 2
1005 1
1006 1
1007 1
1008 1
1009 2
1010 1
1011 1
1012 1
1013 1
1014 1
1015 1
1016 1
1017 3
1018 1
1019 1
1020 1
1021 3
1022 2
1023 3
1024 1
1025 3
1026 5
1027 1
1028 1
1029 1
1030 1
1031 4
1032 5
1033 1
1034 1
1035 3
1036 1
1037 4
1038 1
1039 1
1040 1
1041 1
1042 1
1043 4
1044 1
1045 1
1046 1
1047 1
1048 1
1049 1
1050 1
1051 1
1052 3
1053 1
1054 1
1055 12
1056 23
1057 3
1058 1
1059 1
1060 1
1061 2
1062 1
1063 6
1064 1
1065 3
1066 1
1067 1
1068 1
1069 1
1070 1
1071 3
1072 1
1073 1
1074 1
1075 1
1076 1
1077 3
1078 1
1079 1
1080 1
1081 1
1082 1
1083 1
1084 1
1085 1
1086 1
1087 7
1088 2
1089 4
1090 1
1091 2
1092 4
1093 1
1094 2
1095 5
1096 1
1097 1
1098 1
1099 2
1100 1
1101 1
1102 2
1103 2
1104 3
1105 1
1106 1
1107 1
1108 1
1109 1
1110 1
1111 8
1112 1
1113 1
1114 1
1115 1
1116 1
1117 1
1118 1
1119 1
1120 1
1121 1
1122 2
1123 2
1124 1
1125 29
1126 2
1127 1
1128 3
1129 3
1130 1
1131 6
1132 7
1133 1
1134 3
1135 1
1136 4
1137 1
1138 2
1139 2
1140 1
1141 3
1142 1
1143 2
1144 1
1145 1
1146 1
1147 1
1148 1
1149 1
1150 5
1151 3
1152 3
1153 1
1154 1
1155 3
1156 1
1157 3
1158 1
1159 1
1160 3
1161 1
1162 1
1163 1
1164 1
1165 2
1166 6
1167 1
1168 1
1169 1
1170 1
1171 46
1172 1
1173 1
1174 1
1175 3
1176 3
1177 2
1178 1
1179 1
1180 1
1181 1
1182 6
1183 1
1184 1
1185 1
1186 1
1187 1
1188 1
1189 1
1190 3
1191 1
1192 1
1193 1
1194 1
1195 3
1196 5
1197 1
1198 1
1199 3
1200 1
1201 1
1202 1
1203 1
1204 1
1205 1
1206 1
1207 2
1208 1
1209 1
1210 1
1211 1
1212 1
1213 2
1214 1
1215 1
1216 1
1217 2
1218 1
1219 1
1220 1
1221 2
1222 1
1223 1
1224 1
1225 1
1226 1
1227 1
1228 12
1229 5
1230 1
1231 2
1232 1
1233 1
1234 2
1235 1
1236 1
1237 1
1238 1
1239 1
1240 1
1241 12
1242 1
1243 1
1244 1
1245 1
1246 1
1247 1
1248 1
1249 1
1250 1
1251 1
1252 1
1253 1
1254 2
1255 1
1256 2
1257 1
1258 1
1259 1
1260 1
1261 1
1262 1
1263 3
1264 1
1265 7
1266 1
1267 1
1268 3
1269 1
1270 2
1271 1
1272 1
1273 1
1274 2
1275 1
1276 1
1277 3
1278 1
1279 1
1280 1
1281 1
1282 5
1283 1
1284 2
1285 1
1286 1
1287 4
1288 1
1289 1
1290 1
1291 2
1292 2
1293 1
1294 41
1295 1
1296 1
1297 1
1298 1
1299 1
1300 1
1301 4
1302 1
1303 2
1304 3
1305 2
1306 1
1307 1
1308 1
1309 1
1310 1
1311 1
1312 1
1313 1
1314 1
1315 1
1316 1
1317 3
1318 1
1319 292
1320 1
1321 1
1322 1
1323 20
1324 1
1325 3
1326 1
1327 1
1328 1
1329 1
1330 2
1331 2
1332 5
1333 2
1334 1
1335 1
1336 1
1337 1
1338 2
1339 1
1340 1
1341 1
1342 1
1343 1
1344 1
1345 1
1346 1
1347 1
1348 3
1349 1
1350 1
1351 1
1352 1
1353 1
1354 1
1355 2
1356 1
1357 1
1358 1
1359 1
1360 1
1361 5
1362 1
1363 1
1364 1
1365 3
1366 33
1367 1
1368 2
1369 1
1370 1
1371 1
1372 1
1373 1
1374 1
1375 1
1376 2
1377 1
1378 2
1379 1
1380 2
1381 1
1382 3
1383 1
1384 3
1385 1
1386 1
1387 1
1388 1
1389 5
1390 1
1391 1
1392 1
1393 1
1394 1
1395 1
1396 1
1397 1
1398 1
1399 1
1400 1
1401 1
1402 4
1403 2
1404 1
1405 4
1406 1
1407 7
1408 1
1409 1
1410 2
1411 2
1412 1
1413 2
1414 3
1415 1
1416 2
1417 1
1418 1
1419 2
1420 1
1421 7
1422 1
1423 1
1424 1
1425 2
1426 1
1427 1
1428 1
1429 5
1430 1
1431 1
1432 1
1433 2
1434 22
1435 2
1436 1
1437 4
1438 1
1439 1
1440 4
1441 1
1442 2
1443 1
1444 1
1445 3
1446 1
1447 1
1448 5
1449 1
1450 1
1451 4
1452 1
1453 2
1454 1
1455 1
1456 3
1457 1
1458 1
1459 3
1460 4
1461 8
1462 1
1463 1
1464 1
1465 1
1466 8
1467 2
1468 1
1469 1
1470 3
1471 1
1472 1
1473 1
1474 14
1475 3
1476 1
1477 1
1478 3
1479 1
1480 1
1481 1
1482 3
1483 1
1484 1
1485 1
1486 1
1487 1
1488 1
1489 1
1490 1
1491 1
1492 3
1493 1
1494 2
1495 1
1496 2
1497 1
1498 2
1499 1
1500 3
1501 1
1502 1
1503 1
1504 1
1505 3
1506 11
1507 3
1508 1
1509 1
1510 1
1511 1
1512 1
1513 7
1514 1
1515 1
1516 1
1517 1
1518 5
1519 1
1520 1
1521 1
1522 1
1523 2
1524 7
1525 1
1526 3
1527 1
1528 3
1529 1
1530 2
1531 2
1532 1
1533 2
1534 1
1535 1
1536 1
1537 1
1538 2
1539 3
1540 1
1541 3
1542 1
1543 1
1544 2
1545 1
1546 1
1547 1
1548 1
1549 1
1550 1
1551 1
1552 1
1553 1
1554 1
1555 1
1556 1
1557 1
1558 2
1559 6
1560 1
1561 4
1562 1
1563 1
1564 1
1565 1
1566 3
1567 1
1568 1
1569 1
1570 2
1571 1
1572 1
1573 1
1574 1
1575 1
1576 1
1577 4
1578 1
1579 7
1580 6
1581 2
1582 1
1583 1
1584 1
1585 1
1586 2
1587 6
1588 1
1589 1
1590 1
1591 1
1592 4
1593 25
1594 1
1595 1
1596 1
1597 1
1598 1
1599 2
1600 1
1601 5
1602 1
1603 1
1604 1
1605 10
1606 1
1607 3
1608 1
1609 1
1610 2
1611 7
1612 2
1613 1
1614 1
1615 9
1616 1
1617 2
1618 1
1619 1
1620 5
1621 2
1622 1
1623 1
1624 1
1625 2
1626 4
1627 19
1628 1
1629 1
1630 1
1631 1
1632 3
1633 1
1634 1
1635 2
1636 1
1637 1
1638 1
1639 2
1640 3
1641 7
1642 3
1643 1
1644 1
1645 10
1646 1
1647 1
1648 4
1649 3
1650 1
1651 2
1652 3
1653 1
1654 1
1655 1
1656 1
1657 1
1658 1
1659 1
1660 6
1661 1
1662 1
1663 5
1664 1
1665 1
1666 1
1667 1
1668 1
1669 1
1670 3
1671 1
1672 1
1673 2
1674 1
1675 1
1676 1
1677 1
1678 5
1679 2
1680 1
1681 2
1682 1
1683 1
1684 1
1685 3
1686 5
1687 5
1688 2
1689 3
1690 1
1691 2
1692 2
1693 2
1694 1
1695 1
1696 1
1697 3
1698 1
1699 1
1700 1
1701 2
1702 4
1703 1
1704 1
1705 20
1706 4
1707 1
1708 33
1709 1
1710 1
1711 1
1712 1
1713 3
1714 11
1715 2
1716 1
1717 1
1718 1
1719 5
1720 1
1721 1
1722 1
1723 6
1724 2
1725 1
1726 1
1727 1
1728 1
1729 1
1730 1
1731 1
1732 1
1733 6
1734 1
1735 1
1736 1
1737 2
1738 1
1739 4
1740 1
1741 13
1742 1
1743 1
1744 1
1745 1
1746 2
1747 3
1748 1
1749 3
1750 1
1751 10
1752 1
1753 1
1754 1
1755 1
1756 1
1757 2
1758 1
1759 1
1760 1
1761 1
1762 1
1763 1
1764 1
1765 1
1766 1
1767 1
1768 1
1769 1
1770 1
1771 1
1772 2
1773 1
1774 1
1775 1
1776 1
1777 1
1778 1
1779 1
1780 1
1781 1
1782 3
1783 1
1784 1
1785 1
1786 2
1787 1
1788 2
1789 2
1790 2
1791 1
1792 4
1793 2
1794 1
1795 2
1796 1
1797 1
1798 1
1799 10
1800 1
1801 4
1802 2
1803 5
1804 1
1805 1
1806 8
1807 1
1808 2
1809 1
1810 1
1811 1
1812 1
1813 1
1814 2
1815 2
1816 1
1817 1
1818 1
1819 1
1820 1
1821 1
1822 1
1823 2
1824 1
1825 1
1826 5
1827 1
1828 1
1829 1
1830 2
1831 1
1832 6
1833 1
1834 1
1835 1
1836 1
1837 1
1838 4
1839 1
1840 1
1841 1
1842 1
1843 2
1844 1
1845 9
1846 1
1847 5
1848 1
1849 1
1850 10
1851 1
1852 2
1853 4
1854 1
1855 2
1856 1
1857 1
1858 2
1859 1
1860 1
1861 1
1862 2
1863 1
1864 2
1865 2
1866 1
1867 1
1868 1
1869 1
1870 2
1871 1
1872 1
1873 1
1874 1
1875 2
1876 2
1877 1
1878 3
1879 1
1880 1
1881 1
1882 1
1883 1
1884 1
1885 1
1886 1
1887 1
1888 1
1889 2
1890 1
1891 1
1892 1
1893 1
1894 1
1895 1
1896 1
1897 1
1898 1
1899 1
1900 1
1901 6
1902 1
1903 3
1904 1
1905 1
1906 1
1907 1
1908 1
1909 6
1910 1
1911 1
1912 1
1913 2
1914 1
1915 1
1916 1
1917 3
1918 1
1919 1
1920 3
1921 1
1922 2
1923 11
1924 1
1925 3
1926 24
1927 1
1928 3
1929 1
1930 1
1931 1
1932 3
1933 1
1934 1
1935 1
1936 1
1937 1
1938 1
1939 1
1940 2
1941 4
1942 4
1943 44
1944 1
1945 1
1946 1
1947 14
1948 1
1949 2
1950 1
1951 1
1952 1
1953 2
1954 2
1955 1
1956 4
1957 1
1958 1
1959 1
1960 1
1961 1
1962 1
1963 1
1964 1
1965 1
1966 1
1967 1
1968 2
1969 1
1970 1
1971 3
1972 1
1973 1
1974 9
1975 1
1976 1
1977 2
1978 12
1979 1
1980 1
1981 1
1982 1
1983 1
1984 1
1985 1
1986 1
1987 2
1988 1
1989 1
1990 2
1991 1
1992 1
1993 1
1994 1
1995 1
1996 1
1997 2
1998 2
1999 1
2000 1
2001 1
2002 1
2003 1
2004 1
2005 1
2006 4
2007 1
2008 2
2009 1
2010 1
2011 19
2012 1
2013 1
2014 2
2015 5
2016 2
2017 1
2018 1
2019 2
2020 1
2021 3
2022 3
2023 1
2024 2
2025 1
2026 1
2027 5
2028 1
2029 1
2030 1
2031 24
2032 5
2033 1
2034 4
2035 1
2036 1
2037 1
2038 3
2039 1
2040 19
2041 1
2042 7
2043 2
2044 10
2045 1
2046 20
2047 1
2048 2
2049 1
2050 1
2051 1
2052 1
2053 1
2054 1
2055 2
2056 1
2057 6
2058 1
2059 14
2060 1
2061 1
2062 1
2063 1
2064 1
2065 1
2066 3
2067 2
2068 33
2069 1
2070 1
2071 1
2072 1
2073 2
2074 1
2075 5
2076 2
2077 1
2078 1
2079 1
2080 2
2081 1
2082 2
2083 3
2084 1
2085 1
2086 1
2087 2
2088 2
2089 1
2090 1
2091 2
2092 2
2093 1
2094 3
2095 1
2096 1
2097 1
2098 1
2099 1
2100 1
2101 1
2102 2
2103 1
2104 3
2105 1
2106 1
2107 3
2108 426
2109 1
2110 1
2111 1
2112 1
2113 2
2114 2
2115 2
2116 5
2117 1
2118 1
2119 2
2120 1
2121 1
2122 1
2123 1
2124 1
2125 1
2126 1
2127 2
2128 3
2129 1
2130 1
2131 1
2132 1
2133 1
2134 1
2135 1
2136 2
2137 1
2138 1
2139 1
2140 1
2141 1
2142 1
2143 2
2144 1
2145 1
2146 4
2147 2
2148 2
2149 2
2150 1
2151 1
2152 1
2153 1
2154 1
2155 1
2156 1
2157 5
2158 3
2159 1
2160 2
2161 2
2162 1
2163 1
2164 10
2165 1
2166 2
2167 1
2168 1
2169 1
2170 2
2171 1
2172 2
2173 1
2174 1
2175 8
2176 1
2177 1
2178 1
2179 1
2180 1
2181 2
2182 1
2183 1
2184 1
2185 1
2186 2
2187 1
2188 2
2189 1
2190 1
2191 1
2192 1
2193 2
2194 1
2195 1
2196 1
2197 1
2198 1
2199 3
2200 1
2201 1
2202 1
2203 18
2204 1
2205 1
2206 1
2207 1
2208 1
2209 1
2210 12
2211 2
2212 1
2213 3
2214 1
2215 1
2216 2
2217 1
2218 1
2219 1
2220 1
2221 1
2222 1
2223 1
2224 1
2225 1
2226 1
2227 1
2228 1
2229 1
2230 1
2231 1
2232 3
2233 4
2234 1
2235 1
2236 2
2237 1
2238 1
2239 3
2240 1
2241 3
2242 1
2243 1
2244 1
2245 1
2246 1
2247 3
2248 2
2249 2
2250 1
2251 1
2252 2
2253 1
2254 3
2255 1
2256 2
2257 1
2258 1
2259 1
2260 1
2261 2
2262 1
2263 2
2264 1
2265 7
2266 14
2267 1
2268 1
2269 1
2270 1
2271 2
2272 1
2273 1
2274 3
2275 1
2276 1
2277 1
2278 1
2279 2
2280 1
2281 1
2282 1
2283 1
2284 1
2285 2
2286 1
2287 6
2288 2
2289 1
2290 1
2291 4
2292 1
2293 1
2294 1
2295 1
2296 2
2297 1
2298 1
2299 1
2300 1
2301 1
2302 1
2303 1
2304 1
2305 1
2306 1
2307 1
2308 1
2309 1
2310 1
2311 1
2312 2
2313 1
2314 1
2315 1
2316 1
2317 1
2318 1
2319 1
2320 1
2321 2
2322 1
2323 1
2324 13
2325 1
2326 1
2327 1
2328 1
2329 1
2330 2
2331 1
2332 2
2333 1
2334 1
2335 1
2336 3
2337 4
2338 1
2339 2
2340 1
2341 10
2342 1
2343 1
2344 1
2345 1
2346 3
2347 1
2348 1
2349 1
2350 1
2351 1
2352 1
2353 3
2354 1
2355 1
2356 1
2357 1
2358 1
2359 20
2360 2
2361 1
2362 1
2363 1
2364 2
2365 2
2366 1
2367 1
2368 1
2369 1
2370 1
2371 1
2372 2
2373 3
2374 1
2375 1
2376 1
2377 4
2378 1
2379 2
2380 1
2381 13
2382 1
2383 1
2384 3
2385 1
2386 1
2387 1
2388 1
2389 8
2390 1
2391 1
2392 1
2393 1
2394 1
2395 2
2396 1
2397 1
2398 1
2399 1
2400 2
2401 1
2402 179
2403 6
2404 1
2405 3
2406 9
2407 2
2408 1
2409 3
2410 1
2411 1
2412 1
2413 1
2414 1
2415 3
2416 1
2417 1
2418 1
2419 1
2420 1
2421 1
2422 1
2423 5
2424 1
2425 1
2426 3
2427 1
2428 1
2429 5
2430 1
2431 1
2432 65
2433 4
2434 2
2435 3
2436 4
2437 1
2438 1
2439 1
2440 1
2441 1
2442 1
2443 8
2444 1
2445 3
2446 3
2447 9
2448 1
2449 1
2450 1
2451 1
2452 1
2453 1
2454 1
2455 1
2456 1
2457 1
2458 1
2459 2
2460 1
2461 1
2462 1
2463 14
2464 1
2465 1
2466 1
2467 1
2468 1
2469 1
2470 2
2471 1
2472 2
2473 1
2474 1
2475 1
2476 4
2477 1
2478 2
2479 2
2480 12
2481 1
2482 3
2483 2
2484 1
2485 1
2486 1
2487 1
2488 2
2489 1
2490 1
2491 3
2492 1
2493 1
2494 17
2495 1
2496 2
2497 1
2498 1
2499 1
2500 1
2501 1
2502 1
2503 1
2504 1
2505 1
2506 3
2507 1
2508 1
2509 1
2510 6
2511 1
2512 1
2513 1
2514 1
2515 1
2516 1
2517 2
2518 2
2519 1
2520 1
2521 1
2522 1
2523 1
2524 1
2525 1
2526 1
2527 1
2528 1
2529 2
2530 4
2531 1
2532 1
2533 3
2534 1
2535 1
2536 1
2537 2
2538 3
2539 2
2540 2
2541 1
2542 1
2543 21
2544 1
2545 1
2546 1
2547 1
2548 1
2549 1
2550 1
2551 1
2552 5
2553 2
2554 11
2555 2
2556 1
2557 1
2558 2
2559 2
2560 1
2561 21
2562 1
2563 2
2564 2
2565 1
2566 3
2567 1
2568 1
2569 1
2570 1
2571 7
2572 1
2573 38
2574 1
2575 1
2576 1
2577 1
2578 1
2579 1
2580 1
2581 1
2582 1
2583 1
2584 1
2585 4
2586 3
2587 1
2588 2
2589 1
2590 3
2591 2
2592 3
2593 1
2594 2
2595 1
2596 2
2597 1
2598 1
2599 1
2600 1
2601 1
2602 3
2603 1
2604 4
2605 2
2606 2
2607 1
2608 1
2609 1
2610 1
2611 1
2612 2
2613 1
2614 1
2615 5
2616 1
2617 1
2618 1
2619 1
2620 1
2621 1
2622 1
2623 2
2624 1
2625 1
2626 1
2627 1
2628 5
2629 2
2630 1
2631 1
2632 1
2633 1
2634 1
2635 1
2636 1
2637 3
2638 1
2639 1
2640 1
2641 5
2642 28
2643 3
2644 1
2645 1
2646 1
2647 1
2648 1
2649 1
2650 1
2651 1
2652 1
2653 1
2654 3
2655 1
2656 1
2657 17
2658 1
2659 1
2660 1
2661 1
2662 1
2663 1
2664 1
2665 2
2666 6
2667 1
2668 2
2669 3
2670 3
2671 1
2672 1
2673 1
2674 1
2675 1
2676 1
2677 1
2678 1
2679 1
2680 1
2681 1
2682 1
2683 2
2684 1
2685 1
2686 1
2687 2
2688 1
2689 1
2690 1
2691 9
2692 1
2693 1
2694 1
2695 1
2696 2
2697 6
2698 1
2699 1
2700 2
2701 1
2702 1
2703 1
2704 1
2705 1
2706 2
2707 1
2708 1
2709 1
2710 6
2711 1
2712 4
2713 1
2714 1
2715 1
2716 1
2717 4
2718 10
2719 1
2720 1
2721 1
2722 2
2723 1
2724 6
2725 1
2726 7
2727 1
2728 1
2729 5
2730 1
2731 2
2732 5
2733 1
2734 1
2735 1
2736 1
2737 1
2738 1
2739 1
2740 2
2741 28
2742 1
2743 1
2744 1
2745 1
2746 1
2747 1
2748 2
2749 3
2750 2
2751 1
2752 1
2753 1
2754 2
2755 1
2756 1
2757 1
2758 6
2759 1
2760 2
2761 1
2762 1
2763 1
2764 1
2765 5
2766 1
2767 1
2768 1
2769 1
2770 1
2771 1
2772 1
2773 1
2774 2
2775 1
2776 14
2777 1
2778 2
2779 1
2780 1
2781 1
2782 1
2783 2
2784 6
2785 1
2786 1
2787 1
2788 1
2789 3
2790 1
2791 1
2792 2
2793 2
2794 2
2795 5
2796 1
2797 1
2798 5
2799 15
2800 1
2801 1
2802 1
2803 1
2804 1
2805 1
2806 1
2807 2
2808 2
2809 1
2810 46
2811 2
2812 1
2813 1
2814 1
2815 1
2816 1
2817 1
2818 1
2819 1
2820 1
2821 1
2822 1
2823 1
2824 45
2825 34
2826 16
2827 1
2828 1
2829 1
2830 4
2831 1
2832 1
2833 2
2834 1
2835 1
2836 6
2837 1
2838 1
2839 1
2840 1
2841 2
2842 1
2843 1
2844 1
2845 1
2846 1
2847 1
2848 1
2849 1
2850 1
2851 17
2852 1
2853 3
2854 4
2855 1
2856 1
2857 1
2858 2
2859 4
2860 1
2861 1
2862 1
2863 1
2864 1
2865 1
2866 5
2867 2
2868 1
2869 1
2870 1
2871 1
2872 1
2873 1
2874 1
2875 4
2876 1
2877 1
2878 1
2879 3
2880 1
2881 3
2882 1
2883 2
2884 1
2885 1
2886 1
2887 1
2888 8
2889 2
2890 2
2891 1
2892 1
2893 1
2894 1
2895 2
2896 11
2897 1
2898 13
2899 1
2900 7
2901 1
2902 2
2903 1
2904 277
2905 1
2906 1
2907 19
2908 6
2909 1
2910 1
2911 1
2912 1
2913 1
2914 1
2915 1
2916 1
2917 1
2918 1
2919 1
2920 1
2921 1
2922 2
2923 5
2924 1
2925 1
2926 1
2927 1
2928 2
2929 1
2930 1
2931 4
2932 1
2933 1
2934 2
2935 1
2936 2
2937 1
2938 1
2939 1
2940 1
2941 1
2942 1
2943 3
2944 1
2945 1
2946 1
2947 7
2948 1
2949 1
2950 1
2951 1
2952 2
2953 1
2954 1
2955 1
2956 1
2957 1
2958 1
2959 3
2960 1
2961 1
2962 1
2963 2
2964 2
2965 2
2966 1
2967 2
2968 1
2969 2
2970 1
2971 1
2972 1
2973 1
2974 2
2975 4
2976 2
2977 3
2978 3
2979 1
2980 25
2981 2
2982 7
2983 1
2984 1
2985 1
2986 1
2987 5
2988 1
2989 1
2990 1
2991 2
2992 2
2993 1
2994 1
2995 1
2996 1
2997 2
2998 1
2999 1
3000 1
3001 1
3002 1
3003 1
3004 1
3005 1
3006 12
3007 1
3008 1
3009 1
3010 1
3011 1
3012 1
3013 1
3014 1
3015 1
3016 3
3017 1
3018 1
3019 1
3020 1
3021 1
3022 1
3023 1
3024 2
3025 1
3026 1
3027 7
3028 1
3029 1
3030 1
3031 2
3032 3
3033 1
3034 1
3035 1
3036 2
3037 2
3038 1
3039 1
3040 1
3041 1
3042 1
3043 1
3044 2
3045 1
3046 2
3047 2
3048 3
3049 1
3050 1
3051 3
3052 1
3053 1
3054 1
3055 1
3056 11
3057 1
3058 3
3059 2
3060 1
3061 1
3062 1
3063 1
3064 2
3065 4
3066 1
3067 1
3068 2
3069 1
3070 1
3071 1
3072 1
3073 1
3074 1
3075 5
3076 1
3077 1
3078 1
3079 1
3080 1
3081 1
3082 1
3083 1
3084 1
3085 4
3086 3
3087 1
3088 3
3089 4
3090 1
3091 10
3092 1
3093 1
3094 1
3095 4
3096 1
3097 3
3098 1
3099 1
3100 1
3101 1
3102 1
3103 2
3104 1
3105 1
3106 1
3107 1
3108 14
3109 2
3110 1
3111 1
3112 2
3113 1
3114 1
3115 1
3116 2
3117 1
3118 22
3119 1
3120 12
3121 2
3122 1
3123 1
3124 3
3125 4
3126 2
3127 2
3128 1
3129 1
3130 3
3131 1
3132 12
3133 1
3134 1
3135 2
3136 1
3137 1
3138 1
3139 1
3140 2
3141 1
3142 7
3143 1
3144 1
3145 1
3146 2
3147 1
3148 1
3149 1
3150 29
3151 1
3152 1
3153 1
3154 1
3155 2
3156 3
3157 1
3158 1
3159 2
3160 2
3161 1
3162 2
3163 1
3164 4
3165 1
3166 1
3167 1
3168 1
3169 1
3170 1
3171 1
3172 7
3173 1
3174 1
3175 4
3176 1
3177 1
3178 2
3179 1
3180 2
3181 2
3182 1
3183 2
3184 8
3185 1
3186 1
3187 1
3188 1
3189 4
3190 10
3191 2
3192 1
3193 1
3194 1
3195 1
3196 1
3197 2
3198 2
3199 1
3200 2
