0 1138
1 1
2 22
3 1
4 1
5 1
6 1
7 1
8 1
9 1
10 1
11 1
12 2
13 2
14 1
15 1
16 1
17 1
18 1
19 12
20 1
21 3
22 1
23 5
24 2
25 1
26 1
27 2
28 1
29 1
30 1
31 1
32 1
33 2
34 2
35 1
36 1
37 3
38 1
39 1
40 1
41 2
42 1
43 1
44 1
45 1
46 1
47 5
48 5
49 1
50 1
51 4
52 1
53 1
54 2
55 2
56 1
57 1
58 2
59 1
60 1
61 1
62 2
63 2
64 1
65 1
66 1
67 1
68 1
69 1
70 1
71 1
72 1
73 2
74 1
75 2
76 1
77 3
78 1
79 1
80 1
81 1
82 2
83 1
84 2
85 1
86 39
87 1
88 2
89 2
90 1
91 1
92 1
93 4
94 1
95 1
96 1
97 1
98 1
99 4
100 1
101 1
102 1
103 1
104 1
105 1
106 6
107 2
108 1
109 1
110 1
111 4
112 4
113 2
114 1
115 2
116 1
117 1
118 1
119 1
120 1
121 1
122 6
123 1
124 1
125 1
126 1
127 5
128 1
129 1
130 1
131 2
132 1
133 6
134 17
135 1
136 1
137 3
138 1
139 9
140 1
141 1
142 1
143 1
144 1
145 1
146 1
147 1
148 1
149 1
150 2
151 3
152 1
153 1
154 2
155 1
156 19
157 2
158 1
159 3
160 4
161 1
162 1
163 1
164 1
165 1
166 1
167 1
168 10
169 9
170 1
171 2
172 1
173 1
174 2
175 1
176 1
177 2
178 1
179 1
180 1
181 1
182 2
183 1
184 3
185 2
186 7
187 1
188 3
189 1
190 2
191 2
192 1
193 7
194 1
195 2
196 1
197 1
198 1
199 1
200 1
201 1
202 1
203 4
204 2
205 3
206 1
207 2
208 6
209 1
210 1
211 1
212 1
213 1
214 1
215 32
216 2
217 2
218 1
219 1
220 5
221 4
222 1
223 2
224 2
225 1
226 1
227 1
228 1
229 1
230 1
231 1
232 1
233 1
234 2
235 1
236 1
237 1
238 1
239 1
240 1
241 1
242 1
243 1
244 2
245 1
246 1
247 48
248 2
249 2
250 3
251 1
252 1
253 1
254 1
255 1
256 7
257 1
258 1
259 1
260 3
261 1
262 1
263 14
264 1
265 1
266 1
267 4
268 1
269 3
270 3
271 13
272 1
273 4
274 1
275 1
276 1
277 1
278 2
279 1
280 6
281 1
282 2
283 2
284 1
285 1
286 1
287 1
288 4
289 1
290 1
291 1
292 1
293 1
294 1
295 1
296 2
297 1
298 1
299 1
300 1
301 2
302 4
303 3
304 1
305 1
306 13
307 1
308 1
309 1
310 1
311 1
312 14
313 1
314 1
315 1
316 1
317 1
318 1
319 2
320 3
321 12
322 1
323 1
324 1
325 1
326 1
327 1
328 1
329 1
330 4
331 6
332 1
333 10
334 1
335 1
336 1
337 1
338 1
339 1
340 1
341 1
342 2
343 1
344 1
345 1
346 1
347 2
348 1
349 1
350 5
351 1
352 1
353 1
354 1
355 3
356 2
357 3
358 3
359 1
360 1
361 2
362 1
363 1
364 1
365 1
366 1
367 1
368 1
369 1
370 1
371 19
372 1
373 3
374 1
375 1
376 1
377 1
378 1
379 1
380 1
381 2
382 9
383 1
384 1
385 2
386 2
387 1
388 1
389 1
390 1
391 2
392 1
393 8
394 1
395 1
396 1
397 1
398 1
399 1
400 2
401 1
402 2
403 2
404 2
405 1
406 1
407 1
408 1
409 1
410 3
411 3
412 1
413 1
414 1
415 2
416 1
417 1
418 2
419 2
420 2
421 1
422 2
423 2
424 1
425 1
426 1
427 1
428 1
429 1
430 2
431 1
432 1
433 1
434 1
435 1
436 1
437 1
438 1
439 1
440 1
441 2
442 1
443 1
444 1
445 1
446 1
447 1
448 2
449 1
450 1
451 1
452 1
453 1
454 1
455 2
456 2
457 1
458 36
459 4
460 7
461 1
462 1
463 3
464 1
465 2
466 1
467 1
468 8
469 1
470 1
471 1
472 2
473 8
474 5
475 6
476 1
477 2
478 1
479 1
480 1
481 2
482 2
483 1
484 3
485 1
486 1
487 1
488 1
489 1
490 1
491 1
492 25
493 59
494 1
495 1
496 1
497 3
498 1
499 2
500 1
501 1
502 1
503 1
504 2
505 1
506 1
507 1
508 3
509 1
510 1
511 1
512 2
513 3
514 1
515 1
516 3
517 2
518 1
519 1
520 7
521 3
522 7
523 1
524 1
525 1
526 1
527 1
528 9
529 1
530 2
531 4
532 1
533 4
534 1
535 2
536 1
537 2
538 1
539 4
540 3
541 1
542 1
543 1
544 1
545 1
546 3
547 2
548 1
549 1
550 14
551 1
552 2
553 1
554 2
555 1
556 1
557 17
558 1
559 1
560 1
561 1
562 2
563 1
564 1
565 1
566 1
567 1
568 1
569 272
570 1
571 9
572 3
573 2
574 5
575 1
576 1
577 1
578 1
579 1
580 1
581 1
582 2
583 1
584 16
585 1
586 1
587 1
588 2
589 2
590 1
591 1
592 2
593 1
594 3
595 2
596 3
597 2
598 1
599 1
600 1
601 1
602 1
603 3
604 1
605 1
606 2
607 1
608 20
609 1
610 1
611 1
612 1
613 1
614 1
615 1
616 1
617 1
618 1
619 2
620 1
621 1
622 1
623 1
624 2
625 1
626 1
627 2
628 1
629 5
630 1
631 1
632 1
633 1
634 1
635 2
636 1
637 1
638 1
639 1
640 1
641 1
642 1
643 3
644 1
645 2
646 2
647 1
648 1
649 2
650 1
651 4
652 20
653 1
654 10
655 1
656 1
657 1
658 1
659 2
660 3
661 5
662 1
663 1
664 1
665 1
666 1
667 1
668 2
669 2
670 1
671 2
672 7
673 1
674 1
675 1
676 1
677 1
678 1
679 1
680 3
681 5
682 10
683 1
684 1
685 1
686 1
687 1
688 1
689 1
690 1
691 1
692 3
693 1
694 1
695 1
696 2
697 3
698 1
699 1
700 3
701 1
702 2
703 1
704 1
705 1
706 1
707 1
708 1
709 1
710 1
711 1
712 1
713 1
714 1
715 2
716 4
717 2
718 1
719 1
720 1
721 1
722 2
723 2
724 1
725 1
726 3
727 2
728 1
729 2
730 1
731 1
732 1
733 1
734 5
735 2
736 1
737 1
738 1
739 1
740 3
741 1
742 6
743 2
744 1
745 1
746 1
747 1
748 1
749 1
750 2
751 4
752 2
753 1
754 2
755 1
756 1
757 1
758 2
759 1
760 1
761 1
762 5
763 1
764 1
765 1
766 2
767 1
768 1
769 1
770 2
771 1
772 1
773 1
774 1
775 15
776 2
777 1
778 1
779 2
780 4
781 1
782 25
783 1
784 14
785 2
786 1
787 2
788 1
789 1
790 2
791 1
792 1
793 1
794 5
795 1
796 2
797 1
798 4
799 1
800 1
801 2
802 1
803 1
804 1
805 1
806 1
807 17
808 1
809 1
810 1
811 1
812 1
813 7
814 13
815 6
816 1
817 1
818 3
819 2
820 1
821 1
822 1
823 3
824 10
825 1
826 4
827 1
828 2
829 1
830 1
831 10
832 1
833 1
834 1
835 2
836 1
837 2
838 1
839 3
840 2
841 2
842 1
843 1
844 1
845 1
846 2
847 10
848 1
849 1
850 1
851 2
852 1
853 1
854 1
855 2
856 2
857 1
858 2
859 15
860 2
861 1
862 1
863 1
864 1
865 1
866 1
867 2
868 1
869 1
870 1
871 11
872 1
873 1
874 1
875 1
876 1
877 1
878 2
879 1
880 2
881 1
882 1
883 1
884 8
885 1
886 5
887 3
888 2
889 7
890 1
891 1
892 1
893 1
894 1
895 1
896 1
897 1
898 1
899 1
900 1
901 1
902 2
903 1
904 7
905 1
906 1
907 2
908 1
909 1
910 3
911 1
912 3
913 1
914 1
915 1
916 2
917 3
918 3
919 1
920 1
921 2
922 1
923 1
924 1
925 1
926 2
927 1
928 2
929 1
930 1
931 1
932 1
933 1
934 3
935 1
936 1
937 1
938 1
939 1
940 1
941 1
942 1
943 2
944 10
945 5
946 1
947 1
948 5
949 1
950 2
951 5
952 1
953 2
954 2
955 1
956 6
957 3
958 24
959 13
960 2
961 1
962 2
963 1
964 1
965 1
966 1
967 5
968 115
969 6
970 3
971 1
972 1
973 1
974 2
975 1
976 1
977 1
978 2
979 1
980 1
981 1
982 1
983 1
984 2
985 1
986 12
987 2
988 1
989 4
990 1
991 7
992 1
993 1
994 1
995 1
996 1
997 2
998 1
999 1
1000 1
1001 1
1002 2
1003 1
1004 1
1005 1
1006 1
1007 2
1008 1
1009 1
1010 1
1011 3
1012 3
1013 1
1014 26
1015 2
1016 1
1017 1
1018 1
1019 1
1020 1
1021 1
1022 1
1023 1
1024 6
1025 1
1026 3
1027 4
1028 1
1029 1
1030 1
1031 1
1032 3
1033 3
1034 1
1035 1
1036 2
1037 1
1038 1
1039 1
1040 1
1041 1
1042 1
1043 2
1044 1
1045 4
1046 2
1047 1
1048 2
1049 2
1050 1
1051 3
1052 1
1053 1
1054 1
1055 1
1056 1
1057 1
1058 4
1059 1
1060 1
1061 4
1062 1
1063 34
1064 1
1065 2
1066 1
1067 1
1068 1
1069 1
1070 1
1071 1
1072 2
1073 2
1074 2
1075 1
1076 1
1077 2
1078 2
1079 1
1080 1
1081 1
1082 6
1083 1
1084 1
1085 2
1086 2
1087 1
1088 4
1089 1
1090 1
1091 1
1092 1
1093 1
1094 1
1095 1
1096 1
1097 1
1098 4
1099 2
1100 2
1101 1
1102 1
1103 1
1104 1
1105 2
1106 1
1107 1
1108 1
1109 1
1110 7
1111 1
1112 1
1113 2
1114 1
1115 1
1116 1
1117 2
1118 1
1119 3
1120 2
1121 1
1122 2
1123 1
1124 1
1125 1
1126 1
1127 1
1128 2
1129 1
1130 1
1131 1
1132 1
1133 2
1134 1
1135 1
1136 2
1137 1
1138 1
1139 2
1140 1
1141 6
1142 1
1143 1
1144 1
1145 2
1146 1
1147 1
1148 1
1149 2
1150 1
1151 1
1152 3
1153 1
1154 1
1155 6
1156 2
1157 1
1158 1
1159 1
1160 6
1161 1
1162 1
1163 1
1164 1
1165 1
1166 2
1167 1
1168 1
1169 1
1170 5
1171 1
1172 1
1173 1
1174 1
1175 1
1176 2
1177 1
1178 1
1179 3
1180 1
1181 1
1182 2
1183 1
1184 33
1185 1
1186 3
1187 1
1188 1
1189 1
1190 1
1191 1
1192 2
1193 1
1194 1
1195 1
1196 1
1197 2
1198 1
1199 1
1200 1
1201 3
1202 1
1203 3
1204 1
1205 1
1206 1
1207 1
1208 1
1209 1
1210 1
1211 1
1212 1
1213 3
1214 254
1215 1
1216 12
1217 4
1218 1
1219 1
1220 1
1221 1
1222 1
1223 1
1224 2
1225 1
1226 1
1227 8
1228 1
1229 1
1230 1
1231 1
1232 1
1233 1
1234 2
1235 1
1236 1
1237 1
1238 1
1239 1
1240 1
1241 1
1242 1
1243 1
1244 1
1245 1
1246 1
1247 2
1248 2
1249 1
1250 1
1251 1
1252 1
1253 1
1254 1
1255 1
1256 1
1257 1
1258 1
1259 1
1260 1
1261 2
1262 2
1263 1
1264 4
1265 1
1266 1
1267 2
1268 5
1269 1
1270 4
1271 1
1272 1
1273 1
1274 2
1275 1
1276 3
1277 1
1278 1
1279 2
1280 1
1281 1
1282 1
1283 1
1284 3
1285 1
1286 1
1287 1
1288 1
1289 2
1290 1
1291 1
1292 1
1293 6
1294 1
1295 3
1296 2
1297 1
1298 1
1299 3
1300 1
1301 12
1302 1
1303 2
1304 3
1305 1
1306 1
1307 2
1308 2
1309 1
1310 1
1311 1
1312 1
1313 3
1314 6
1315 1
1316 1
1317 3
1318 2
1319 1
1320 1
1321 1
1322 3
1323 1
1324 1
1325 1
1326 1
1327 2
1328 7
1329 1
1330 26
1331 1
1332 1
1333 1
1334 1
1335 1
1336 1
1337 1
1338 1
1339 1
1340 1
1341 1
1342 3
1343 3
1344 1
1345 1
1346 2
1347 1
1348 1
1349 1
1350 1
1351 4
1352 1
1353 4
1354 2
1355 2
1356 2
1357 7
1358 1
1359 1
1360 1
1361 2
1362 1
1363 4
1364 1
1365 1
1366 2
1367 1
1368 1
1369 1
1370 1
1371 1
1372 13
1373 3
1374 1
1375 1
1376 2
1377 3
1378 2
1379 2
1380 2
1381 1
1382 2
1383 1
1384 1
1385 1
1386 1
1387 2
1388 3
1389 1
1390 1
1391 1
1392 1
1393 1
1394 1
1395 1
1396 1
1397 1
1398 1
1399 1
1400 2
1401 2
1402 2
1403 1
1404 2
1405 1
1406 1
1407 1
1408 2
1409 1
1410 1
1411 11
1412 1
1413 1
1414 1
1415 2
1416 1
1417 1
1418 1
1419 6
1420 1
1421 1
1422 1
1423 9
1424 1
1425 1
1426 4
1427 2
1428 1
1429 2
1430 4
1431 1
1432 1
1433 2
1434 4
1435 1
1436 1
1437 3
1438 1
1439 1
1440 3
1441 1
1442 1
1443 1
1444 1
1445 1
1446 1
1447 1
1448 1
1449 1
1450 2
1451 1
1452 7
1453 1
1454 5
1455 1
1456 1
1457 1
1458 1
1459 1
1460 1
1461 1
1462 1
1463 3
1464 1
1465 4
1466 1
1467 1
1468 1
1469 5
1470 2
1471 1
1472 1
1473 2
1474 1
1475 1
1476 1
1477 2
1478 1
1479 1
1480 1
1481 2
1482 1
1483 1
1484 2
1485 1
1486 1
1487 1
1488 1
1489 9
1490 1
1491 1
1492 1
1493 1
1494 1
1495 6
1496 1
1497 4
1498 1
1499 1
1500 1
1501 2
1502 3
1503 1
1504 26
1505 1
1506 3
1507 1
1508 1
1509 1
1510 1
1511 1
1512 1
1513 2
1514 5
1515 1
1516 1
1517 1
1518 1
1519 1
1520 1
1521 1
1522 2
1523 2
1524 1
1525 3
1526 1
1527 1
1528 1
1529 2
1530 9
1531 2
1532 2
1533 4
1534 1
1535 1
1536 3
1537 2
1538 1
1539 5
1540 1
1541 1
1542 2
1543 1
1544 1
1545 1
1546 1
1547 1
1548 6
1549 1
1550 1
1551 1
1552 2
1553 1
1554 1
1555 3
1556 3
1557 1
1558 1
1559 1
1560 3
1561 1
1562 1
1563 3
1564 1
1565 1
1566 1
1567 2
1568 3
1569 1
1570 1
1571 1
1572 1
1573 6
1574 1
1575 1
1576 1
1577 1
1578 3
1579 1
1580 13
1581 1
1582 1
1583 1
1584 32
1585 47
1586 1
1587 1
1588 1
1589 1
1590 4
1591 11
1592 1
1593 1
1594 2
1595 3
1596 1
1597 1
1598 1
1599 1
1600 1
1601 1
1602 3
1603 1
1604 1
1605 4
1606 2
1607 1
1608 1
1609 1
1610 4
1611 1
1612 1
1613 1
1614 1
1615 5
1616 7
1617 5
1618 3
1619 1
1620 1
1621 1
1622 1
1623 1
1624 20
1625 2
1626 3
1627 1
1628 1
1629 1
1630 5
1631 1
1632 2
1633 2
1634 2
1635 1
1636 1
1637 2
1638 1
1639 1
1640 4
1641 1
1642 1
1643 1
1644 8
1645 1
1646 2
1647 1
1648 1
1649 1
1650 2
1651 1
1652 1
1653 1
1654 4
1655 1
1656 1
1657 1
1658 6
1659 2
1660 3
1661 1
1662 2
1663 2
1664 1
1665 1
1666 1
1667 1
1668 2
1669 2
1670 1
1671 1
1672 1
1673 1
1674 7
1675 1
1676 1
1677 1
1678 2
1679 1
1680 1
1681 1
1682 1
1683 6
1684 1
1685 1
1686 10
1687 2
1688 1
1689 1
1690 3
1691 1
1692 1
1693 1
1694 1
1695 29
1696 2
1697 6
1698 2
1699 1
1700 3
1701 1
1702 2
1703 1
1704 1
1705 1
1706 1
1707 1
1708 3
1709 5
1710 1
1711 1
1712 4
1713 1
1714 3
1715 7
1716 1
1717 1
1718 1
1719 2
1720 2
1721 1
1722 1
1723 1
1724 1
1725 16
1726 1
1727 1
1728 2
1729 1
1730 1
1731 3
1732 1
1733 7
1734 1
1735 1
1736 1
1737 1
1738 6
1739 2
1740 4
1741 1
1742 1
1743 1
1744 1
1745 1
1746 1
1747 1
1748 1
1749 1
1750 1
1751 1
1752 2
1753 2
1754 1
1755 1
1756 1
1757 2
1758 1
1759 1
1760 1
1761 1
1762 1
1763 1
1764 2
1765 2
1766 1
1767 2
1768 3
1769 1
1770 1
1771 1
1772 24
1773 1
1774 1
1775 1
1776 1
1777 1
1778 3
1779 6
1780 1
1781 1
1782 1
1783 2
1784 3
1785 1
1786 1
1787 2
1788 1
1789 1
1790 3
1791 2
1792 1
1793 1
1794 3
1795 1
1796 1
1797 2
1798 1
1799 1
1800 1
1801 1
1802 3
1803 1
1804 1
1805 1
1806 1
1807 20
1808 1
1809 11
1810 1
1811 1
1812 1
1813 1
1814 1
1815 1
1816 1
1817 1
1818 1
1819 1
1820 1
1821 2
1822 3
1823 3
1824 33
1825 2
1826 1
1827 1
1828 1
1829 1
1830 1
1831 1
1832 1
1833 8
1834 1
1835 4
1836 3
1837 1
1838 1
1839 3
1840 1
1841 3
1842 2
1843 1
1844 1
1845 1
1846 1
1847 1
1848 1
1849 1
1850 1
1851 1
1852 1
1853 1
1854 2
1855 1
1856 1
1857 1
1858 2
1859 2
1860 1
1861 4
1862 1
1863 2
1864 10
1865 3
1866 10
1867 1
1868 1
1869 1
1870 2
1871 1
1872 1
1873 1
1874 1
1875 1
1876 1
1877 2
1878 1
1879 2
1880 1
1881 1
1882 1
1883 1
1884 1
1885 2
1886 1
1887 1
1888 1
1889 1
1890 1
1891 12
1892 1
1893 1
1894 1
1895 3
1896 1
1897 1
1898 1
1899 1
1900 3
1901 1
1902 1
1903 4
1904 1
1905 1
1906 1
1907 1
1908 1
1909 1
1910 1
1911 1
1912 1
1913 4
1914 1
1915 1
1916 1
1917 31
1918 2
1919 2
1920 1
1921 5
1922 1
1923 2
1924 1
1925 1
1926 1
1927 1
1928 8
1929 2
1930 2
1931 1
1932 18
1933 5
1934 1
1935 35
1936 1
1937 1
1938 3
1939 1
1940 1
1941 1
1942 1
1943 2
1944 1
1945 1
1946 1
1947 1
1948 1
1949 1
1950 2
1951 1
1952 1
1953 1
1954 1
1955 1
1956 1
1957 1
1958 1
1959 2
1960 1
1961 1
1962 6
1963 2
1964 1
1965 2
1966 4
1967 1
1968 1
1969 1
1970 1
1971 1
1972 6
1973 2
1974 1
1975 1
1976 6
1977 2
1978 1
1979 1
1980 4
1981 1
1982 1
1983 1
1984 1
1985 1
1986 1
1987 1
1988 413
1989 1
1990 1
1991 2
1992 1
1993 1
1994 1
1995 4
1996 2
1997 1
1998 1
1999 1
2000 1
2001 1
2002 1
2003 1
2004 1
2005 1
2006 1
2007 1
2008 1
2009 2
2010 1
2011 1
2012 2
2013 1
2014 2
2015 1
2016 1
2017 1
2018 1
2019 1
2020 1
2021 1
2022 2
2023 1
2024 1
2025 1
2026 1
2027 1
2028 3
2029 1
2030 1
2031 3
2032 1
2033 1
2034 1
2035 1
2036 3
2037 4
2038 1
2039 1
2040 1
2041 3
2042 1
2043 2
2044 9
2045 5
2046 1
2047 1
2048 1
2049 2
2050 5
2051 1
2052 4
2053 1
2054 1
2055 4
2056 1
2057 1
2058 16
2059 3
2060 2
2061 1
2062 3
2063 10
2064 1
2065 1
2066 1
2067 1
2068 1
2069 1
2070 1
2071 1
2072 1
2073 1
2074 1
2075 3
2076 1
2077 3
2078 1
2079 1
2080 1
2081 1
2082 1
2083 1
2084 1
2085 1
2086 1
2087 1
2088 3
2089 1
2090 1
2091 4
2092 1
2093 1
2094 1
2095 1
2096 1
2097 1
2098 1
2099 3
2100 19
2101 1
2102 5
2103 4
2104 1
2105 7
2106 1
2107 2
2108 1
2109 1
2110 1
2111 1
2112 1
2113 2
2114 1
2115 1
2116 1
2117 1
2118 1
2119 1
2120 1
2121 1
2122 1
2123 1
2124 1
2125 1
2126 1
2127 3
2128 4
2129 1
2130 1
2131 3
2132 1
2133 1
2134 1
2135 1
2136 1
2137 1
2138 1
2139 1
2140 2
2141 1
2142 1
2143 1
2144 1
2145 4
2146 1
2147 1
2148 2
2149 2
2150 1
2151 1
2152 1
2153 1
2154 1
2155 1
2156 1
2157 1
2158 1
2159 7
2160 8
2161 1
2162 1
2163 1
2164 1
2165 1
2166 1
2167 1
2168 1
2169 1
2170 1
2171 1
2172 1
2173 1
2174 2
2175 1
2176 1
2177 1
2178 1
2179 1
2180 1
2181 1
2182 8
2183 3
2184 1
2185 1
2186 2
2187 1
2188 2
2189 1
2190 1
2191 1
2192 2
2193 1
2194 1
2195 1
2196 4
2197 1
2198 1
2199 1
2200 5
2201 1
2202 1
2203 1
2204 1
2205 1
2206 2
2207 1
2208 1
2209 1
2210 1
2211 1
2212 1
2213 1
2214 1
2215 1
2216 1
2217 1
2218 1
2219 1
2220 3
2221 1
2222 1
2223 1
2224 1
2225 1
2226 2
2227 1
2228 3
2229 1
2230 1
2231 1
2232 1
2233 4
2234 1
2235 1
2236 1
2237 13
2238 1
2239 1
2240 6
2241 8
2242 1
2243 1
2244 1
2245 17
2246 1
2247 1
2248 1
2249 9
2250 1
2251 1
2252 1
2253 2
2254 1
2255 1
2256 2
2257 1
2258 1
2259 2
2260 1
2261 1
2262 1
2263 5
2264 2
2265 2
2266 1
2267 2
2268 1
2269 1
2270 2
2271 1
2272 1
2273 1
2274 12
2275 2
2276 1
2277 1
2278 2
2279 1
2280 1
2281 1
2282 1
2283 1
2284 3
2285 1
2286 182
2287 4
2288 1
2289 3
2290 1
2291 1
2292 1
2293 3
2294 1
2295 33
2296 2
2297 1
2298 3
2299 4
2300 1
2301 1
2302 1
2303 1
2304 1
2305 1
2306 1
2307 1
2308 1
2309 1
2310 1
2311 1
2312 1
2313 1
2314 1
2315 1
2316 80
2317 3
2318 1
2319 1
2320 5
2321 1
2322 1
2323 10
2324 1
2325 1
2326 3
2327 1
2328 1
2329 1
2330 1
2331 1
2332 6
2333 1
2334 1
2335 3
2336 1
2337 1
2338 12
2339 3
2340 1
2341 5
2342 1
2343 1
2344 4
2345 2
2346 6
2347 4
2348 1
2349 1
2350 1
2351 1
2352 1
2353 1
2354 1
2355 1
2356 1
2357 1
2358 8
2359 1
2360 1
2361 1
2362 1
2363 1
2364 1
2365 8
2366 1
2367 1
2368 1
2369 11
2370 1
2371 2
2372 4
2373 1
2374 1
2375 2
2376 1
2377 1
2378 2
2379 3
2380 1
2381 5
2382 1
2383 1
2384 1
2385 1
2386 1
2387 1
2388 2
2389 1
2390 1
2391 1
2392 9
2393 2
2394 19
2395 1
2396 1
2397 2
2398 1
2399 1
2400 1
2401 1
2402 1
2403 1
2404 1
2405 2
2406 1
2407 1
2408 2
2409 1
2410 1
2411 1
2412 1
2413 1
2414 11
2415 2
2416 1
2417 2
2418 1
2419 1
2420 1
2421 12
2422 2
2423 2
2424 1
2425 1
2426 15
2427 2
2428 1
2429 1
2430 1
2431 1
2432 1
2433 2
2434 1
2435 1
2436 1
2437 1
2438 53
2439 2
2440 2
2441 1
2442 2
2443 1
2444 12
2445 1
2446 1
2447 3
2448 1
2449 1
2450 1
2451 3
2452 3
2453 1
2454 1
2455 1
2456 1
2457 1
2458 4
2459 1
2460 1
2461 2
2462 9
2463 1
2464 1
2465 1
2466 1
2467 1
2468 1
2469 1
2470 2
2471 1
2472 1
2473 2
2474 1
2475 1
2476 1
2477 1
2478 1
2479 1
2480 1
2481 1
2482 1
2483 2
2484 1
2485 1
2486 2
2487 1
2488 1
2489 1
2490 4
2491 1
2492 2
2493 1
2494 2
2495 1
2496 1
2497 1
2498 2
2499 2
2500 2
2501 1
2502 1
2503 2
2504 1
2505 1
2506 1
2507 2
2508 1
2509 3
2510 1
2511 1
2512 1
2513 4
2514 1
2515 1
2516 1
2517 14
2518 1
2519 3
2520 5
2521 4
2522 1
2523 1
2524 1
2525 1
2526 1
2527 1
2528 1
2529 3
2530 1
2531 1
2532 1
2533 2
2534 4
2535 1
2536 1
2537 1
2538 6
2539 1
2540 4
2541 2
2542 1
2543 9
2544 1
2545 1
2546 1
2547 1
2548 1
2549 3
2550 1
2551 2
2552 1
2553 1
2554 1
2555 3
2556 1
2557 2
2558 1
2559 1
2560 1
2561 17
2562 1
2563 2
2564 1
2565 1
2566 1
2567 2
2568 1
2569 1
2570 2
2571 1
2572 2
2573 3
2574 4
2575 1
2576 1
2577 1
2578 1
2579 1
2580 9
2581 1
2582 1
2583 1
2584 7
2585 3
2586 1
2587 13
2588 1
2589 1
2590 1
2591 1
2592 1
2593 1
2594 1
2595 7
2596 2
2597 1
2598 1
2599 7
2600 1
2601 1
2602 1
2603 1
2604 1
2605 1
2606 2
2607 1
2608 2
2609 1
2610 1
2611 45
2612 1
2613 4
2614 2
2615 3
2616 1
2617 3
2618 1
2619 1
2620 1
2621 1
2622 1
2623 1
2624 7
2625 1
2626 1
2627 1
2628 1
2629 1
2630 1
2631 1
2632 1
2633 1
2634 10
2635 1
2636 1
2637 1
2638 2
2639 1
2640 2
2641 3
2642 15
2643 1
2644 2
2645 1
2646 1
2647 1
2648 4
2649 1
2650 1
2651 1
2652 1
2653 1
2654 1
2655 1
2656 1
2657 1
2658 1
2659 1
2660 1
2661 3
2662 1
2663 1
2664 1
2665 4
2666 9
2667 1
2668 1
2669 1
2670 1
2671 15
2672 1
2673 1
2674 47
2675 1
2676 1
2677 1
2678 1
2679 1
2680 1
2681 2
2682 1
2683 1
2684 1
2685 2
2686 1
2687 1
2688 1
2689 1
2690 1
2691 33
2692 35
2693 10
2694 1
2695 1
2696 1
2697 1
2698 1
2699 13
2700 1
2701 1
2702 5
2703 1
2704 1
2705 2
2706 2
2707 1
2708 17
2709 1
2710 1
2711 1
2712 1
2713 3
2714 1
2715 1
2716 1
2717 1
2718 1
2719 1
2720 1
2721 2
2722 2
2723 1
2724 1
2725 1
2726 3
2727 1
2728 1
2729 1
2730 1
2731 2
2732 3
2733 7
2734 5
2735 1
2736 1
2737 2
2738 1
2739 1
2740 1
2741 6
2742 4
2743 3
2744 5
2745 1
2746 2
2747 1
2748 1
2749 12
2750 1
2751 1
2752 1
2753 260
2754 4
2755 1
2756 1
2757 1
2758 1
2759 1
2760 1
2761 10
2762 1
2763 1
2764 1
2765 2
2766 1
2767 1
2768 1
2769 1
2770 1
2771 1
2772 1
2773 1
2774 1
2775 3
2776 1
2777 1
2778 2
2779 1
2780 2
2781 1
2782 1
2783 1
2784 1
2785 2
2786 1
2787 3
2788 1
2789 1
2790 1
2791 1
2792 1
2793 1
2794 1
2795 1
2796 1
2797 1
2798 1
2799 1
2800 1
2801 12
2802 1
2803 1
2804 1
2805 1
2806 1
2807 1
2808 6
2809 1
2810 1
2811 1
2812 1
2813 1
2814 1
2815 3
2816 1
2817 1
2818 1
2819 4
2820 1
2821 1
2822 1
2823 2
2824 1
2825 1
2826 1
2827 2
2828 1
2829 1
2830 1
2831 1
2832 1
2833 1
2834 1
2835 1
2836 1
2837 5
2838 2
2839 1
2840 3
2841 3
2842 1
2843 1
2844 1
2845 1
2846 2
2847 1
2848 1
2849 1
2850 1
2851 1
2852 2
2853 2
2854 1
2855 1
2856 1
2857 2
2858 1
2859 1
2860 37
2861 4
2862 1
2863 2
2864 1
2865 1
2866 4
2867 2
2868 5
2869 1
2870 1
2871 1
2872 1
2873 1
2874 2
2875 2
2876 2
2877 3
2878 1
2879 1
2880 1
2881 1
2882 2
2883 1
2884 1
2885 4
2886 1
2887 1
2888 2
2889 1
2890 1
2891 1
2892 5
2893 1
2894 1
2895 1
2896 1
2897 1
2898 1
2899 3
2900 1
2901 1
2902 1
2903 1
2904 2
2905 1
2906 1
2907 1
2908 1
2909 1
2910 1
2911 1
2912 1
2913 1
2914 2
2915 1
2916 1
2917 1
2918 1
2919 2
2920 1
2921 1
2922 3
2923 1
2924 1
2925 1
2926 1
2927 15
2928 1
2929 1
2930 1
2931 1
2932 1
2933 1
2934 1
2935 2
2936 1
2937 2
2938 10
2939 1
2940 1
2941 2
2942 2
2943 1
2944 1
2945 1
2946 1
2947 1
2948 1
2949 4
2950 1
2951 1
2952 1
2953 1
2954 1
2955 1
2956 1
2957 2
2958 1
2959 1
2960 1
2961 3
2962 16
2963 2
2964 2
2965 1
2966 3
2967 1
2968 1
2969 1
2970 1
2971 1
2972 1
2973 1
2974 2
2975 5
2976 6
2977 1
2978 1
2979 1
2980 3
2981 1
2982 2
2983 1
2984 5
2985 1
2986 26
2987 1
2988 2
2989 14
2990 1
2991 1
2992 1
2993 1
2994 1
2995 1
2996 1
2997 1
2998 1
2999 1
3000 3
3001 1
3002 1
3003 6
3004 2
3005 2
3006 4
3007 3
3008 1
3009 1
3010 1
3011 1
3012 1
3013 3
3014 2
3015 2
3016 1
3017 2
3018 1
3019 24
3020 1
3021 1
3022 1
3023 1
3024 3
3025 2
3026 1
3027 2
3028 1
3029 1
3030 2
3031 1
3032 1
3033 3
3034 1
3035 2
3036 1
3037 1
3038 1
3039 1
3040 1
3041 1
3042 1
3043 3
3044 1
3045 1
3046 4
3047 1
3048 1
3049 1
3050 2
3051 1
3052 1
3053 1
3054 4
3055 1
3056 1
3057 12
3058 1
3059 5
3060 2
3061 1
3062 1
3063 1
3064 1
3065 3
3066 9
3067 3
3068 1
3069 1
3070 1
3071 1
3072 2
3073 1
3074 1
3075 1
3076 2
3077 1
3078 1
3079 1
3080 2
3081 2
