0 1383
1 1
2 1
3 16
4 2
5 1
6 2
7 1
8 1
9 1
10 1
11 1
12 1
13 1
14 1
15 1
16 1
17 1
18 1
19 1
20 1
21 1
22 11
23 2
24 1
25 3
26 1
27 1
28 1
29 1
30 2
31 2
32 1
33 1
34 1
35 2
36 1
37 4
38 1
39 2
40 1
41 1
42 1
43 4
44 1
45 3
46 1
47 1
48 1
49 1
50 1
51 2
52 1
53 10
54 1
55 2
56 3
57 1
58 1
59 1
60 1
61 1
62 1
63 1
64 1
65 2
66 1
67 1
68 1
69 1
70 2
71 2
72 1
73 1
74 1
75 1
76 2
77 1
78 1
79 1
80 1
81 2
82 1
83 1
84 1
85 1
86 1
87 4
88 1
89 1
90 1
91 2
92 2
93 1
94 2
95 1
96 48
97 10
98 1
99 1
100 1
101 1
102 1
103 2
104 1
105 1
106 1
107 1
108 3
109 2
110 1
111 1
112 1
113 2
114 1
115 1
116 1
117 1
118 1
119 1
120 1
121 1
122 3
123 5
124 1
125 1
126 1
127 2
128 8
129 1
130 7
131 1
132 2
133 1
134 1
135 1
136 1
137 4
138 1
139 2
140 19
141 1
142 1
143 1
144 1
145 1
146 1
147 1
148 2
149 1
150 1
151 1
152 1
153 1
154 2
155 1
156 1
157 1
158 1
159 2
160 1
161 1
162 1
163 6
164 2
165 1
166 1
167 1
168 2
169 1
170 1
171 2
172 1
173 1
174 1
175 1
176 1
177 1
178 2
179 1
180 2
181 1
182 4
183 6
184 1
185 1
186 1
187 3
188 1
189 1
190 1
191 2
192 1
193 1
194 4
195 1
196 1
197 3
198 1
199 1
200 1
201 4
202 1
203 1
204 1
205 1
206 1
207 2
208 2
209 4
210 1
211 1
212 2
213 1
214 1
215 1
216 3
217 3
218 1
219 3
220 7
221 1
222 1
223 1
224 3
225 3
226 6
227 6
228 2
229 1
230 1
231 1
232 1
233 1
234 1
235 39
236 1
237 1
238 3
239 1
240 4
241 2
242 1
243 2
244 1
245 1
246 1
247 1
248 1
249 1
250 1
251 1
252 1
253 1
254 1
255 1
256 1
257 6
258 1
259 1
260 1
261 3
262 9
263 1
264 3
265 1
266 1
267 1
268 1
269 1
270 1
271 1
272 1
273 1
274 1
275 1
276 1
277 47
278 3
279 1
280 7
281 1
282 1
283 16
284 2
285 2
286 1
287 3
288 1
289 12
290 1
291 6
292 3
293 4
294 3
295 1
296 1
297 1
298 2
299 1
300 2
301 1
302 3
303 2
304 1
305 1
306 3
307 1
308 1
309 2
310 1
311 1
312 1
313 1
314 1
315 2
316 2
317 1
318 1
319 5
320 1
321 1
322 1
323 2
324 8
325 1
326 1
327 1
328 1
329 3
330 1
331 5
332 1
333 3
334 1
335 2
336 1
337 1
338 3
339 1
340 8
341 1
342 1
343 1
344 1
345 1
346 2
347 2
348 1
349 2
350 1
351 1
352 5
353 1
354 1
355 1
356 1
357 1
358 2
359 1
360 1
361 1
362 7
363 2
364 1
365 11
366 1
367 1
368 2
369 1
370 1
371 1
372 1
373 1
374 1
375 2
376 2
377 1
378 2
379 1
380 1
381 1
382 6
383 1
384 12
385 1
386 1
387 1
388 3
389 1
390 2
391 1
392 1
393 4
394 1
395 1
396 1
397 2
398 8
399 1
400 2
401 1
402 1
403 1
404 2
405 1
406 1
407 1
408 1
409 1
410 1
411 3
412 2
413 2
414 3
415 2
416 2
417 1
418 2
419 1
420 1
421 4
422 1
423 1
424 1
425 2
426 19
427 4
428 1
429 4
430 1
431 1
432 1
433 1
434 1
435 2
436 6
437 1
438 1
439 2
440 3
441 1
442 1
443 6
444 6
445 1
446 2
447 3
448 1
449 1
450 1
451 1
452 1
453 3
454 1
455 1
456 1
457 1
458 2
459 1
460 1
461 1
462 1
463 1
464 1
465 1
466 1
467 3
468 2
469 1
470 2
471 2
472 1
473 8
474 1
475 1
476 1
477 3
478 1
479 1
480 1
481 1
482 1
483 1
484 44
485 1
486 2
487 1
488 1
489 5
490 1
491 1
492 1
493 1
494 1
495 3
496 1
497 2
498 1
499 2
500 1
501 1
502 3
503 5
504 7
505 1
506 2
507 2
508 1
509 1
510 1
511 1
512 1
513 2
514 1
515 1
516 1
517 4
518 1
519 1
520 2
521 4
522 3
523 2
524 1
525 6
526 1
527 1
528 1
529 1
530 2
531 1
532 1
533 2
534 1
535 1
536 1
537 1
538 1
539 1
540 1
541 19
542 69
543 3
544 1
545 2
546 1
547 2
548 2
549 1
550 1
551 1
552 1
553 1
554 1
555 2
556 1
557 1
558 3
559 1
560 1
561 2
562 2
563 1
564 1
565 3
566 1
567 12
568 1
569 4
570 2
571 6
572 1
573 1
574 3
575 5
576 1
577 1
578 1
579 1
580 3
581 1
582 9
583 1
584 1
585 1
586 6
587 1
588 2
589 1
590 3
591 2
592 1
593 1
594 3
595 1
596 1
597 7
598 1
599 1
600 1
601 1
602 2
603 12
604 1
605 2
606 1
607 1
608 2
609 1
610 1
611 3
612 1
613 3
614 1
615 1
616 1
617 2
618 1
619 2
620 1
621 1
622 1
623 2
624 1
625 1
626 1
627 234
628 1
629 1
630 1
631 1
632 1
633 9
634 1
635 1
636 1
637 4
638 1
639 5
640 1
641 3
642 7
643 1
644 1
645 1
646 1
647 1
648 1
649 1
650 1
651 3
652 10
653 3
654 1
655 3
656 3
657 1
658 9
659 1
660 1
661 1
662 1
663 3
664 1
665 1
666 1
667 9
668 1
669 1
670 1
671 1
672 3
673 1
674 1
675 1
676 1
677 2
678 1
679 1
680 1
681 1
682 4
683 1
684 1
685 108
686 1
687 1
688 1
689 7
690 1
691 6
692 3
693 2
694 2
695 1
696 2
697 1
698 1
699 1
700 1
701 1
702 1
703 1
704 1
705 1
706 1
707 1
708 1
709 2
710 1
711 22
712 1
713 1
714 10
715 1
716 6
717 1
718 3
719 1
720 6
721 1
722 1
723 2
724 1
725 1
726 1
727 1
728 1
729 1
730 1
731 1
732 4
733 1
734 1
735 1
736 1
737 1
738 2
739 1
740 1
741 1
742 1
743 1
744 2
745 3
746 4
747 1
748 1
749 1
750 1
751 1
752 1
753 1
754 1
755 1
756 1
757 1
758 1
759 2
760 1
761 7
762 1
763 2
764 1
765 1
766 1
767 2
768 1
769 1
770 1
771 2
772 4
773 1
774 1
775 1
776 2
777 1
778 6
779 1
780 1
781 1
782 1
783 1
784 1
785 1
786 1
787 1
788 1
789 13
790 1
791 1
792 3
793 2
794 2
795 1
796 1
797 1
798 2
799 1
800 1
801 1
802 1
803 1
804 1
805 15
806 1
807 1
808 2
809 1
810 1
811 1
812 1
813 1
814 1
815 1
816 1
817 1
818 2
819 4
820 1
821 1
822 1
823 1
824 1
825 5
826 1
827 2
828 1
829 1
830 1
831 1
832 2
833 5
834 1
835 4
836 1
837 1
838 1
839 1
840 1
841 1
842 2
843 4
844 1
845 1
846 1
847 2
848 3
849 1
850 1
851 1
852 1
853 1
854 2
855 1
856 1
857 6
858 3
859 1
860 4
861 1
862 2
863 4
864 22
865 9
866 1
867 1
868 3
869 1
870 1
871 1
872 3
873 3
874 2
875 1
876 2
877 1
878 1
879 4
880 3
881 8
882 1
883 2
884 1
885 1
886 1
887 1
888 1
889 1
890 1
891 2
892 2
893 1
894 1
895 1
896 1
897 3
898 32
899 1
900 1
901 1
902 1
903 1
904 1
905 1
906 9
907 1
908 11
909 2
910 1
911 1
912 2
913 1
914 3
915 11
916 1
917 4
918 1
919 1
920 4
921 12
922 2
923 1
924 4
925 4
926 1
927 1
928 1
929 1
930 1
931 1
932 1
933 1
934 1
935 1
936 1
937 1
938 7
939 2
940 4
941 4
942 6
943 1
944 7
945 1
946 1
947 1
948 1
949 3
950 1
951 1
952 2
953 3
954 1
955 1
956 18
957 5
958 1
959 1
960 3
961 1
962 1
963 1
964 2
965 1
966 1
967 1
968 1
969 1
970 1
971 1
972 1
973 1
974 16
975 1
976 1
977 1
978 1
979 4
980 4
981 1
982 1
983 1
984 1
985 3
986 1
987 6
988 1
989 2
990 1
991 1
992 1
993 1
994 1
995 1
996 1
997 5
998 1
999 1
1000 1
1001 1
1002 2
1003 1
1004 4
1005 1
1006 1
1007 1
1008 1
1009 8
1010 1
1011 1
1012 1
1013 1
1014 1
1015 1
1016 3
1017 1
1018 27
1019 1
1020 1
1021 1
1022 1
1023 4
1024 1
1025 1
1026 1
1027 3
1028 1
1029 1
1030 2
1031 1
1032 2
1033 1
1034 1
1035 1
1036 3
1037 1
1038 1
1039 1
1040 2
1041 1
1042 1
1043 1
1044 4
1045 8
1046 1
1047 1
1048 4
1049 1
1050 5
1051 2
1052 4
1053 1
1054 1
1055 1
1056 1
1057 1
1058 1
1059 1
1060 1
1061 3
1062 1
1063 1
1064 2
1065 2
1066 1
1067 3
1068 1
1069 2
1070 1
1071 1
1072 39
1073 18
1074 1
1075 1
1076 2
1077 1
1078 6
1079 1
1080 1
1081 1
1082 1
1083 2
1084 1
1085 1
1086 2
1087 3
1088 1
1089 2
1090 1
1091 1
1092 1
1093 1
1094 1
1095 1
1096 1
1097 1
1098 1
1099 6
1100 1
1101 1
1102 1
1103 7
1104 1
1105 1
1106 5
1107 5
1108 1
1109 1
1110 1
1111 1
1112 1
1113 2
1114 2
1115 2
1116 2
1117 2
1118 1
1119 1
1120 1
1121 1
1122 1
1123 1
1124 1
1125 1
1126 1
1127 1
1128 1
1129 3
1130 3
1131 1
1132 1
1133 1
1134 22
1135 2
1136 2
1137 1
1138 1
1139 4
1140 1
1141 1
1142 1
1143 3
1144 1
1145 1
1146 7
1147 1
1148 1
1149 2
1150 1
1151 3
1152 1
1153 1
1154 1
1155 1
1156 1
1157 2
1158 1
1159 1
1160 2
1161 1
1162 1
1163 1
1164 1
1165 1
1166 1
1167 1
1168 1
1169 1
1170 1
1171 2
1172 2
1173 3
1174 1
1175 1
1176 1
1177 2
1178 1
1179 2
1180 1
1181 1
1182 2
1183 1
1184 3
1185 2
1186 1
1187 1
1188 2
1189 1
1190 1
1191 1
1192 1
1193 2
1194 2
1195 1
1196 2
1197 1
1198 1
1199 1
1200 1
1201 1
1202 1
1203 2
1204 1
1205 1
1206 1
1207 1
1208 1
1209 1
1210 1
1211 1
1212 3
1213 1
1214 1
1215 1
1216 2
1217 1
1218 6
1219 1
1220 1
1221 2
1222 2
1223 1
1224 1
1225 1
1226 1
1227 2
1228 1
1229 1
1230 1
1231 1
1232 1
1233 1
1234 1
1235 1
1236 1
1237 1
1238 1
1239 2
1240 1
1241 1
1242 1
1243 4
1244 1
1245 11
1246 1
1247 2
1248 1
1249 11
1250 1
1251 1
1252 1
1253 1
1254 20
1255 6
1256 1
1257 2
1258 1
1259 1
1260 1
1261 5
1262 1
1263 1
1264 2
1265 1
1266 1
1267 1
1268 1
1269 1
1270 7
1271 2
1272 1
1273 1
1274 2
1275 1
1276 4
1277 2
1278 2
1279 1
1280 3
1281 1
1282 1
1283 3
1284 1
1285 1
1286 1
1287 1
1288 1
1289 2
1290 1
1291 2
1292 1
1293 1
1294 1
1295 1
1296 1
1297 5
1298 1
1299 1
1300 1
1301 1
1302 1
1303 1
1304 1
1305 1
1306 1
1307 2
1308 1
1309 1
1310 2
1311 2
1312 1
1313 33
1314 1
1315 1
1316 1
1317 1
1318 2
1319 1
1320 1
1321 1
1322 1
1323 1
1324 3
1325 1
1326 1
1327 1
1328 1
1329 9
1330 1
1331 1
1332 1
1333 1
1334 1
1335 5
1336 2
1337 1
1338 1
1339 2
1340 1
1341 2
1342 1
1343 264
1344 3
1345 2
1346 3
1347 4
1348 1
1349 2
1350 1
1351 1
1352 1
1353 1
1354 1
1355 1
1356 1
1357 1
1358 2
1359 3
1360 1
1361 1
1362 1
1363 7
1364 1
1365 1
1366 1
1367 4
1368 1
1369 1
1370 1
1371 4
1372 1
1373 1
1374 1
1375 4
1376 2
1377 1
1378 1
1379 1
1380 1
1381 2
1382 1
1383 24
1384 3
1385 3
1386 1
1387 1
1388 2
1389 1
1390 5
1391 1
1392 1
1393 1
1394 2
1395 1
1396 1
1397 1
1398 1
1399 4
1400 3
1401 3
1402 1
1403 4
1404 1
1405 5
1406 1
1407 2
1408 1
1409 1
1410 1
1411 11
1412 1
1413 1
1414 1
1415 1
1416 1
1417 2
1418 2
1419 1
1420 2
1421 1
1422 1
1423 1
1424 6
1425 1
1426 3
1427 2
1428 1
1429 2
1430 1
1431 2
1432 4
1433 1
1434 1
1435 1
1436 1
1437 3
1438 2
1439 1
1440 1
1441 7
1442 34
1443 1
1444 1
1445 2
1446 1
1447 1
1448 1
1449 2
1450 8
1451 1
1452 1
1453 4
1454 1
1455 1
1456 1
1457 1
1458 1
1459 1
1460 1
1461 1
1462 1
1463 1
1464 1
1465 1
1466 1
1467 1
1468 2
1469 7
1470 1
1471 2
1472 11
1473 1
1474 2
1475 1
1476 1
1477 1
1478 1
1479 1
1480 1
1481 2
1482 1
1483 4
1484 1
1485 14
1486 5
1487 1
1488 3
1489 1
1490 1
1491 2
1492 1
1493 1
1494 1
1495 1
1496 2
1497 1
1498 1
1499 1
1500 1
1501 1
1502 1
1503 1
1504 2
1505 2
1506 7
1507 2
1508 1
1509 1
1510 1
1511 1
1512 1
1513 1
1514 2
1515 1
1516 1
1517 1
1518 2
1519 2
1520 9
1521 7
1522 1
1523 1
1524 1
1525 1
1526 1
1527 7
1528 3
1529 1
1530 2
1531 6
1532 1
1533 1
1534 3
1535 3
1536 2
1537 1
1538 6
1539 1
1540 1
1541 1
1542 1
1543 1
1544 1
1545 2
1546 1
1547 2
1548 1
1549 1
1550 1
1551 1
1552 1
1553 1
1554 1
1555 1
1556 1
1557 1
1558 1
1559 1
1560 1
1561 1
1562 1
1563 1
1564 2
1565 1
1566 1
1567 2
1568 2
1569 3
1570 1
1571 2
1572 1
1573 4
1574 1
1575 2
1576 1
1577 1
1578 1
1579 1
1580 1
1581 1
1582 1
1583 1
1584 1
1585 1
1586 1
1587 4
1588 1
1589 1
1590 1
1591 1
1592 1
1593 1
1594 1
1595 1
1596 1
1597 1
1598 1
1599 1
1600 31
1601 1
1602 1
1603 1
1604 1
1605 1
1606 1
1607 2
1608 1
1609 3
1610 1
1611 1
1612 4
1613 1
1614 1
1615 1
1616 1
1617 1
1618 1
1619 1
1620 1
1621 1
1622 6
1623 1
1624 14
1625 1
1626 1
1627 1
1628 2
1629 1
1630 5
1631 1
1632 2
1633 1
1634 1
1635 1
1636 1
1637 1
1638 2
1639 3
1640 4
1641 1
1642 1
1643 1
1644 1
1645 1
1646 1
1647 1
1648 1
1649 1
1650 1
1651 1
1652 1
1653 1
1654 1
1655 1
1656 1
1657 1
1658 2
1659 2
1660 1
1661 1
1662 2
1663 1
1664 1
1665 1
1666 1
1667 2
1668 1
1669 1
1670 2
1671 11
1672 1
1673 2
1674 2
1675 8
1676 3
1677 1
1678 1
1679 4
1680 2
1681 1
1682 2
1683 5
1684 1
1685 3
1686 1
1687 1
1688 2
1689 1
1690 1
1691 1
1692 1
1693 2
1694 1
1695 2
1696 1
1697 2
1698 2
1699 1
1700 1
1701 1
1702 1
1703 1
1704 1
1705 1
1706 1
1707 1
1708 2
1709 2
1710 2
1711 1
1712 1
1713 2
1714 1
1715 3
1716 1
1717 6
1718 5
1719 1
1720 1
1721 2
1722 1
1723 1
1724 1
1725 16
1726 6
1727 1
1728 2
1729 1
1730 26
1731 2
1732 3
1733 2
1734 1
1735 1
1736 4
1737 10
1738 1
1739 1
1740 1
1741 1
1742 3
1743 1
1744 1
1745 1
1746 1
1747 2
1748 1
1749 1
1750 1
1751 1
1752 1
1753 1
1754 3
1755 6
1756 2
1757 1
1758 2
1759 1
1760 1
1761 1
1762 1
1763 1
1764 1
1765 1
1766 1
1767 1
1768 1
1769 1
1770 1
1771 1
1772 3
1773 7
1774 1
1775 8
1776 2
1777 1
1778 1
1779 2
1780 1
1781 1
1782 1
1783 1
1784 3
1785 1
1786 1
1787 1
1788 1
1789 1
1790 1
1791 1
1792 1
1793 3
1794 1
1795 1
1796 1
1797 1
1798 1
1799 1
1800 1
1801 1
1802 1
1803 2
1804 2
1805 1
1806 1
1807 6
1808 1
1809 2
1810 2
1811 3
1812 1
1813 1
1814 1
1815 1
1816 2
1817 1
1818 1
1819 1
1820 3
1821 1
1822 6
1823 1
1824 1
1825 3
1826 1
1827 1
1828 1
1829 2
1830 1
1831 1
1832 1
1833 1
1834 1
1835 2
1836 1
1837 1
1838 2
1839 4
1840 13
1841 1
1842 3
1843 1
1844 1
1845 3
1846 3
1847 2
1848 1
1849 25
1850 1
1851 1
1852 1
1853 1
1854 6
1855 1
1856 1
1857 1
1858 1
1859 1
1860 1
1861 2
1862 1
1863 1
1864 1
1865 1
1866 1
1867 1
1868 1
1869 2
1870 1
1871 1
1872 3
1873 1
1874 7
1875 1
1876 1
1877 1
1878 2
1879 1
1880 1
1881 1
1882 5
1883 1
1884 1
1885 4
1886 1
1887 2
1888 4
1889 1
1890 1
1891 1
1892 2
1893 1
1894 4
1895 1
1896 1
1897 1
1898 1
1899 1
1900 1
1901 1
1902 1
1903 1
1904 1
1905 2
1906 1
1907 1
1908 1
1909 2
1910 2
1911 4
1912 1
1913 3
1914 2
1915 1
1916 1
1917 1
1918 2
1919 1
1920 1
1921 1
1922 2
1923 1
1924 3
1925 1
1926 1
1927 4
1928 1
1929 1
1930 1
1931 2
1932 1
1933 10
1934 1
1935 18
1936 1
1937 2
1938 1
1939 5
1940 1
1941 1
1942 2
1943 2
1944 1
1945 10
1946 2
1947 1
1948 3
1949 1
1950 4
1951 1
1952 1
1953 1
1954 1
1955 1
1956 1
1957 1
1958 1
1959 1
1960 1
1961 1
1962 3
1963 1
1964 1
1965 2
1966 1
1967 1
1968 1
1969 1
1970 1
1971 1
1972 1
1973 1
1974 24
1975 11
1976 1
1977 1
1978 1
1979 1
1980 1
1981 1
1982 1
1983 1
1984 1
1985 1
1986 1
1987 5
1988 2
1989 4
1990 34
1991 1
1992 1
1993 1
1994 1
1995 8
1996 1
1997 1
1998 1
1999 1
2000 1
2001 1
2002 1
2003 9
2004 1
2005 1
2006 1
2007 1
2008 1
2009 1
2010 1
2011 5
2012 2
2013 3
2014 10
2015 2
2016 5
2017 17
2018 1
2019 1
2020 1
2021 1
2022 1
2023 1
2024 1
2025 2
2026 1
2027 1
2028 1
2029 1
2030 1
2031 9
2032 1
2033 1
2034 1
2035 2
2036 1
2037 1
2038 1
2039 1
2040 1
2041 1
2042 1
2043 2
2044 1
2045 2
2046 1
2047 1
2048 1
2049 18
2050 3
2051 1
2052 1
2053 6
2054 1
2055 1
2056 1
2057 1
2058 1
2059 1
2060 25
2061 5
2062 2
2063 4
2064 1
2065 3
2066 1
2067 25
2068 8
2069 3
2070 2
2071 2
2072 1
2073 1
2074 1
2075 1
2076 1
2077 10
2078 4
2079 5
2080 2
2081 1
2082 5
2083 2
2084 23
2085 1
2086 1
2087 1
2088 4
2089 1
2090 6
2091 1
2092 1
2093 1
2094 1
2095 1
2096 1
2097 1
2098 1
2099 1
2100 1
2101 31
2102 1
2103 4
2104 1
2105 2
2106 1
2107 1
2108 1
2109 1
2110 1
2111 2
2112 1
2113 1
2114 2
2115 6
2116 1
2117 1
2118 1
2119 1
2120 1
2121 1
2122 2
2123 1
2124 1
2125 2
2126 3
2127 1
2128 1
2129 1
2130 1
2131 2
2132 1
2133 1
2134 1
2135 1
2136 7
2137 1
2138 1
2139 4
2140 1
2141 1
2142 1
2143 4
2144 3
2145 1
2146 2
2147 1
2148 2
2149 450
2150 1
2151 2
2152 1
2153 1
2154 6
2155 4
2156 1
2157 7
2158 1
2159 1
2160 1
2161 2
2162 1
2163 1
2164 3
2165 1
2166 2
2167 1
2168 1
2169 1
2170 7
2171 2
2172 9
2173 1
2174 12
2175 1
2176 1
2177 2
2178 1
2179 1
2180 1
2181 1
2182 1
2183 1
2184 2
2185 1
2186 1
2187 2
2188 1
2189 2
2190 3
2191 2
2192 1
2193 1
2194 1
2195 1
2196 1
2197 2
2198 1
2199 1
2200 2
2201 2
2202 1
2203 1
2204 1
2205 1
2206 1
2207 2
2208 11
2209 2
2210 4
2211 3
2212 1
2213 2
2214 5
2215 1
2216 17
2217 1
2218 1
2219 2
2220 1
2221 1
2222 2
2223 1
2224 1
2225 10
2226 1
2227 2
2228 1
2229 1
2230 5
2231 1
2232 2
2233 1
2234 1
2235 1
2236 1
2237 1
2238 1
2239 1
2240 1
2241 1
2242 2
2243 3
2244 1
2245 1
2246 1
2247 1
2248 3
2249 1
2250 2
2251 1
2252 1
2253 5
2254 3
2255 1
2256 3
2257 11
2258 4
2259 1
2260 1
2261 2
2262 1
2263 18
2264 1
2265 1
2266 4
2267 4
2268 1
2269 1
2270 3
2271 2
2272 1
2273 1
2274 1
2275 1
2276 1
2277 1
2278 1
2279 1
2280 1
2281 1
2282 4
2283 1
2284 1
2285 1
2286 1
2287 1
2288 3
2289 1
2290 1
2291 1
2292 1
2293 1
2294 1
2295 4
2296 1
2297 4
2298 4
2299 1
2300 1
2301 2
2302 3
2303 1
2304 1
2305 1
2306 34
2307 2
2308 1
2309 1
2310 2
2311 1
2312 4
2313 1
2314 1
2315 1
2316 1
2317 1
2318 1
2319 8
2320 3
2321 1
2322 1
2323 2
2324 1
2325 3
2326 1
2327 1
2328 1
2329 2
2330 1
2331 1
2332 1
2333 1
2334 1
2335 1
2336 2
2337 1
2338 1
2339 2
2340 1
2341 1
2342 2
2343 10
2344 1
2345 1
2346 1
2347 3
2348 1
2349 1
2350 1
2351 1
2352 1
2353 1
2354 1
2355 1
2356 1
2357 1
2358 1
2359 1
2360 2
2361 3
2362 1
2363 1
2364 1
2365 1
2366 1
2367 1
2368 1
2369 1
2370 1
2371 1
2372 1
2373 1
2374 1
2375 5
2376 1
2377 1
2378 2
2379 1
2380 3
2381 1
2382 1
2383 1
2384 2
2385 1
2386 1
2387 1
2388 1
2389 1
2390 2
2391 2
2392 1
2393 2
2394 1
2395 1
2396 1
2397 1
2398 4
2399 1
2400 1
2401 1
2402 1
2403 1
2404 1
2405 8
2406 1
2407 1
2408 1
2409 1
2410 2
2411 3
2412 18
2413 1
2414 1
2415 1
2416 3
2417 1
2418 1
2419 2
2420 1
2421 1
2422 1
2423 1
2424 2
2425 1
2426 1
2427 1
2428 1
2429 1
2430 1
2431 1
2432 2
2433 4
2434 2
2435 3
2436 1
2437 1
2438 2
2439 1
2440 3
2441 1
2442 1
2443 1
2444 1
2445 1
2446 3
2447 3
2448 1
2449 1
2450 1
2451 3
2452 3
2453 1
2454 1
2455 1
2456 2
2457 1
2458 232
2459 2
2460 1
2461 1
2462 4
2463 1
2464 1
2465 1
2466 3
2467 1
2468 1
2469 1
2470 1
2471 1
2472 1
2473 2
2474 1
2475 2
2476 1
2477 1
2478 2
2479 2
2480 5
2481 2
2482 1
2483 1
2484 1
2485 1
2486 1
2487 2
2488 1
2489 2
2490 1
2491 2
2492 1
2493 1
2494 1
2495 1
2496 1
2497 1
2498 74
2499 1
2500 1
2501 1
2502 3
2503 1
2504 1
2505 1
2506 1
2507 2
2508 1
2509 1
2510 4
2511 1
2512 2
2513 2
2514 1
2515 1
2516 1
2517 1
2518 1
2519 2
2520 1
2521 2
2522 2
2523 1
2524 2
2525 1
2526 2
2527 1
2528 1
2529 2
2530 1
2531 1
2532 2
2533 1
2534 4
2535 1
2536 1
2537 2
2538 1
2539 3
2540 1
2541 1
2542 2
2543 4
2544 1
2545 1
2546 10
2547 1
2548 1
2549 1
2550 4
2551 1
2552 1
2553 1
2554 1
2555 1
2556 1
2557 1
2558 1
2559 1
2560 1
2561 1
2562 16
2563 2
2564 1
2565 1
2566 1
2567 1
2568 4
2569 1
2570 1
2571 1
2572 1
2573 1
2574 1
2575 14
2576 1
2577 1
2578 2
2579 2
2580 1
2581 1
2582 3
2583 1
2584 2
2585 9
2586 1
2587 2
2588 1
2589 1
2590 1
2591 1
2592 1
2593 1
2594 1
2595 1
2596 1
2597 3
2598 1
2599 1
2600 1
2601 1
2602 1
2603 1
2604 1
2605 1
2606 1
2607 1
2608 9
2609 1
2610 1
2611 2
2612 1
2613 1
2614 1
2615 3
2616 6
2617 1
2618 1
2619 2
2620 2
2621 1
2622 18
2623 1
2624 1
2625 1
2626 1
2627 2
2628 1
2629 1
2630 1
2631 1
2632 2
2633 1
2634 1
2635 3
2636 1
2637 40
2638 1
2639 1
2640 1
2641 1
2642 1
2643 1
2644 1
2645 1
2646 4
2647 1
2648 1
2649 1
2650 1
2651 1
2652 1
2653 1
2654 1
2655 1
2656 1
2657 2
2658 1
2659 1
2660 1
2661 1
2662 1
2663 2
2664 1
2665 1
2666 1
2667 1
2668 1
2669 1
2670 1
2671 3
2672 1
2673 1
2674 1
2675 1
2676 3
2677 1
2678 1
2679 3
2680 2
2681 1
2682 1
2683 1
2684 1
2685 3
2686 1
2687 1
2688 2
2689 4
2690 1
2691 1
2692 4
2693 2
2694 1
2695 1
2696 1
2697 1
2698 1
2699 1
2700 3
2701 1
2702 2
2703 1
2704 1
2705 1
2706 27
2707 5
2708 1
2709 1
2710 1
2711 1
2712 1
2713 1
2714 2
2715 1
2716 1
2717 1
2718 1
2719 19
2720 1
2721 1
2722 1
2723 1
2724 1
2725 1
2726 4
2727 1
2728 1
2729 1
2730 8
2731 1
2732 1
2733 1
2734 1
2735 1
2736 1
2737 1
2738 1
2739 1
2740 1
2741 1
2742 1
2743 1
2744 2
2745 1
2746 2
2747 14
2748 1
2749 2
2750 2
2751 1
2752 1
2753 2
2754 1
2755 1
2756 1
2757 1
2758 1
2759 1
2760 1
2761 1
2762 1
2763 1
2764 8
2765 2
2766 5
2767 2
2768 2
2769 1
2770 1
2771 1
2772 1
2773 1
2774 7
2775 11
2776 1
2777 1
2778 1
2779 1
2780 7
2781 1
2782 6
2783 1
2784 1
2785 1
2786 3
2787 1
2788 1
2789 1
2790 2
2791 2
2792 19
2793 1
2794 2
2795 1
2796 2
2797 1
2798 1
2799 1
2800 1
2801 2
2802 3
2803 1
2804 6
2805 3
2806 2
2807 1
2808 1
2809 1
2810 2
2811 1
2812 6
2813 1
2814 1
2815 1
2816 1
2817 1
2818 1
2819 1
2820 3
2821 1
2822 1
2823 1
2824 1
2825 1
2826 1
2827 1
2828 1
2829 1
2830 1
2831 1
2832 2
2833 1
2834 7
2835 1
2836 9
2837 1
2838 1
2839 1
2840 6
2841 1
2842 2
2843 1
2844 3
2845 1
2846 5
2847 1
2848 1
2849 1
2850 4
2851 3
2852 1
2853 3
2854 4
2855 1
2856 1
2857 1
2858 1
2859 1
2860 3
2861 19
2862 4
2863 4
2864 1
2865 3
2866 1
2867 1
2868 1
2869 1
2870 1
2871 46
2872 4
2873 3
2874 3
2875 1
2876 1
2877 2
2878 1
2879 1
2880 3
2881 1
2882 2
2883 1
2884 1
2885 1
2886 1
2887 1
2888 42
2889 34
2890 15
2891 1
2892 1
2893 1
2894 1
2895 1
2896 2
2897 2
2898 9
2899 1
2900 1
2901 1
2902 1
2903 1
2904 1
2905 1
2906 2
2907 1
2908 1
2909 1
2910 2
2911 1
2912 1
2913 8
2914 2
2915 1
2916 1
2917 1
2918 2
2919 1
2920 1
2921 1
2922 1
2923 1
2924 1
2925 1
2926 2
2927 2
2928 2
2929 1
2930 1
2931 1
2932 1
2933 1
2934 1
2935 1
2936 1
2937 2
2938 1
2939 2
2940 1
2941 2
2942 1
2943 1
2944 1
2945 2
2946 1
2947 1
2948 1
2949 8
2950 1
2951 1
2952 1
2953 1
2954 2
2955 1
2956 6
2957 3
2958 4
2959 1
2960 1
2961 1
2962 1
2963 1
2964 3
2965 1
2966 1
2967 11
2968 11
2969 1
2970 1
2971 201
2972 1
2973 1
2974 1
2975 1
2976 1
2977 1
2978 5
2979 1
2980 4
2981 1
2982 1
2983 1
2984 1
2985 1
2986 1
2987 1
2988 1
2989 2
2990 1
2991 2
2992 1
2993 1
2994 1
2995 1
2996 2
2997 1
2998 1
2999 5
3000 1
3001 1
3002 1
3003 1
3004 2
3005 1
3006 1
3007 1
3008 1
3009 1
3010 1
3011 1
3012 1
3013 2
3014 1
3015 1
3016 3
3017 1
3018 1
3019 1
3020 1
3021 1
3022 1
3023 3
3024 7
3025 1
3026 2
3027 1
3028 1
3029 2
3030 1
3031 7
3032 1
3033 1
3034 1
3035 1
3036 1
3037 1
3038 1
3039 1
3040 1
3041 1
3042 2
3043 1
3044 1
3045 2
3046 1
3047 1
3048 1
3049 2
3050 2
3051 2
3052 1
3053 4
3054 2
3055 1
3056 2
3057 1
3058 2
3059 4
3060 1
3061 1
3062 1
3063 1
3064 1
3065 1
3066 1
3067 2
3068 1
3069 1
3070 1
3071 1
3072 2
3073 1
3074 1
3075 1
3076 1
3077 2
3078 1
3079 1
3080 2
3081 1
3082 1
3083 1
3084 4
3085 6
3086 1
3087 1
3088 1
3089 1
3090 1
3091 3
3092 1
3093 1
3094 2
3095 2
3096 1
3097 1
3098 1
3099 1
3100 1
3101 3
3102 1
3103 1
3104 1
3105 1
3106 3
3107 1
3108 1
3109 2
3110 3
3111 1
3112 2
3113 1
3114 1
3115 1
3116 1
3117 4
3118 1
3119 4
3120 2
3121 2
3122 5
3123 1
3124 1
3125 1
3126 1
3127 2
3128 5
3129 3
3130 1
3131 1
3132 1
3133 1
3134 1
3135 4
3136 1
3137 1
3138 1
3139 2
3140 1
3141 3
3142 1
3143 2
3144 1
3145 1
3146 1
3147 1
3148 1
3149 6
3150 1
3151 1
3152 1
3153 1
3154 1
3155 1
3156 2
3157 3
3158 11
3159 1
3160 2
3161 1
3162 11
3163 2
3164 1
3165 1
3166 2
3167 1
3168 1
3169 2
3170 1
3171 1
3172 1
3173 1
3174 1
3175 1
3176 2
3177 5
3178 3
3179 1
3180 12
3181 1
3182 1
3183 3
3184 2
3185 4
3186 1
3187 2
3188 19
3189 1
3190 9
3191 9
3192 1
3193 5
3194 1
3195 1
3196 1
3197 1
3198 2
3199 3
3200 1
3201 2
3202 1
3203 1
3204 1
3205 9
3206 1
3207 1
3208 1
3209 2
3210 2
3211 3
3212 1
3213 1
3214 7
3215 1
3216 1
3217 3
3218 1
3219 2
3220 2
3221 25
3222 1
3223 1
3224 1
3225 2
3226 2
3227 1
3228 1
3229 1
3230 3
3231 1
3232 1
3233 1
3234 1
3235 1
3236 1
3237 1
3238 3
3239 1
3240 1
3241 4
3242 1
3243 7
3244 2
3245 1
3246 1
3247 2
3248 1
3249 2
3250 1
3251 2
3252 1
3253 4
3254 1
3255 7
3256 1
3257 2
3258 1
3259 1
3260 1
3261 1
3262 1
3263 8
3264 3
3265 2
3266 1
3267 3
3268 1
3269 1
3270 1
3271 1
3272 1
3273 1
3274 1
3275 1
