0 1415
1 1
2 15
3 1
4 1
5 1
6 2
7 8
8 1
9 1
10 1
11 1
12 1
13 1
14 2
15 1
16 1
17 1
18 1
19 11
20 1
21 1
22 2
23 1
24 1
25 1
26 2
27 1
28 1
29 1
30 1
31 3
32 2
33 1
34 1
35 17
36 1
37 1
38 1
39 2
40 1
41 1
42 1
43 9
44 2
45 10
46 1
47 5
48 1
49 1
50 2
51 1
52 1
53 1
54 1
55 2
56 1
57 2
58 1
59 1
60 3
61 3
62 1
63 1
64 1
65 2
66 1
67 1
68 3
69 1
70 1
71 1
72 1
73 2
74 1
75 1
76 1
77 1
78 2
79 1
80 39
81 2
82 2
83 1
84 1
85 2
86 1
87 2
88 1
89 1
90 1
91 1
92 1
93 1
94 15
95 1
96 1
97 1
98 2
99 1
100 4
101 4
102 1
103 3
104 1
105 1
106 1
107 8
108 2
109 2
110 1
111 1
112 2
113 5
114 2
115 1
116 1
117 2
118 2
119 1
120 20
121 1
122 1
123 1
124 1
125 2
126 1
127 4
128 1
129 2
130 2
131 1
132 4
133 1
134 1
135 1
136 2
137 1
138 1
139 4
140 2
141 1
142 1
143 1
144 1
145 1
146 1
147 1
148 1
149 2
150 1
151 1
152 3
153 1
154 1
155 1
156 1
157 1
158 1
159 1
160 1
161 4
162 4
163 1
164 4
165 2
166 2
167 1
168 1
169 2
170 1
171 1
172 1
173 4
174 1
175 3
176 1
177 1
178 6
179 1
180 2
181 5
182 2
183 1
184 1
185 1
186 1
187 3
188 4
189 1
190 1
191 2
192 2
193 2
194 1
195 1
196 1
197 1
198 6
199 1
200 1
201 1
202 2
203 3
204 2
205 5
206 1
207 1
208 1
209 1
210 1
211 2
212 31
213 1
214 1
215 1
216 1
217 1
218 2
219 2
220 4
221 1
222 1
223 1
224 1
225 1
226 1
227 1
228 3
229 1
230 2
231 1
232 1
233 1
234 1
235 2
236 1
237 4
238 1
239 1
240 1
241 2
242 1
243 1
244 1
245 1
246 1
247 1
248 2
249 1
250 1
251 1
252 1
253 1
254 1
255 1
256 19
257 1
258 1
259 1
260 1
261 14
262 2
263 1
264 1
265 5
266 1
267 1
268 1
269 2
270 3
271 2
272 1
273 3
274 4
275 3
276 1
277 1
278 1
279 6
280 4
281 1
282 1
283 1
284 3
285 1
286 2
287 1
288 1
289 1
290 1
291 1
292 1
293 1
294 1
295 1
296 1
297 1
298 2
299 3
300 11
301 1
302 2
303 1
304 1
305 2
306 1
307 2
308 2
309 1
310 2
311 1
312 1
313 12
314 2
315 5
316 1
317 3
318 1
319 1
320 1
321 1
322 1
323 25
324 1
325 14
326 1
327 3
328 1
329 1
330 1
331 2
332 11
333 1
334 2
335 1
336 4
337 1
338 1
339 1
340 1
341 1
342 1
343 3
344 1
345 1
346 1
347 1
348 2
349 1
350 1
351 1
352 2
353 1
354 1
355 3
356 1
357 3
358 1
359 1
360 1
361 2
362 1
363 2
364 1
365 1
366 1
367 1
368 1
369 1
370 1
371 1
372 1
373 1
374 1
375 1
376 1
377 2
378 2
379 1
380 1
381 15
382 1
383 1
384 4
385 1
386 2
387 2
388 1
389 12
390 2
391 1
392 1
393 1
394 2
395 1
396 1
397 1
398 1
399 2
400 1
401 1
402 1
403 1
404 9
405 2
406 2
407 1
408 1
409 1
410 1
411 1
412 1
413 1
414 1
415 6
416 1
417 1
418 2
419 1
420 1
421 1
422 1
423 1
424 1
425 2
426 2
427 2
428 1
429 1
430 1
431 1
432 1
433 1
434 1
435 1
436 1
437 1
438 1
439 1
440 2
441 2
442 2
443 1
444 1
445 1
446 1
447 2
448 2
449 1
450 1
451 1
452 1
453 1
454 1
455 1
456 2
457 3
458 1
459 1
460 1
461 1
462 1
463 4
464 1
465 1
466 1
467 2
468 1
469 1
470 1
471 1
472 1
473 4
474 1
475 2
476 6
477 6
478 8
479 2
480 1
481 1
482 1
483 2
484 1
485 2
486 1
487 1
488 2
489 1
490 14
491 42
492 2
493 1
494 1
495 4
496 1
497 1
498 1
499 2
500 1
501 1
502 1
503 1
504 1
505 4
506 1
507 2
508 1
509 1
510 3
511 17
512 1
513 1
514 1
515 1
516 1
517 1
518 1
519 1
520 1
521 9
522 7
523 1
524 1
525 1
526 4
527 1
528 6
529 5
530 2
531 2
532 1
533 12
534 1
535 1
536 1
537 1
538 1
539 1
540 1
541 2
542 1
543 1
544 1
545 1
546 27
547 1
548 1
549 2
550 1
551 1
552 1
553 1
554 1
555 2
556 2
557 2
558 1
559 2
560 4
561 1
562 1
563 1
564 1
565 2
566 1
567 1
568 2
569 1
570 278
571 1
572 1
573 1
574 1
575 1
576 1
577 1
578 1
579 1
580 3
581 1
582 1
583 4
584 1
585 2
586 16
587 1
588 1
589 2
590 1
591 1
592 1
593 2
594 1
595 1
596 2
597 1
598 1
599 1
600 1
601 1
602 1
603 1
604 1
605 1
606 2
607 3
608 1
609 1
610 1
611 3
612 1
613 1
614 2
615 1
616 1
617 1
618 3
619 1
620 3
621 1
622 113
623 1
624 1
625 2
626 1
627 1
628 1
629 1
630 5
631 1
632 2
633 1
634 6
635 1
636 4
637 1
638 5
639 1
640 3
641 1
642 4
643 7
644 1
645 1
646 3
647 1
648 3
649 25
650 3
651 1
652 1
653 6
654 2
655 4
656 4
657 1
658 2
659 1
660 1
661 1
662 2
663 1
664 2
665 1
666 1
667 1
668 2
669 4
670 1
671 1
672 1
673 1
674 1
675 1
676 1
677 7
678 7
679 1
680 2
681 1
682 10
683 1
684 2
685 1
686 2
687 3
688 1
689 1
690 1
691 1
692 1
693 1
694 4
695 1
696 1
697 1
698 1
699 1
700 1
701 3
702 2
703 1
704 1
705 1
706 1
707 2
708 1
709 2
710 1
711 1
712 1
713 1
714 1
715 1
716 1
717 1
718 1
719 1
720 2
721 1
722 1
723 1
724 2
725 1
726 1
727 1
728 2
729 1
730 1
731 1
732 1
733 1
734 1
735 2
736 1
737 1
738 1
739 1
740 1
741 2
742 1
743 1
744 1
745 5
746 1
747 1
748 1
749 4
750 2
751 1
752 2
753 1
754 1
755 1
756 4
757 1
758 1
759 1
760 1
761 2
762 2
763 1
764 5
765 1
766 1
767 1
768 1
769 1
770 1
771 1
772 1
773 2
774 1
775 1
776 2
777 1
778 9
779 1
780 5
781 29
782 1
783 11
784 1
785 2
786 5
787 1
788 2
789 1
790 2
791 1
792 1
793 2
794 2
795 3
796 4
797 2
798 1
799 2
800 5
801 1
802 3
803 1
804 1
805 1
806 1
807 1
808 2
809 1
810 1
811 1
812 1
813 1
814 1
815 1
816 1
817 2
818 9
819 1
820 8
821 1
822 1
823 1
824 1
825 1
826 6
827 1
828 3
829 1
830 1
831 1
832 4
833 7
834 2
835 1
836 1
837 2
838 7
839 2
840 1
841 1
842 2
843 1
844 2
845 1
846 1
847 1
848 5
849 1
850 2
851 1
852 7
853 1
854 1
855 1
856 1
857 1
858 2
859 1
860 1
861 2
862 1
863 1
864 1
865 16
866 8
867 1
868 1
869 1
870 1
871 1
872 1
873 1
874 1
875 11
876 2
877 1
878 5
879 2
880 2
881 2
882 2
883 2
884 4
885 6
886 1
887 1
888 1
889 1
890 1
891 1
892 1
893 1
894 1
895 2
896 3
897 1
898 1
899 1
900 2
901 1
902 5
903 1
904 1
905 1
906 1
907 1
908 2
909 1
910 1
911 1
912 1
913 1
914 1
915 1
916 1
917 5
918 1
919 1
920 1
921 3
922 3
923 1
924 1
925 2
926 3
927 1
928 1
929 3
930 6
931 2
932 2
933 1
934 1
935 1
936 1
937 1
938 1
939 12
940 2
941 3
942 2
943 1
944 1
945 1
946 2
947 1
948 1
949 1
950 1
951 2
952 1
953 1
954 1
955 5
956 4
957 2
958 26
959 18
960 5
961 1
962 1
963 1
964 1
965 4
966 1
967 1
968 1
969 7
970 1
971 1
972 2
973 1
974 1
975 1
976 2
977 1
978 2
979 1
980 1
981 1
982 1
983 10
984 1
985 1
986 1
987 3
988 6
989 1
990 1
991 1
992 1
993 2
994 2
995 3
996 1
997 1
998 1
999 1
1000 3
1001 1
1002 1
1003 1
1004 1
1005 1
1006 1
1007 1
1008 1
1009 1
1010 1
1011 3
1012 2
1013 1
1014 1
1015 23
1016 1
1017 1
1018 1
1019 3
1020 1
1021 1
1022 1
1023 1
1024 2
1025 1
1026 4
1027 2
1028 1
1029 3
1030 1
1031 2
1032 1
1033 1
1034 2
1035 1
1036 9
1037 1
1038 1
1039 1
1040 4
1041 1
1042 1
1043 1
1044 1
1045 1
1046 1
1047 3
1048 2
1049 1
1050 1
1051 1
1052 5
1053 1
1054 2
1055 1
1056 1
1057 9
1058 1
1059 9
1060 3
1061 1
1062 2
1063 1
1064 3
1065 3
1066 3
1067 1
1068 44
1069 1
1070 1
1071 1
1072 1
1073 2
1074 1
1075 2
1076 5
1077 1
1078 1
1079 1
1080 1
1081 1
1082 1
1083 4
1084 2
1085 1
1086 1
1087 1
1088 1
1089 1
1090 1
1091 2
1092 1
1093 1
1094 3
1095 1
1096 1
1097 3
1098 1
1099 3
1100 1
1101 1
1102 3
1103 1
1104 1
1105 1
1106 2
1107 1
1108 1
1109 1
1110 1
1111 4
1112 3
1113 1
1114 1
1115 1
1116 6
1117 1
1118 1
1119 1
1120 1
1121 1
1122 9
1123 5
1124 3
1125 1
1126 1
1127 1
1128 1
1129 1
1130 1
1131 1
1132 1
1133 2
1134 1
1135 1
1136 1
1137 1
1138 1
1139 1
1140 11
1141 1
1142 1
1143 1
1144 1
1145 1
1146 3
1147 2
1148 1
1149 8
1150 1
1151 1
1152 1
1153 2
1154 1
1155 1
1156 1
1157 2
1158 1
1159 1
1160 1
1161 1
1162 1
1163 1
1164 1
1165 2
1166 2
1167 2
1168 1
1169 1
1170 1
1171 4
1172 1
1173 1
1174 1
1175 1
1176 1
1177 1
1178 1
1179 1
1180 1
1181 11
1182 1
1183 4
1184 1
1185 1
1186 1
1187 2
1188 1
1189 2
1190 1
1191 3
1192 1
1193 1
1194 1
1195 1
1196 1
1197 1
1198 1
1199 58
1200 2
1201 1
1202 1
1203 1
1204 1
1205 1
1206 2
1207 1
1208 1
1209 1
1210 1
1211 1
1212 2
1213 24
1214 1
1215 4
1216 1
1217 1
1218 1
1219 1
1220 254
1221 4
1222 4
1223 3
1224 4
1225 1
1226 1
1227 1
1228 1
1229 1
1230 1
1231 1
1232 3
1233 1
1234 2
1235 2
1236 1
1237 1
1238 1
1239 1
1240 3
1241 1
1242 1
1243 1
1244 1
1245 3
1246 1
1247 5
1248 1
1249 1
1250 6
1251 1
1252 3
1253 1
1254 1
1255 1
1256 1
1257 1
1258 1
1259 1
1260 1
1261 1
1262 1
1263 2
1264 1
1265 2
1266 1
1267 1
1268 4
1269 32
1270 1
1271 2
1272 1
1273 2
1274 1
1275 1
1276 1
1277 3
1278 3
1279 1
1280 1
1281 1
1282 1
1283 2
1284 1
1285 3
1286 1
1287 1
1288 1
1289 2
1290 1
1291 3
1292 1
1293 1
1294 1
1295 1
1296 1
1297 1
1298 1
1299 1
1300 1
1301 1
1302 1
1303 1
1304 1
1305 1
1306 1
1307 1
1308 2
1309 1
1310 10
1311 3
1312 4
1313 1
1314 1
1315 10
1316 1
1317 2
1318 2
1319 1
1320 2
1321 1
1322 4
1323 1
1324 1
1325 1
1326 1
1327 2
1328 4
1329 1
1330 1
1331 1
1332 3
1333 8
1334 1
1335 1
1336 38
1337 1
1338 1
1339 2
1340 1
1341 1
1342 1
1343 1
1344 1
1345 3
1346 1
1347 1
1348 2
1349 3
1350 6
1351 1
1352 2
1353 1
1354 5
1355 1
1356 1
1357 1
1358 1
1359 4
1360 2
1361 1
1362 1
1363 4
1364 7
1365 1
1366 8
1367 2
1368 1
1369 1
1370 1
1371 1
1372 11
1373 1
1374 2
1375 3
1376 1
1377 4
1378 1
1379 1
1380 1
1381 1
1382 1
1383 2
1384 4
1385 1
1386 1
1387 1
1388 1
1389 1
1390 1
1391 1
1392 1
1393 1
1394 1
1395 2
1396 2
1397 1
1398 1
1399 1
1400 1
1401 1
1402 1
1403 1
1404 1
1405 1
1406 1
1407 3
1408 1
1409 1
1410 3
1411 7
1412 5
1413 1
1414 2
1415 1
1416 1
1417 7
1418 1
1419 1
1420 1
1421 1
1422 2
1423 1
1424 2
1425 1
1426 1
1427 1
1428 1
1429 4
1430 1
1431 2
1432 1
1433 1
1434 2
1435 1
1436 195
1437 4
1438 1
1439 1
1440 1
1441 1
1442 2
1443 1
1444 1
1445 3
1446 1
1447 2
1448 8
1449 1
1450 3
1451 1
1452 2
1453 1
1454 1
1455 1
1456 1
1457 1
1458 3
1459 1
1460 1
1461 1
1462 1
1463 1
1464 1
1465 1
1466 3
1467 1
1468 1
1469 1
1470 3
1471 3
1472 5
1473 1
1474 1
1475 1
1476 1
1477 4
1478 1
1479 20
1480 1
1481 1
1482 1
1483 1
1484 4
1485 1
1486 1
1487 2
1488 2
1489 11
1490 1
1491 44
1492 4
1493 4
1494 1
1495 1
1496 1
1497 5
1498 1
1499 1
1500 1
1501 1
1502 17
1503 1
1504 1
1505 1
1506 1
1507 2
1508 1
1509 1
1510 1
1511 1
1512 1
1513 1
1514 1
1515 1
1516 1
1517 1
1518 1
1519 3
1520 2
1521 3
1522 1
1523 1
1524 1
1525 1
1526 2
1527 2
1528 1
1529 1
1530 1
1531 3
1532 1
1533 1
1534 1
1535 1
1536 2
1537 1
1538 15
1539 1
1540 1
1541 1
1542 1
1543 5
1544 1
1545 7
1546 1
1547 4
1548 1
1549 3
1550 2
1551 1
1552 1
1553 1
1554 1
1555 1
1556 2
1557 3
1558 1
1559 1
1560 1
1561 1
1562 1
1563 1
1564 1
1565 1
1566 1
1567 3
1568 1
1569 2
1570 1
1571 3
1572 1
1573 1
1574 3
1575 2
1576 2
1577 1
1578 1
1579 1
1580 3
1581 1
1582 2
1583 1
1584 2
1585 1
1586 1
1587 2
1588 1
1589 1
1590 2
1591 10
1592 2
1593 1
1594 2
1595 1
1596 1
1597 14
1598 1
1599 1
1600 1
1601 1
1602 20
1603 1
1604 1
1605 1
1606 2
1607 1
1608 2
1609 12
1610 1
1611 1
1612 1
1613 1
1614 2
1615 2
1616 1
1617 2
1618 1
1619 1
1620 1
1621 1
1622 1
1623 1
1624 1
1625 1
1626 4
1627 1
1628 1
1629 1
1630 4
1631 1
1632 1
1633 2
1634 1
1635 2
1636 1
1637 6
1638 3
1639 2
1640 1
1641 1
1642 4
1643 5
1644 1
1645 1
1646 3
1647 1
1648 1
1649 1
1650 1
1651 2
1652 1
1653 1
1654 3
1655 1
1656 9
1657 1
1658 1
1659 4
1660 2
1661 1
1662 1
1663 2
1664 1
1665 1
1666 6
1667 14
1668 7
1669 1
1670 8
1671 2
1672 3
1673 1
1674 1
1675 1
1676 1
1677 1
1678 1
1679 1
1680 1
1681 1
1682 2
1683 7
1684 1
1685 2
1686 9
1687 4
1688 2
1689 1
1690 1
1691 2
1692 6
1693 1
1694 1
1695 7
1696 2
1697 1
1698 4
1699 1
1700 1
1701 13
1702 1
1703 4
1704 1
1705 1
1706 1
1707 1
1708 1
1709 1
1710 1
1711 27
1712 2
1713 2
1714 2
1715 2
1716 2
1717 1
1718 1
1719 1
1720 1
1721 1
1722 1
1723 2
1724 3
1725 1
1726 1
1727 1
1728 1
1729 1
1730 1
1731 3
1732 1
1733 1
1734 1
1735 1
1736 1
1737 2
1738 4
1739 1
1740 9
1741 1
1742 1
1743 1
1744 4
1745 1
1746 1
1747 1
1748 6
1749 2
1750 1
1751 2
1752 5
1753 1
1754 1
1755 1
1756 1
1757 1
1758 1
1759 1
1760 1
1761 1
1762 7
1763 1
1764 2
1765 1
1766 1
1767 1
1768 2
1769 1
1770 1
1771 1
1772 1
1773 1
1774 1
1775 2
1776 1
1777 1
1778 3
1779 1
1780 1
1781 1
1782 1
1783 3
1784 1
1785 1
1786 1
1787 4
1788 1
1789 1
1790 1
1791 1
1792 1
1793 2
1794 1
1795 1
1796 1
1797 2
1798 1
1799 2
1800 18
1801 1
1802 1
1803 1
1804 1
1805 1
1806 1
1807 1
1808 1
1809 7
1810 1
1811 4
1812 2
1813 1
1814 1
1815 1
1816 1
1817 1
1818 1
1819 2
1820 1
1821 2
1822 1
1823 5
1824 1
1825 1
1826 1
1827 1
1828 4
1829 1
1830 1
1831 1
1832 1
1833 1
1834 16
1835 1
1836 9
1837 1
1838 1
1839 1
1840 1
1841 1
1842 1
1843 1
1844 43
1845 1
1846 1
1847 1
1848 6
1849 2
1850 1
1851 1
1852 1
1853 1
1854 7
1855 1
1856 1
1857 1
1858 1
1859 1
1860 1
1861 1
1862 1
1863 1
1864 1
1865 2
1866 1
1867 3
1868 5
1869 2
1870 1
1871 5
1872 1
1873 1
1874 2
1875 1
1876 1
1877 1
1878 3
1879 1
1880 2
1881 1
1882 1
1883 1
1884 1
1885 1
1886 1
1887 1
1888 1
1889 1
1890 1
1891 2
1892 1
1893 1
1894 1
1895 1
1896 2
1897 2
1898 1
1899 1
1900 1
1901 1
1902 1
1903 1
1904 1
1905 1
1906 2
1907 1
1908 2
1909 1
1910 2
1911 1
1912 1
1913 3
1914 1
1915 1
1916 1
1917 1
1918 1
1919 1
1920 8
1921 1
1922 29
1923 1
1924 1
1925 2
1926 3
1927 1
1928 1
1929 1
1930 1
1931 1
1932 1
1933 2
1934 12
1935 2
1936 6
1937 1
1938 7
1939 3
1940 1
1941 2
1942 1
1943 2
1944 1
1945 1
1946 1
1947 2
1948 1
1949 1
1950 3
1951 1
1952 1
1953 1
1954 1
1955 2
1956 9
1957 1
1958 1
1959 3
1960 1
1961 1
1962 1
1963 1
1964 1
1965 3
1966 3
1967 1
1968 1
1969 1
1970 1
1971 3
1972 1
1973 3
1974 1
1975 1
1976 1
1977 1
1978 1
1979 2
1980 1
1981 1
1982 1
1983 1
1984 1
1985 1
1986 1
1987 1
1988 1
1989 5
1990 1
1991 1
1992 3
1993 2
1994 2
1995 1
1996 1
1997 1
1998 2
1999 1
2000 1
2001 1
2002 432
2003 2
2004 1
2005 1
2006 2
2007 5
2008 3
2009 1
2010 2
2011 1
2012 2
2013 5
2014 1
2015 1
2016 1
2017 5
2018 1
2019 2
2020 1
2021 1
2022 2
2023 1
2024 1
2025 1
2026 3
2027 1
2028 7
2029 3
2030 1
2031 1
2032 1
2033 2
2034 1
2035 1
2036 1
2037 1
2038 1
2039 1
2040 1
2041 1
2042 1
2043 1
2044 2
2045 1
2046 4
2047 2
2048 1
2049 1
2050 1
2051 1
2052 1
2053 1
2054 3
2055 6
2056 1
2057 1
2058 1
2059 5
2060 1
2061 4
2062 1
2063 1
2064 1
2065 1
2066 1
2067 1
2068 1
2069 1
2070 2
2071 1
2072 17
2073 1
2074 2
2075 1
2076 2
2077 1
2078 1
2079 1
2080 1
2081 1
2082 1
2083 1
2084 1
2085 1
2086 2
2087 1
2088 1
2089 6
2090 6
2091 1
2092 1
2093 1
2094 1
2095 1
2096 1
2097 1
2098 1
2099 2
2100 1
2101 1
2102 1
2103 1
2104 1
2105 1
2106 3
2107 16
2108 4
2109 1
2110 3
2111 1
2112 2
2113 16
2114 1
2115 1
2116 1
2117 3
2118 1
2119 1
2120 2
2121 1
2122 1
2123 2
2124 1
2125 2
2126 2
2127 5
2128 1
2129 1
2130 2
2131 1
2132 1
2133 3
2134 1
2135 1
2136 2
2137 1
2138 1
2139 5
2140 1
2141 3
2142 4
2143 1
2144 1
2145 1
2146 2
2147 1
2148 1
2149 1
2150 1
2151 1
2152 1
2153 1
2154 1
2155 2
2156 2
2157 1
2158 1
2159 1
2160 3
2161 4
2162 4
2163 1
2164 1
2165 1
2166 2
2167 1
2168 2
2169 1
2170 1
2171 1
2172 4
2173 2
2174 1
2175 3
2176 1
2177 7
2178 1
2179 1
2180 1
2181 1
2182 1
2183 1
2184 2
2185 1
2186 1
2187 1
2188 1
2189 1
2190 1
2191 1
2192 1
2193 1
2194 5
2195 3
2196 4
2197 4
2198 9
2199 1
2200 2
2201 1
2202 1
2203 1
2204 1
2205 1
2206 1
2207 1
2208 2
2209 1
2210 1
2211 1
2212 2
2213 1
2214 1
2215 1
2216 1
2217 3
2218 1
2219 1
2220 1
2221 2
2222 1
2223 2
2224 1
2225 1
2226 1
2227 1
2228 1
2229 1
2230 6
2231 1
2232 2
2233 1
2234 1
2235 1
2236 4
2237 1
2238 2
2239 1
2240 2
2241 2
2242 1
2243 24
2244 1
2245 4
2246 1
2247 3
2248 1
2249 1
2250 1
2251 1
2252 1
2253 2
2254 1
2255 1
2256 1
2257 1
2258 1
2259 1
2260 1
2261 1
2262 1
2263 1
2264 1
2265 2
2266 1
2267 1
2268 1
2269 12
2270 1
2271 2
2272 4
2273 1
2274 1
2275 2
2276 2
2277 2
2278 1
2279 1
2280 1
2281 1
2282 3
2283 2
2284 1
2285 1
2286 7
2287 2
2288 1
2289 1
2290 4
2291 2
2292 1
2293 1
2294 1
2295 1
2296 4
2297 1
2298 1
2299 1
2300 1
2301 1
2302 1
2303 4
2304 1
2305 1
2306 1
2307 3
2308 2
2309 3
2310 1
2311 1
2312 77
2313 5
2314 1
2315 5
2316 1
2317 1
2318 1
2319 1
2320 1
2321 1
2322 2
2323 1
2324 2
2325 1
2326 1
2327 1
2328 1
2329 1
2330 1
2331 1
2332 2
2333 1
2334 4
2335 1
2336 5
2337 3
2338 3
2339 1
2340 7
2341 1
2342 1
2343 1
2344 1
2345 1
2346 1
2347 4
2348 1
2349 3
2350 3
2351 1
2352 5
2353 1
2354 1
2355 1
2356 9
2357 1
2358 1
2359 1
2360 1
2361 1
2362 2
2363 1
2364 1
2365 1
2366 1
2367 1
2368 10
2369 1
2370 1
2371 1
2372 1
2373 1
2374 1
2375 1
2376 24
2377 3
2378 1
2379 2
2380 1
2381 1
2382 1
2383 1
2384 1
2385 1
2386 1
2387 2
2388 3
2389 6
2390 1
2391 1
2392 1
2393 9
2394 8
2395 10
2396 14
2397 1
2398 2
2399 2
2400 2
2401 1
2402 1
2403 1
2404 1
2405 4
2406 2
2407 2
2408 4
2409 1
2410 1
2411 1
2412 1
2413 6
2414 1
2415 1
2416 1
2417 1
2418 2
2419 2
2420 1
2421 1
2422 2
2423 2
2424 6
2425 2
2426 1
2427 17
2428 2
2429 1
2430 4
2431 1
2432 1
2433 1
2434 2
2435 1
2436 60
2437 1
2438 2
2439 1
2440 1
2441 1
2442 1
2443 1
2444 2
2445 2
2446 1
2447 1
2448 1
2449 1
2450 2
2451 2
2452 1
2453 1
2454 7
2455 5
2456 1
2457 1
2458 1
2459 2
2460 1
2461 1
2462 1
2463 1
2464 1
2465 1
2466 1
2467 6
2468 8
2469 1
2470 1
2471 1
2472 1
2473 1
2474 1
2475 1
2476 1
2477 3
2478 1
2479 1
2480 2
2481 1
2482 1
2483 2
2484 1
2485 1
2486 1
2487 2
2488 1
2489 1
2490 1
2491 1
2492 1
2493 1
2494 1
2495 1
2496 1
2497 1
2498 23
2499 1
2500 1
2501 1
2502 2
2503 1
2504 1
2505 1
2506 1
2507 1
2508 1
2509 1
2510 1
2511 1
2512 1
2513 1
2514 3
2515 1
2516 2
2517 4
2518 2
2519 3
2520 1
2521 1
2522 3
2523 1
2524 1
2525 2
2526 1
2527 1
2528 1
2529 1
2530 1
2531 1
2532 1
2533 1
2534 1
2535 1
2536 1
2537 1
2538 3
2539 5
2540 1
2541 15
2542 1
2543 1
2544 3
2545 1
2546 2
2547 3
2548 2
2549 1
2550 1
2551 2
2552 3
2553 1
2554 4
2555 1
2556 1
2557 1
2558 1
2559 4
2560 14
2561 1
2562 1
2563 1
2564 1
2565 1
2566 17
2567 5
2568 2
2569 1
2570 1
2571 2
2572 1
2573 1
2574 2
2575 1
2576 1
2577 2
2578 38
2579 1
2580 4
2581 1
2582 3
2583 3
2584 1
2585 1
2586 1
2587 2
2588 1
2589 3
2590 1
2591 1
2592 1
2593 1
2594 1
2595 2
2596 1
2597 2
2598 4
2599 1
2600 1
2601 1
2602 1
2603 2
2604 1
2605 20
2606 1
2607 1
2608 2
2609 1
2610 1
2611 8
2612 1
2613 1
2614 1
2615 1
2616 1
2617 1
2618 4
2619 1
2620 1
2621 2
2622 1
2623 4
2624 2
2625 1
2626 1
2627 1
2628 2
2629 2
2630 2
2631 20
2632 1
2633 3
2634 2
2635 1
2636 1
2637 2
2638 52
2639 2
2640 2
2641 2
2642 1
2643 1
2644 1
2645 4
2646 1
2647 1
2648 1
2649 1
2650 1
2651 1
2652 30
2653 34
2654 9
2655 1
2656 1
2657 1
2658 1
2659 1
2660 1
2661 1
2662 15
2663 1
2664 1
2665 1
2666 1
2667 2
2668 1
2669 1
2670 1
2671 2
2672 1
2673 1
2674 1
2675 2
2676 1
2677 1
2678 1
2679 1
2680 1
2681 16
2682 7
2683 2
2684 1
2685 1
2686 4
2687 1
2688 1
2689 1
2690 1
2691 2
2692 1
2693 1
2694 1
2695 3
2696 1
2697 1
2698 1
2699 3
2700 1
2701 1
2702 1
2703 1
2704 1
2705 1
2706 2
2707 1
2708 1
2709 5
2710 2
2711 2
2712 1
2713 1
2714 1
2715 5
2716 1
2717 1
2718 5
2719 1
2720 2
2721 1
2722 1
2723 13
2724 1
2725 1
2726 5
2727 249
2728 1
2729 7
2730 1
2731 1
2732 3
2733 3
2734 1
2735 1
2736 1
2737 1
2738 2
2739 1
2740 1
2741 1
2742 1
2743 1
2744 1
2745 1
2746 1
2747 1
2748 1
2749 1
2750 2
2751 1
2752 2
2753 1
2754 4
2755 1
2756 2
2757 1
2758 1
2759 3
2760 1
2761 1
2762 1
2763 1
2764 1
2765 1
2766 1
2767 3
2768 1
2769 1
2770 2
2771 4
2772 1
2773 1
2774 1
2775 2
2776 2
2777 1
2778 2
2779 1
2780 1
2781 1
2782 1
2783 1
2784 1
2785 1
2786 4
2787 1
2788 2
2789 3
2790 1
2791 1
2792 2
2793 1
2794 1
2795 4
2796 2
2797 1
2798 3
2799 1
2800 1
2801 1
2802 1
2803 4
2804 3
2805 5
2806 1
2807 1
2808 2
2809 2
2810 1
2811 8
2812 1
2813 1
2814 1
2815 1
2816 1
2817 10
2818 1
2819 1
2820 1
2821 1
2822 1
2823 2
2824 1
2825 5
2826 2
2827 2
2828 1
2829 1
2830 4
2831 1
2832 2
2833 3
2834 5
2835 1
2836 1
2837 1
2838 1
2839 1
2840 1
2841 1
2842 1
2843 1
2844 1
2845 1
2846 1
2847 1
2848 2
2849 2
2850 1
2851 1
2852 1
2853 1
2854 2
2855 7
2856 1
2857 1
2858 2
2859 1
2860 1
2861 1
2862 2
2863 1
2864 2
2865 1
2866 1
2867 1
2868 3
2869 1
2870 3
2871 1
2872 1
2873 1
2874 1
2875 1
2876 1
2877 1
2878 5
2879 2
2880 3
2881 1
2882 1
2883 1
2884 1
2885 1
2886 15
2887 1
2888 1
2889 1
2890 3
2891 1
2892 1
2893 4
2894 1
2895 1
2896 1
2897 1
2898 5
2899 1
2900 2
2901 1
2902 1
2903 1
2904 1
2905 1
2906 5
2907 5
2908 1
2909 1
2910 1
2911 18
2912 3
2913 1
2914 1
2915 1
2916 2
2917 1
2918 4
2919 1
2920 2
2921 1
2922 1
2923 1
2924 1
2925 1
2926 1
2927 1
2928 1
2929 1
2930 1
2931 1
2932 13
2933 1
2934 2
2935 4
2936 2
2937 1
2938 1
2939 1
2940 7
2941 1
2942 14
2943 16
2944 5
2945 1
2946 1
2947 1
2948 1
2949 1
2950 1
2951 2
2952 1
2953 1
2954 1
2955 10
2956 4
2957 1
2958 1
2959 4
2960 1
2961 1
2962 1
2963 1
2964 1
2965 1
2966 1
2967 3
2968 1
2969 1
2970 1
2971 4
2972 1
2973 1
2974 27
2975 1
2976 2
2977 1
2978 3
2979 1
2980 1
2981 1
2982 3
2983 1
2984 1
2985 1
2986 1
2987 1
2988 2
2989 1
2990 1
2991 1
2992 1
2993 2
2994 3
2995 1
2996 1
2997 8
2998 1
2999 2
3000 1
3001 1
3002 2
3003 5
3004 10
3005 1
3006 1
3007 1
3008 1
3009 1
3010 2
3011 2
3012 1
3013 1
3014 5
3015 9
3016 1
3017 1
3018 1
3019 1
3020 1
3021 1
3022 1
3023 1
3024 1
3025 2
3026 1
3027 2
