0 1373
1 1
2 35
3 1
4 1
5 1
6 1
7 3
8 1
9 1
10 1
11 1
12 4
13 1
14 1
15 2
16 3
17 7
18 1
19 1
20 1
21 1
22 1
23 1
24 1
25 1
26 1
27 1
28 1
29 1
30 8
31 1
32 1
33 1
34 1
35 5
36 1
37 1
38 4
39 2
40 1
41 1
42 1
43 1
44 2
45 1
46 15
47 1
48 3
49 1
50 1
51 6
52 1
53 1
54 2
55 1
56 1
57 1
58 1
59 1
60 1
61 1
62 2
63 1
64 2
65 4
66 5
67 1
68 1
69 1
70 3
71 1
72 10
73 1
74 1
75 1
76 4
77 2
78 1
79 1
80 1
81 2
82 2
83 1
84 38
85 1
86 1
87 5
88 1
89 2
90 1
91 3
92 1
93 1
94 3
95 1
96 2
97 2
98 1
99 1
100 1
101 1
102 2
103 1
104 1
105 1
106 1
107 4
108 3
109 2
110 1
111 2
112 1
113 1
114 8
115 1
116 2
117 1
118 6
119 1
120 1
121 1
122 1
123 1
124 5
125 2
126 3
127 1
128 1
129 3
130 1
131 1
132 2
133 2
134 1
135 1
136 1
137 1
138 1
139 1
140 2
141 1
142 1
143 1
144 2
145 1
146 1
147 6
148 2
149 2
150 1
151 1
152 1
153 1
154 2
155 1
156 1
157 1
158 1
159 1
160 1
161 1
162 7
163 1
164 9
165 1
166 5
167 1
168 1
169 1
170 1
171 1
172 1
173 1
174 1
175 2
176 1
177 1
178 3
179 2
180 2
181 1
182 4
183 1
184 1
185 1
186 1
187 1
188 1
189 2
190 2
191 3
192 1
193 3
194 1
195 1
196 2
197 1
198 1
199 2
200 1
201 1
202 1
203 1
204 3
205 5
206 3
207 1
208 1
209 2
210 1
211 5
212 1
213 1
214 41
215 2
216 1
217 1
218 2
219 2
220 1
221 2
222 2
223 4
224 1
225 2
226 1
227 5
228 2
229 1
230 1
231 1
232 1
233 2
234 1
235 1
236 1
237 1
238 1
239 1
240 1
241 1
242 1
243 1
244 2
245 4
246 1
247 1
248 1
249 1
250 1
251 1
252 1
253 1
254 1
255 1
256 1
257 1
258 3
259 4
260 1
261 2
262 2
263 4
264 1
265 9
266 2
267 1
268 20
269 1
270 2
271 1
272 1
273 1
274 1
275 2
276 2
277 1
278 1
279 2
280 6
281 1
282 2
283 2
284 1
285 1
286 6
287 1
288 1
289 1
290 3
291 1
292 5
293 3
294 1
295 3
296 1
297 1
298 1
299 1
300 3
301 1
302 2
303 1
304 9
305 2
306 1
307 1
308 2
309 2
310 1
311 3
312 2
313 5
314 1
315 1
316 1
317 1
318 12
319 1
320 2
321 1
322 1
323 2
324 1
325 1
326 1
327 1
328 2
329 1
330 1
331 1
332 3
333 6
334 1
335 1
336 1
337 2
338 2
339 3
340 1
341 3
342 1
343 2
344 17
345 5
346 1
347 1
348 1
349 3
350 1
351 1
352 2
353 1
354 1
355 2
356 1
357 1
358 1
359 3
360 2
361 1
362 5
363 1
364 2
365 1
366 1
367 1
368 1
369 1
370 1
371 1
372 1
373 1
374 1
375 2
376 4
377 1
378 2
379 4
380 4
381 1
382 1
383 1
384 7
385 1
386 1
387 1
388 1
389 1
390 1
391 1
392 19
393 1
394 2
395 2
396 2
397 1
398 1
399 1
400 1
401 1
402 1
403 1
404 1
405 1
406 14
407 1
408 1
409 2
410 1
411 2
412 1
413 1
414 2
415 1
416 1
417 1
418 2
419 1
420 1
421 1
422 1
423 1
424 1
425 1
426 1
427 1
428 1
429 1
430 1
431 1
432 1
433 1
434 1
435 1
436 1
437 2
438 2
439 1
440 1
441 2
442 1
443 3
444 1
445 1
446 1
447 1
448 6
449 1
450 1
451 1
452 1
453 1
454 2
455 1
456 2
457 1
458 1
459 1
460 1
461 1
462 1
463 1
464 2
465 2
466 1
467 1
468 1
469 4
470 1
471 2
472 1
473 1
474 1
475 1
476 1
477 2
478 6
479 1
480 2
481 1
482 1
483 1
484 2
485 1
486 2
487 1
488 1
489 1
490 2
491 1
492 1
493 1
494 4
495 11
496 1
497 1
498 1
499 18
500 80
501 7
502 2
503 1
504 1
505 1
506 1
507 1
508 1
509 1
510 2
511 1
512 8
513 1
514 2
515 2
516 1
517 1
518 8
519 1
520 1
521 1
522 1
523 1
524 1
525 9
526 4
527 6
528 1
529 1
530 2
531 8
532 1
533 5
534 1
535 1
536 2
537 5
538 1
539 13
540 1
541 1
542 1
543 2
544 1
545 1
546 1
547 1
548 1
549 1
550 1
551 1
552 1
553 1
554 2
555 1
556 1
557 20
558 5
559 1
560 1
561 1
562 6
563 1
564 1
565 1
566 2
567 2
568 3
569 1
570 1
571 1
572 1
573 1
574 2
575 1
576 287
577 1
578 4
579 1
580 7
581 1
582 1
583 1
584 1
585 1
586 2
587 1
588 1
589 1
590 1
591 1
592 1
593 2
594 1
595 19
596 1
597 1
598 3
599 1
600 3
601 1
602 1
603 4
604 1
605 5
606 1
607 1
608 1
609 2
610 1
611 1
612 2
613 1
614 2
615 1
616 1
617 1
618 6
619 1
620 3
621 1
622 1
623 1
624 1
625 3
626 2
627 1
628 1
629 1
630 1
631 2
632 1
633 1
634 3
635 2
636 3
637 4
638 1
639 101
640 1
641 1
642 1
643 1
644 10
645 2
646 2
647 2
648 1
649 1
650 1
651 1
652 1
653 2
654 1
655 3
656 1
657 50
658 1
659 1
660 1
661 1
662 3
663 2
664 1
665 1
666 1
667 1
668 3
669 2
670 25
671 2
672 1
673 1
674 3
675 1
676 1
677 1
678 4
679 1
680 2
681 1
682 6
683 1
684 4
685 1
686 2
687 1
688 1
689 5
690 2
691 2
692 1
693 1
694 1
695 1
696 1
697 1
698 2
699 1
700 1
701 1
702 5
703 1
704 4
705 1
706 1
707 1
708 1
709 1
710 1
711 1
712 12
713 1
714 15
715 2
716 1
717 1
718 1
719 2
720 1
721 2
722 1
723 2
724 1
725 1
726 1
727 2
728 2
729 2
730 1
731 1
732 2
733 2
734 1
735 1
736 2
737 1
738 1
739 1
740 2
741 3
742 2
743 1
744 1
745 1
746 1
747 1
748 1
749 2
750 1
751 1
752 1
753 1
754 6
755 1
756 1
757 1
758 1
759 1
760 1
761 1
762 1
763 1
764 1
765 1
766 2
767 1
768 1
769 1
770 1
771 1
772 1
773 1
774 1
775 1
776 1
777 1
778 1
779 1
780 1
781 1
782 1
783 5
784 1
785 11
786 3
787 1
788 2
789 15
790 1
791 1
792 4
793 4
794 2
795 2
796 4
797 1
798 1
799 1
800 1
801 1
802 1
803 2
804 1
805 5
806 2
807 3
808 2
809 1
810 1
811 2
812 1
813 1
814 1
815 2
816 1
817 1
818 7
819 3
820 1
821 1
822 4
823 1
824 1
825 33
826 7
827 6
828 1
829 1
830 1
831 1
832 1
833 5
834 1
835 3
836 1
837 1
838 1
839 6
840 1
841 1
842 4
843 2
844 1
845 1
846 1
847 1
848 14
849 1
850 1
851 2
852 3
853 1
854 12
855 1
856 1
857 4
858 2
859 1
860 1
861 1
862 12
863 2
864 1
865 1
866 2
867 11
868 6
869 3
870 1
871 1
872 1
873 1
874 2
875 1
876 1
877 1
878 2
879 2
880 1
881 2
882 1
883 1
884 1
885 1
886 1
887 1
888 6
889 1
890 1
891 1
892 1
893 1
894 1
895 1
896 1
897 1
898 1
899 1
900 1
901 31
902 4
903 1
904 2
905 1
906 1
907 1
908 2
909 1
910 1
911 13
912 1
913 1
914 1
915 1
916 1
917 1
918 1
919 1
920 3
921 3
922 2
923 1
924 1
925 2
926 1
927 1
928 1
929 1
930 1
931 1
932 1
933 2
934 1
935 1
936 1
937 1
938 1
939 1
940 1
941 1
942 1
943 2
944 1
945 1
946 3
947 1
948 1
949 3
950 1
951 1
952 1
953 1
954 1
955 3
956 1
957 1
958 1
959 3
960 40
961 1
962 1
963 1
964 1
965 1
966 2
967 7
968 2
969 1
970 1
971 7
972 3
973 1
974 3
975 2
976 6
977 2
978 1
979 3
980 1
981 1
982 5
983 7
984 2
985 1
986 1
987 1
988 1
989 2
990 4
991 1
992 1
993 1
994 1
995 1
996 3
997 1
998 1
999 14
1000 17
1001 2
1002 1
1003 1
1004 1
1005 1
1006 1
1007 5
1008 1
1009 5
1010 1
1011 3
1012 1
1013 1
1014 1
1015 2
1016 1
1017 1
1018 1
1019 1
1020 1
1021 1
1022 1
1023 1
1024 1
1025 1
1026 1
1027 1
1028 3
1029 1
1030 8
1031 3
1032 2
1033 3
1034 1
1035 7
1036 3
1037 3
1038 1
1039 2
1040 1
1041 2
1042 1
1043 1
1044 3
1045 1
1046 2
1047 1
1048 3
1049 1
1050 1
1051 1
1052 3
1053 1
1054 1
1055 4
1056 5
1057 4
1058 1
1059 1
1060 1
1061 27
1062 2
1063 1
1064 1
1065 1
1066 2
1067 1
1068 1
1069 1
1070 4
1071 1
1072 11
1073 1
1074 6
1075 2
1076 1
1077 1
1078 1
1079 3
1080 3
1081 1
1082 1
1083 1
1084 1
1085 1
1086 1
1087 10
1088 1
1089 1
1090 1
1091 1
1092 1
1093 3
1094 1
1095 1
1096 1
1097 1
1098 2
1099 2
1100 1
1101 2
1102 1
1103 1
1104 3
1105 1
1106 1
1107 1
1108 1
1109 64
1110 1
1111 2
1112 1
1113 2
1114 1
1115 1
1116 2
1117 1
1118 1
1119 2
1120 1
1121 1
1122 1
1123 1
1124 1
1125 1
1126 1
1127 1
1128 1
1129 1
1130 2
1131 1
1132 1
1133 1
1134 7
1135 1
1136 1
1137 1
1138 1
1139 1
1140 6
1141 1
1142 1
1143 1
1144 1
1145 1
1146 1
1147 1
1148 1
1149 1
1150 1
1151 1
1152 1
1153 1
1154 1
1155 1
1156 2
1157 1
1158 1
1159 2
1160 1
1161 1
1162 3
1163 2
1164 1
1165 1
1166 1
1167 2
1168 1
1169 1
1170 1
1171 1
1172 1
1173 1
1174 3
1175 1
1176 1
1177 1
1178 1
1179 1
1180 1
1181 1
1182 1
1183 5
1184 1
1185 1
1186 2
1187 2
1188 1
1189 1
1190 2
1191 1
1192 1
1193 1
1194 2
1195 1
1196 1
1197 1
1198 1
1199 1
1200 1
1201 1
1202 1
1203 1
1204 1
1205 8
1206 1
1207 2
1208 6
1209 2
1210 1
1211 1
1212 1
1213 2
1214 1
1215 1
1216 1
1217 1
1218 1
1219 1
1220 1
1221 1
1222 1
1223 1
1224 1
1225 5
1226 1
1227 1
1228 1
1229 1
1230 1
1231 1
1232 1
1233 3
1234 1
1235 1
1236 1
1237 1
1238 1
1239 1
1240 1
1241 1
1242 32
1243 4
1244 1
1245 1
1246 2
1247 1
1248 1
1249 1
1250 1
1251 1
1252 1
1253 1
1254 1
1255 1
1256 1
1257 3
1258 1
1259 3
1260 1
1261 2
1262 1
1263 1
1264 1
1265 1
1266 2
1267 1
1268 275
1269 1
1270 1
1271 2
1272 5
1273 1
1274 2
1275 2
1276 1
1277 2
1278 1
1279 1
1280 2
1281 1
1282 1
1283 1
1284 1
1285 1
1286 1
1287 1
1288 2
1289 1
1290 2
1291 1
1292 2
1293 1
1294 1
1295 1
1296 1
1297 1
1298 1
1299 2
1300 1
1301 1
1302 1
1303 1
1304 3
1305 7
1306 39
1307 1
1308 1
1309 1
1310 2
1311 1
1312 2
1313 1
1314 3
1315 2
1316 1
1317 2
1318 4
1319 1
1320 1
1321 1
1322 1
1323 1
1324 1
1325 1
1326 1
1327 1
1328 1
1329 1
1330 1
1331 3
1332 1
1333 1
1334 1
1335 2
1336 2
1337 12
1338 3
1339 1
1340 1
1341 4
1342 1
1343 1
1344 1
1345 1
1346 1
1347 1
1348 3
1349 8
1350 2
1351 1
1352 1
1353 2
1354 1
1355 1
1356 2
1357 13
1358 1
1359 1
1360 1
1361 2
1362 3
1363 1
1364 2
1365 1
1366 34
1367 1
1368 1
1369 1
1370 2
1371 1
1372 1
1373 2
1374 1
1375 1
1376 1
1377 2
1378 1
1379 1
1380 1
1381 1
1382 1
1383 1
1384 1
1385 1
1386 1
1387 1
1388 3
1389 13
1390 1
1391 1
1392 7
1393 1
1394 1
1395 6
1396 1
1397 1
1398 1
1399 13
1400 1
1401 1
1402 7
1403 1
1404 3
1405 1
1406 1
1407 1
1408 1
1409 2
1410 1
1411 1
1412 1
1413 2
1414 1
1415 1
1416 2
1417 2
1418 1
1419 1
1420 1
1421 1
1422 1
1423 1
1424 1
1425 2
1426 2
1427 1
1428 4
1429 1
1430 3
1431 1
1432 1
1433 2
1434 1
1435 1
1436 4
1437 1
1438 6
1439 3
1440 1
1441 1
1442 1
1443 7
1444 2
1445 1
1446 2
1447 2
1448 1
1449 7
1450 1
1451 5
1452 3
1453 6
1454 2
1455 1
1456 1
1457 1
1458 1
1459 1
1460 1
1461 1
1462 3
1463 1
1464 1
1465 2
1466 1
1467 1
1468 1
1469 3
1470 2
1471 1
1472 1
1473 1
1474 1
1475 1
1476 2
1477 2
1478 8
1479 1
1480 2
1481 1
1482 1
1483 1
1484 1
1485 1
1486 1
1487 1
1488 2
1489 1
1490 1
1491 1
1492 1
1493 10
1494 3
1495 1
1496 18
1497 1
1498 1
1499 1
1500 1
1501 2
1502 1
1503 1
1504 1
1505 1
1506 1
1507 1
1508 2
1509 1
1510 4
1511 1
1512 1
1513 3
1514 1
1515 1
1516 2
1517 1
1518 1
1519 1
1520 2
1521 1
1522 35
1523 8
1524 3
1525 1
1526 2
1527 1
1528 1
1529 9
1530 1
1531 1
1532 16
1533 1
1534 3
1535 3
1536 2
1537 1
1538 3
1539 1
1540 1
1541 1
1542 1
1543 4
1544 1
1545 1
1546 1
1547 1
1548 1
1549 1
1550 1
1551 1
1552 2
1553 2
1554 1
1555 1
1556 4
1557 1
1558 1
1559 1
1560 1
1561 1
1562 1
1563 4
1564 2
1565 1
1566 1
1567 1
1568 1
1569 19
1570 2
1571 1
1572 1
1573 1
1574 1
1575 1
1576 5
1577 1
1578 1
1579 1
1580 2
1581 2
1582 1
1583 1
1584 1
1585 1
1586 2
1587 1
1588 1
1589 1
1590 3
1591 1
1592 8
1593 1
1594 2
1595 1
1596 1
1597 1
1598 1
1599 1
1600 1
1601 1
1602 1
1603 2
1604 2
1605 1
1606 3
1607 1
1608 1
1609 1
1610 1
1611 5
1612 1
1613 1
1614 1
1615 1
1616 1
1617 1
1618 5
1619 2
1620 1
1621 1
1622 1
1623 1
1624 15
1625 1
1626 3
1627 33
1628 1
1629 3
1630 1
1631 2
1632 1
1633 2
1634 6
1635 9
1636 1
1637 1
1638 3
1639 2
1640 1
1641 1
1642 1
1643 1
1644 1
1645 1
1646 1
1647 10
1648 1
1649 1
1650 1
1651 7
1652 1
1653 1
1654 1
1655 7
1656 1
1657 1
1658 4
1659 2
1660 1
1661 3
1662 2
1663 1
1664 1
1665 1
1666 1
1667 9
1668 4
1669 1
1670 1
1671 1
1672 1
1673 3
1674 3
1675 2
1676 1
1677 3
1678 10
1679 2
1680 1
1681 1
1682 1
1683 1
1684 4
1685 1
1686 1
1687 1
1688 2
1689 4
1690 1
1691 1
1692 1
1693 4
1694 2
1695 2
1696 1
1697 2
1698 6
1699 1
1700 1
1701 8
1702 2
1703 1
1704 2
1705 1
1706 1
1707 1
1708 1
1709 3
1710 1
1711 3
1712 1
1713 1
1714 1
1715 1
1716 1
1717 3
1718 1
1719 1
1720 1
1721 3
1722 2
1723 1
1724 1
1725 3
1726 1
1727 1
1728 1
1729 1
1730 1
1731 2
1732 1
1733 1
1734 1
1735 1
1736 2
1737 1
1738 15
1739 3
1740 1
1741 1
1742 27
1743 3
1744 1
1745 3
1746 1
1747 8
1748 1
1749 10
1750 2
1751 1
1752 1
1753 1
1754 1
1755 5
1756 2
1757 1
1758 2
1759 1
1760 2
1761 2
1762 1
1763 7
1764 1
1765 1
1766 1
1767 1
1768 1
1769 2
1770 1
1771 8
1772 1
1773 1
1774 1
1775 4
1776 1
1777 1
1778 1
1779 1
1780 7
1781 1
1782 1
1783 1
1784 1
1785 1
1786 1
1787 1
1788 1
1789 1
1790 1
1791 1
1792 2
1793 1
1794 1
1795 1
1796 1
1797 1
1798 1
1799 1
1800 1
1801 1
1802 1
1803 1
1804 1
1805 1
1806 1
1807 1
1808 1
1809 3
1810 1
1811 1
1812 1
1813 2
1814 2
1815 1
1816 1
1817 1
1818 3
1819 1
1820 1
1821 2
1822 1
1823 1
1824 24
1825 1
1826 1
1827 1
1828 2
1829 1
1830 1
1831 1
1832 1
1833 1
1834 1
1835 1
1836 1
1837 3
1838 4
1839 3
1840 1
1841 1
1842 1
1843 1
1844 1
1845 1
1846 1
1847 1
1848 2
1849 1
1850 1
1851 2
1852 2
1853 1
1854 1
1855 1
1856 4
1857 1
1858 1
1859 1
1860 3
1861 1
1862 1
1863 32
1864 1
1865 1
1866 13
1867 3
1868 2
1869 2
1870 4
1871 1
1872 1
1873 5
1874 34
1875 3
1876 1
1877 9
1878 2
1879 1
1880 1
1881 2
1882 1
1883 1
1884 2
1885 1
1886 3
1887 1
1888 1
1889 1
1890 1
1891 2
1892 1
1893 1
1894 2
1895 1
1896 2
1897 11
1898 1
1899 1
1900 1
1901 11
1902 1
1903 10
1904 1
1905 1
1906 1
1907 1
1908 1
1909 1
1910 1
1911 1
1912 1
1913 2
1914 3
1915 1
1916 1
1917 2
1918 3
1919 2
1920 4
1921 1
1922 1
1923 2
1924 1
1925 1
1926 1
1927 1
1928 1
1929 1
1930 1
1931 2
1932 1
1933 1
1934 2
1935 1
1936 2
1937 9
1938 1
1939 1
1940 1
1941 1
1942 1
1943 1
1944 1
1945 1
1946 1
1947 1
1948 1
1949 1
1950 3
1951 1
1952 2
1953 1
1954 2
1955 2
1956 1
1957 5
1958 1
1959 1
1960 33
1961 6
1962 1
1963 1
1964 1
1965 2
1966 1
1967 2
1968 1
1969 1
1970 1
1971 15
1972 7
1973 1
1974 11
1975 1
1976 1
1977 1
1978 3
1979 1
1980 1
1981 1
1982 1
1983 1
1984 7
1985 1
1986 1
1987 4
1988 5
1989 2
1990 1
1991 1
1992 3
1993 1
1994 1
1995 1
1996 3
1997 1
1998 1
1999 1
2000 1
2001 1
2002 2
2003 4
2004 2
2005 2
2006 1
2007 1
2008 1
2009 1
2010 1
2011 1
2012 1
2013 3
2014 1
2015 2
2016 1
2017 2
2018 1
2019 1
2020 2
2021 4
2022 1
2023 1
2024 460
2025 2
2026 1
2027 1
2028 1
2029 2
2030 3
2031 3
2032 1
2033 1
2034 1
2035 1
2036 3
2037 1
2038 3
2039 1
2040 1
2041 1
2042 1
2043 1
2044 2
2045 2
2046 2
2047 1
2048 29
2049 4
2050 2
2051 5
2052 1
2053 1
2054 1
2055 1
2056 1
2057 1
2058 1
2059 1
2060 2
2061 1
2062 4
2063 1
2064 2
2065 1
2066 1
2067 1
2068 2
2069 3
2070 3
2071 2
2072 31
2073 2
2074 1
2075 1
2076 2
2077 2
2078 1
2079 1
2080 1
2081 6
2082 3
2083 1
2084 5
2085 1
2086 1
2087 1
2088 3
2089 1
2090 8
2091 2
2092 1
2093 1
2094 7
2095 6
2096 1
2097 1
2098 1
2099 5
2100 1
2101 1
2102 1
2103 2
2104 2
2105 2
2106 1
2107 1
2108 1
2109 1
2110 2
2111 1
2112 1
2113 1
2114 1
2115 1
2116 1
2117 1
2118 1
2119 1
2120 1
2121 3
2122 6
2123 2
2124 1
2125 2
2126 2
2127 6
2128 1
2129 14
2130 2
2131 1
2132 1
2133 11
2134 1
2135 1
2136 2
2137 1
2138 6
2139 1
2140 2
2141 1
2142 1
2143 1
2144 1
2145 1
2146 30
2147 1
2148 1
2149 3
2150 14
2151 11
2152 1
2153 1
2154 1
2155 2
2156 1
2157 5
2158 2
2159 1
2160 2
2161 4
2162 1
2163 1
2164 4
2165 2
2166 1
2167 1
2168 1
2169 4
2170 1
2171 1
2172 52
2173 2
2174 1
2175 2
2176 1
2177 1
2178 2
2179 1
2180 3
2181 1
2182 2
2183 1
2184 3
2185 5
2186 1
2187 8
2188 1
2189 1
2190 1
2191 1
2192 1
2193 5
2194 2
2195 1
2196 1
2197 1
2198 5
2199 1
2200 1
2201 1
2202 1
2203 1
2204 1
2205 1
2206 5
2207 3
2208 1
2209 1
2210 1
2211 1
2212 1
2213 1
2214 1
2215 1
2216 1
2217 2
2218 3
2219 1
2220 1
2221 1
2222 1
2223 1
2224 2
2225 1
2226 5
2227 2
2228 1
2229 1
2230 2
2231 3
2232 1
2233 2
2234 1
2235 1
2236 2
2237 1
2238 2
2239 1
2240 1
2241 1
2242 2
2243 1
2244 2
2245 2
2246 1
2247 1
2248 1
2249 9
2250 1
2251 1
2252 1
2253 1
2254 2
2255 6
2256 1
2257 1
2258 7
2259 1
2260 1
2261 1
2262 1
2263 1
2264 1
2265 26
2266 5
2267 1
2268 1
2269 1
2270 1
2271 1
2272 1
2273 1
2274 2
2275 15
2276 1
2277 1
2278 1
2279 1
2280 6
2281 1
2282 1
2283 1
2284 1
2285 1
2286 1
2287 2
2288 1
2289 1
2290 1
2291 1
2292 1
2293 10
2294 1
2295 1
2296 1
2297 1
2298 5
2299 1
2300 3
2301 1
2302 1
2303 2
2304 2
2305 222
2306 1
2307 1
2308 1
2309 9
2310 1
2311 1
2312 1
2313 2
2314 4
2315 1
2316 37
2317 1
2318 1
2319 1
2320 2
2321 1
2322 1
2323 1
2324 1
2325 1
2326 1
2327 1
2328 1
2329 2
2330 1
2331 1
2332 1
2333 2
2334 3
2335 1
2336 83
2337 1
2338 2
2339 3
2340 1
2341 1
2342 1
2343 1
2344 3
2345 1
2346 1
2347 1
2348 2
2349 1
2350 1
2351 1
2352 1
2353 2
2354 1
2355 1
2356 1
2357 1
2358 1
2359 1
2360 1
2361 2
2362 3
2363 1
2364 1
2365 1
2366 2
2367 1
2368 2
2369 1
2370 2
2371 1
2372 1
2373 1
2374 1
2375 1
2376 1
2377 1
2378 1
2379 2
2380 8
2381 1
2382 1
2383 1
2384 2
2385 2
2386 1
2387 1
2388 1
2389 3
2390 2
2391 1
2392 2
2393 1
2394 22
2395 1
2396 1
2397 1
2398 1
2399 2
2400 1
2401 1
2402 1
2403 25
2404 1
2405 1
2406 1
2407 5
2408 1
2409 1
2410 1
2411 1
2412 1
2413 2
2414 3
2415 1
2416 2
2417 2
2418 6
2419 1
2420 26
2421 1
2422 1
2423 1
2424 2
2425 1
2426 1
2427 2
2428 2
2429 1
2430 3
2431 1
2432 1
2433 1
2434 1
2435 1
2436 1
2437 1
2438 1
2439 1
2440 1
2441 1
2442 2
2443 3
2444 1
2445 3
2446 1
2447 16
2448 1
2449 1
2450 1
2451 1
2452 1
2453 1
2454 1
2455 1
2456 1
2457 1
2458 5
2459 1
2460 1
2461 2
2462 1
2463 24
2464 2
2465 1
2466 1
2467 2
2468 1
2469 1
2470 1
2471 8
2472 1
2473 1
2474 1
2475 55
2476 3
2477 1
2478 2
2479 1
2480 1
2481 1
2482 13
2483 1
2484 4
2485 1
2486 1
2487 1
2488 1
2489 2
2490 2
2491 1
2492 2
2493 1
2494 1
2495 3
2496 13
2497 2
2498 1
2499 1
2500 1
2501 1
2502 1
2503 1
2504 1
2505 1
2506 1
2507 2
2508 1
2509 1
2510 2
2511 26
2512 4
2513 5
2514 1
2515 1
2516 1
2517 1
2518 1
2519 1
2520 3
2521 3
2522 6
2523 1
2524 1
2525 2
2526 2
2527 1
2528 1
2529 1
2530 1
2531 1
2532 1
2533 2
2534 1
2535 1
2536 1
2537 1
2538 1
2539 1
2540 2
2541 1
2542 1
2543 1
2544 32
2545 2
2546 1
2547 1
2548 3
2549 1
2550 1
2551 1
2552 1
2553 1
2554 1
2555 1
2556 3
2557 1
2558 2
2559 1
2560 3
2561 1
2562 1
2563 1
2564 1
2565 7
2566 1
2567 2
2568 1
2569 11
2570 1
2571 1
2572 4
2573 1
2574 1
2575 1
2576 1
2577 1
2578 1
2579 1
2580 1
2581 1
2582 1
2583 1
2584 1
2585 1
2586 1
2587 1
2588 1
2589 1
2590 3
2591 1
2592 1
2593 2
2594 1
2595 1
2596 2
2597 1
2598 2
2599 1
2600 1
2601 1
2602 10
2603 2
2604 1
2605 3
2606 1
2607 1
2608 1
2609 1
2610 6
2611 1
2612 3
2613 1
2614 10
2615 1
2616 1
2617 1
2618 1
2619 1
2620 1
2621 1
2622 1
2623 1
2624 1
2625 1
2626 1
2627 1
2628 7
2629 2
2630 1
2631 26
2632 7
2633 1
2634 1
2635 1
2636 1
2637 2
2638 1
2639 2
2640 2
2641 1
2642 1
2643 1
2644 1
2645 1
2646 1
2647 3
2648 1
2649 1
2650 1
2651 1
2652 1
2653 1
2654 1
2655 1
2656 3
2657 1
2658 3
2659 1
2660 2
2661 1
2662 1
2663 1
2664 7
2665 1
2666 15
2667 1
2668 1
2669 1
2670 9
2671 1
2672 1
2673 1
2674 1
2675 1
2676 3
2677 1
2678 1
2679 1
2680 1
2681 1
2682 3
2683 1
2684 15
2685 1
2686 1
2687 1
2688 1
2689 1
2690 1
2691 1
2692 1
2693 1
2694 1
2695 2
2696 6
2697 1
2698 1
2699 1
2700 1
2701 1
2702 2
2703 34
2704 28
2705 19
2706 1
2707 1
2708 2
2709 2
2710 1
2711 9
2712 1
2713 5
2714 1
2715 2
2716 1
2717 1
2718 2
2719 1
2720 1
2721 1
2722 1
2723 17
2724 2
2725 1
2726 2
2727 5
2728 1
2729 1
2730 1
2731 1
2732 1
2733 1
2734 1
2735 2
2736 1
2737 2
2738 1
2739 1
2740 2
2741 1
2742 2
2743 1
2744 1
2745 5
2746 1
2747 2
2748 4
2749 4
2750 1
2751 7
2752 1
2753 2
2754 1
2755 1
2756 1
2757 3
2758 3
2759 1
2760 1
2761 5
2762 1
2763 1
2764 1
2765 3
2766 13
2767 1
2768 1
2769 4
2770 296
2771 1
2772 1
2773 1
2774 1
2775 1
2776 1
2777 3
2778 2
2779 1
2780 1
2781 1
2782 1
2783 1
2784 1
2785 2
2786 1
2787 1
2788 1
2789 1
2790 1
2791 1
2792 1
2793 1
2794 1
2795 1
2796 4
2797 1
2798 7
2799 1
2800 3
2801 1
2802 1
2803 1
2804 3
2805 1
2806 1
2807 1
2808 1
2809 1
2810 1
2811 1
2812 1
2813 1
2814 1
2815 1
2816 1
2817 1
2818 2
2819 3
2820 4
2821 4
2822 1
2823 1
2824 1
2825 1
2826 2
2827 1
2828 2
2829 1
2830 1
2831 6
2832 1
2833 1
2834 1
2835 1
2836 1
2837 2
2838 4
2839 1
2840 1
2841 1
2842 1
2843 1
2844 1
2845 1
2846 3
2847 6
2848 1
2849 3
2850 1
2851 1
2852 1
2853 2
2854 1
2855 1
2856 1
2857 1
2858 2
2859 2
2860 1
2861 1
2862 1
2863 1
2864 1
2865 1
2866 3
2867 1
2868 1
2869 2
2870 1
2871 1
2872 1
2873 1
2874 3
2875 1
2876 1
2877 1
2878 1
2879 1
2880 1
2881 1
2882 1
2883 1
2884 1
2885 1
2886 1
2887 1
2888 1
2889 1
2890 1
2891 1
2892 1
2893 1
2894 2
2895 2
2896 1
2897 1
2898 4
2899 1
2900 1
2901 1
2902 3
2903 1
2904 1
2905 2
2906 5
2907 1
2908 1
2909 3
2910 1
2911 4
2912 1
2913 1
2914 2
2915 2
2916 1
2917 1
2918 2
2919 1
2920 1
2921 1
2922 3
2923 3
2924 1
2925 1
2926 1
2927 1
2928 1
2929 2
2930 14
2931 1
2932 1
2933 1
2934 1
2935 1
2936 5
2937 3
2938 1
2939 1
2940 1
2941 1
2942 1
2943 2
2944 1
2945 1
2946 1
2947 1
2948 5
2949 1
2950 1
2951 1
2952 1
2953 1
2954 4
2955 2
2956 1
2957 2
2958 11
2959 1
2960 1
2961 1
2962 2
2963 1
2964 2
2965 1
2966 2
2967 1
2968 2
2969 2
2970 1
2971 1
2972 2
2973 1
2974 3
2975 1
2976 1
2977 1
2978 5
2979 1
2980 2
2981 20
2982 1
2983 1
2984 13
2985 4
2986 1
2987 6
2988 1
2989 1
2990 3
2991 1
2992 1
2993 2
2994 1
2995 3
2996 2
2997 1
2998 2
2999 1
3000 1
3001 1
3002 1
3003 2
3004 1
3005 1
3006 1
3007 4
3008 2
3009 1
3010 1
3011 2
3012 1
3013 2
3014 21
3015 2
3016 1
3017 1
3018 1
3019 2
3020 1
3021 1
3022 1
3023 1
3024 4
3025 1
3026 1
3027 1
3028 2
3029 1
3030 2
3031 1
3032 1
3033 3
3034 1
3035 1
3036 1
3037 1
3038 2
3039 6
3040 1
3041 1
3042 4
3043 4
3044 1
3045 1
3046 2
3047 1
3048 1
3049 9
3050 8
3051 1
3052 1
3053 1
3054 1
3055 1
3056 1
3057 1
3058 2
3059 5
